3.884844912239505,-0.8978785254834953,-0.7500349019636685,0.797475517325517,-0.2584409018223436,-0.10671011600494071,0.15292617880376558,-0.053442800929635784,-0.018459647247521478,0.00447004170199621
-0.8978785254834953,3.883869040822844,-0.8972117847192912,-0.7484676516067416,0.7925937900431971,-0.25377806788100027,-0.10137109714303984,0.12937690267675006,-0.02452266895470833,-0.004812529020184312
-0.7500349019636685,-0.8972117847192912,3.882807416118016,-0.8971406931013912,-0.7455300924023475,0.7868537255539295,-0.2514627030194795,-0.08912608600057019,0.09960839480925868,-0.003865902132175828
0.797475517325517,-0.7484676516067416,-0.8971406931013912,3.8781391048044003,-0.8885512446357609,-0.748206298440537,0.767044694017409,-0.20639954116802509,-0.11671383705907272,0.021207012288028078
-0.2584409018223436,0.7925937900431971,-0.7455300924023475,-0.8885512446357609,3.853457567596872,-0.8669020792017714,-0.717584766964365,0.6467180746338327,-0.06829767528123407,-0.028769317083568127
-0.10671011600494071,-0.25377806788100027,0.7868537255539295,-0.748206298440537,-0.8669020792017714,3.820413198013376,-0.8672816981914417,-0.6212654765606518,0.4663501765987197,-0.007154608605140748
0.15292617880376558,-0.10137109714303984,-0.2514627030194795,0.767044694017409,-0.717584766964365,-0.8672816981914417,3.732534080924493,-0.7006185154072513,-0.6810079033249036,0.0967148211230233
-0.053442800929635784,0.12937690267675006,-0.08912608600057019,-0.20639954116802509,0.6467180746338327,-0.6212654765606518,-0.7006185154072513,3.1398681777295807,-0.06622233479517589,-0.16151165702348358
-0.018459647247521478,-0.02452266895470833,0.09960839480925868,-0.11671383705907272,-0.06829767528123407,0.4663501765987197,-0.6810079033249036,-0.06622233479517589,2.1175083591659662,0.024473426604984812
0.00447004170199621,-0.004812529020184312,-0.003865902132175828,0.021207012288028078,-0.028769317083568127,-0.007154608605140748,0.0967148211230233,-0.16151165702348358,0.024473426604984812,0.44362855817772007
