5.276517837073072,-0.42945391213428186,-3.5432890313092127,1.0299093484285438,2.276359927642652,-1.146184113635171,-1.236082795852963,0.9022369687299976,0.4672546352130066,-0.3989145544851743
-0.42945391213428186,5.153844784734281,-0.36916391887726663,-3.400968700795781,0.9130966816247572,2.124019504456662,-0.9534936302959761,-1.0914563536752138,0.613454482486409,0.3588016209558838
-3.5432890313092127,-0.36916391887726663,5.002214154945713,-0.4058578498235559,-3.194740215658526,0.9043735367703042,1.859513989317099,-0.8701117510299292,-0.7718825916796899,0.4184464218804905
1.0299093484285438,-3.400968700795781,-0.4058578498235559,4.828036715718651,-0.31089825201420035,-2.9952168435344753,0.7271033081682274,1.6496245365968885,-0.5834968588422863,-0.5783810348965173
2.276359927642652,0.9130966816247572,-3.194740215658526,-0.31089825201420035,4.535271621961185,-0.35399123716338227,-2.604600219969351,0.676404772533718,1.1579405665019868,-0.3838747131038415
-1.146184113635171,2.124019504456662,0.9043735367703042,-2.9952168435344753,-0.35399123716338227,4.2888110652879705,-0.23104918229968432,-2.319161132527647,0.4395050365972316,0.8531189307852467
-1.236082795852963,-0.9534936302959761,1.859513989317099,0.7271033081682274,-2.604600219969351,-0.23104918229968432,3.7497999335808974,-0.24323827511469986,-1.6182972799462056,0.2642529377278978
0.9022369687299976,-1.0914563536752138,-0.8701117510299292,1.6496245365968885,0.676404772533718,-2.319161132527647,-0.24323827511469986,3.3837315761588735,-0.12768928313778793,-1.176057075711809
0.4672546352130066,0.613454482486409,-0.7718825916796899,-0.5834968588422863,1.1579405665019868,0.4395050365972316,-1.6182972799462056,-0.12768928313778793,2.4452403374224767,-0.021429346016086443
-0.3989145544851743,0.3588016209558838,0.4184464218804905,-0.5783810348965173,-0.3838747131038415,0.8531189307852467,0.2642529377278978,-1.176057075711809,-0.021429346016086443,1.8439692773253986
