3.260133693875513,1.38297446077725,1.2286558992748182,1.0553770093631079,0.8851956561441346,0.7173550972647562,0.5514148693258307,0.38693593373147117,0.22343873608861456,0.06371746729142366
1.38297446077725,3.1543547680006094,1.271609337894656,1.1114095716904362,0.9319388899916431,0.7552387558786375,0.5805351500291074,0.40737006404972387,0.2352385609459947,0.06708239392664084
1.2286558992748182,1.271609337894656,3.0371084404162056,1.1481712185247426,0.9814526713107081,0.7951189511635275,0.6111933317957009,0.4288833223376064,0.24766153589544654,0.07062502271690585
1.0553770093631079,1.1114095716904362,1.1481712185247426,2.907151540038135,1.0113512795763886,0.8374072560793334,0.6434664719859657,0.45153275397697856,0.26074056879585267,0.07435473814303543
0.8851956561441346,0.9319388899916431,0.9814526713107081,1.0113512795763886,2.7631061246783353,0.8596988097159067,0.6777459923674619,0.4753742010402529,0.27451036265087586,0.07828141953806805
0.7173550972647562,0.7552387558786375,0.7951189511635275,0.8374072560793334,0.8596988097159067,2.603444870917927,0.6916058168048154,0.500776749786771,0.2890032374591298,0.08241552266941796
0.5514148693258307,0.5805351500291074,0.6111933317957009,0.6434664719859657,0.6777459923674619,0.6916058168048154,2.4264748572144916,0.5052907971475407,0.30456349990021503,0.08676402905584582
0.38693593373147117,0.40737006404972387,0.4288833223376064,0.45153275397697856,0.4753742010402529,0.500776749786771,0.5052907971475407,2.230321360376206,0.29871658500482545,0.09163063927257512
0.22343873608861456,0.2352385609459947,0.24766153589544654,0.26074056879585267,0.27451036265087586,0.2890032374591298,0.30456349990021503,0.29871658500482545,2.012758333148187,0.0755232692930563
0.06371746729142366,0.06708239392664084,0.07062502271690585,0.07435473814303543,0.07828141953806805,0.08241552266941796,0.08676402905584582,0.09163063927257512,0.0755232692930563,1.705313580011709
