1.7589999027665655,0.1865533465455071,0.5714316813438824,0.2279911978904387,0.27829920046716106,0.15830317799451843,0.14120604595685726,0.087855797422423,0.06080996702613138,0.030789816999727285
0.1865533465455071,1.7562452444197694,0.18298366310727032,0.5668983568362037,0.2220490748337559,0.27088800274511604,0.14831335679014068,0.1292910451529027,0.0706636365366348,0.04247984604712806
0.5714316813438824,0.18298366310727032,1.751595981375438,0.17712614029889745,0.559124995985184,0.2125427475467438,0.25768172706171516,0.13331631113355852,0.10601308248715888,0.04878784692515952
0.2279911978904387,0.5668983568362037,0.17712614029889745,1.744123050926547,0.16740058921146722,0.5468571900946174,0.19629282880572785,0.23774983242900596,0.10575234078366215,0.0744771627727932
0.27829920046716106,0.2220490748337559,0.559124995985184,0.16740058921146722,1.7310767426576594,0.15171874297177185,0.5244934478175723,0.17197541629103907,0.1975432791726195,0.07207755288260516
0.15830317799451843,0.27088800274511604,0.2125427475467438,0.5468571900946174,0.15171874297177185,1.710730326019953,0.12592928971086348,0.490588517703899,0.12988785465551284,0.14039702035003504
0.14120604595685726,0.14831335679014068,0.25768172706171516,0.19629282880572785,0.5244934478175723,0.12592928971086348,1.671597919602468,0.08765621294037357,0.41711292413648904,0.08432627921351962
0.087855797422423,0.1292910451529027,0.13331631113355852,0.23774983242900596,0.17197541629103907,0.490588517703899,0.08765621294037357,1.6116682345259987,0.03221019997655307,0.302276621153746
0.06080996702613138,0.0706636365366348,0.10601308248715888,0.10575234078366215,0.1975432791726195,0.12988785465551284,0.41711292413648904,0.03221019997655307,1.461730550651077,-0.0020571178542906
0.030789816999727285,0.04247984604712806,0.04878784692515952,0.0744771627727932,0.07207755288260516,0.14039702035003504,0.08432627921351962,0.302276621153746,-0.0020571178542906,1.1891611876159836
