4.665587398695345,2.9276376495012935,0.2535998796716463,-1.8507592925645295,-2.4778292311331116,-1.7141637846940663,-0.3673023378225888,0.650155035461357,0.8752141883311366,0.4782434811083279
2.9276376495012935,4.49050566428245,2.774577728017055,0.22034999188080626,-1.7146358929085035,-2.2127772831276853,-1.4483896721888438,-0.2610136029514189,0.49355039713019,0.48549528931955765
0.2535998796716463,2.774577728017055,4.30976281712969,2.6684081762583602,0.2711838272935082,-1.4988197129945395,-1.9215963748612976,-1.2390061370060714,-0.279922168526885,0.20155318704322284
-1.8507592925645295,0.22034999188080626,2.6684081762583602,4.176789838662505,2.5822770929418595,0.2954045435522676,-1.3516941219017822,-1.710090950168177,-1.0749061856939939,-0.2739278261319317
-2.4778292311331116,-1.7146358929085035,0.2711838272935082,2.5822770929418595,3.9719491476864044,2.353113777403102,0.17422220783996717,-1.2651804797356063,-1.416952993543495,-0.7011699477268489
-1.7141637846940663,-2.2127772831276853,-1.4988197129945395,0.2954045435522676,2.353113777403102,3.5653087966977957,1.9706934085798553,0.05276222350867221,-0.9881328725105875,-0.8104707888487324
-0.3673023378225888,-1.4483896721888438,-1.9215963748612976,-1.3516941219017822,0.17422220783996717,1.9706934085798553,3.0881089281618257,1.6633519924049212,0.1425694160675369,-0.4575916415099206
0.650155035461357,-0.2610136029514189,-1.2390061370060714,-1.710090950168177,-1.2651804797356063,0.05276222350867221,1.6633519924049212,2.734590453051275,1.4656233119317224,0.2583094423061329
0.8752141883311366,0.49355039713019,-0.279922168526885,-1.0749061856939939,-1.416952993543495,-0.9881328725105875,0.1425694160675369,1.4656233119317224,2.2978547622250542,0.9945899755030826
0.4782434811083279,0.48549528931955765,0.20155318704322284,-0.2739278261319317,-0.7011699477268489,-0.8104707888487324,-0.4575916415099206,0.2583094423061329,0.9945899755030826,1.3798322115549708
