3.505650185801907,-1.8671646481775421,1.9485391819589155,-1.2466189982777935,1.1108803236668938,-0.7571729277835855,0.6005157879561609,-0.39012911593213895,0.2484063225827894,-0.09572623060362292
-1.8671646481775421,3.4871935715725044,-1.8439372955123645,1.9190729084978844,-1.2096591746021015,1.0637725757896583,-0.6984770946381358,0.524999511288533,-0.29728311241973404,0.12669717487381837
1.9485391819589155,-1.8439372955123645,3.4577910287424003,-1.806944115961345,1.8721263434832933,-1.1508037563203897,0.9887033223741348,-0.6050372292664714,0.4046093070907596,-0.149569154273458
-1.2466189982777935,1.9190729084978844,-1.806944115961345,3.410700738944626,-1.7481639215693012,1.7966935918307454,-1.0577237860066417,0.8673049950956371,-0.45866254339353457,0.2074436379122927
1.1108803236668938,-1.2096591746021015,1.8721263434832933,-1.7481639215693012,3.335592114215044,-1.6549143069718641,1.676115022721027,-0.910537467824164,0.6724128366151148,-0.22873349805595664
-0.7571729277835855,1.0637725757896583,-1.1508037563203897,1.7966935918307454,-1.6549143069718641,3.214282576793079,-1.5081105691520285,1.4793741525086903,-0.6824388088489468,0.34810868046816623
0.6005157879561609,-0.6984770946381358,0.9887033223741348,-1.0577237860066417,1.676115022721027,-1.5081105691520285,3.019190180174422,-1.2791491181587311,1.1592391955201182,-0.3336418039420193
-0.39012911593213895,0.524999511288533,-0.6050372292664714,0.8673049950956371,-0.910537467824164,1.4793741525086903,-1.2791491181587311,2.6953375993935076,-0.9322978745588426,0.6104275078158474
0.2484063225827894,-0.29728311241973404,0.4046093070907596,-0.45866254339353457,0.6724128366151148,-0.6824388088489468,1.1592391955201182,-0.9322978745588426,2.154909865617512,-0.43293549246464996
-0.09572623060362292,0.12669717487381837,-0.149569154273458,0.2074436379122927,-0.22873349805595664,0.34810868046816623,-0.3336418039420193,0.6104275078158474,-0.43293549246464996,1.1785948573001799
