17.26271936924364,-12.413892510086805,12.680011800242069,-9.724324076824217,9.286074639583983,-6.935213409412128,6.133487476432678,-4.0943025648890305,3.138300014464899,-1.2096690124071618
-12.413892510086805,16.253200869628103,-11.451997537109332,11.538541729673996,-8.698772357068227,7.978279208426738,-5.866842056461922,4.605713301621401,-3.0269548822466628,1.303677348394375
12.680011800242069,-11.451997537109332,15.322831416570214,-10.368197698927666,10.541011790375967,-7.463615186755412,6.928916700320109,-4.43505273775504,3.538371957652682,-1.326096558322586
-9.724324076824217,11.538541729673996,-10.368197698927666,14.031108147304998,-9.214216074788446,9.059258134860382,-6.26426135582647,5.194852904361408,-3.2420863364461807,1.45092209850639
9.286074639583983,-8.698772357068227,10.541011790375967,-9.214216074788446,12.959347207196815,-7.90173465322343,7.927781830141178,-4.747368994667497,4.036558538118179,-1.447723288237023
-6.935213409412128,7.978279208426738,-7.463615186755412,9.059258134860382,-7.90173465322343,11.256498238434267,-6.542498783044566,5.9297115184971085,-3.4044345491554524,1.6225648706366387
6.133487476432678,-5.866842056461922,6.928916700320109,-6.26426135582647,7.927781830141178,-6.542498783044566,10.05470237008509,-4.97985163077011,4.686043569233287,-1.5698636423141457
-4.0943025648890305,4.605713301621401,-4.43505273775504,5.194852904361408,-4.747368994667497,5.9297115184971085,-4.97985163077011,7.701333119121449,-3.4514760046480477,1.8280674096657574
3.138300014464899,-3.0269548822466628,3.538371957652682,-3.2420863364461807,4.036558538118179,-3.4044345491554524,4.686043569233287,-3.4514760046480477,6.38985514163638,-1.683377006423648
-1.2096690124071618,1.303677348394375,-1.326096558322586,1.45092209850639,-1.447723288237023,1.6225648706366387,-1.5698636423141457,1.8280674096657574,-1.683377006423648,2.89479628195541
