0.3967124677194006,0.0029730551090480315,0.0069797675660552005,0.0015507817477082115,0.004261191232023763,0.0007683935525830213,0.002429208145652671,0.00033725310037575006,0.0010960471046434037,7.824261999445594e-05
0.0029730551090480315,0.39664512896254384,0.002981280205179986,0.006877122877867297,0.0015544214471500729,0.004103950655818928,0.0007602152148559375,0.0021871285066369373,0.00030350708112599563,0.000721501563932055
0.0069797675660552005,0.002981280205179986,0.3965146805009253,0.002982485887594771,0.006676990534993991,0.0015387520420681576,0.0037953765302301593,0.0007091493297522119,0.0017089979548020118,0.00018326430895178924
0.0015507817477082115,0.006877122877867297,0.002982485887594771,0.3963572268443304,0.0029705526893753545,0.006434255107815614,0.0014991849168117205,0.0034193147619283213,0.000615492485671899,0.0011235456015643596
0.004261191232023763,0.0015544214471500729,0.006676990534993991,0.0029705526893753545,0.39604897979632847,0.0029252505008206344,0.005957131188311669,0.0013878775201782612,0.0026771872148686772,0.00037966821658303406
0.0007683935525830213,0.004103950655818928,0.0015387520420681576,0.006434255107815614,0.0029252505008206344,0.395672415965177,0.0028227464044983676,0.00537013365828142,0.001179146782006545,0.001757875393222794
0.002429208145652671,0.0007602152148559375,0.0037953765302301593,0.0014991849168117205,0.005957131188311669,0.0028227464044983676,0.3949310590826786,0.002600502633891203,0.004212697851570011,0.0007366784006895322
0.00033725310037575006,0.0021871285066369373,0.0007091493297522119,0.0034193147619283213,0.0013878775201782612,0.00537013365828142,0.002600502633891203,0.3940105642938676,0.0021787767058754045,0.0027628228372056146
0.0010960471046434037,0.00030350708112599563,0.0017089979548020118,0.000615492485671899,0.0026771872148686772,0.001179146782006545,0.004212697851570011,0.0021787767058754045,0.39219698571981604,0.0013726634722757728
7.824261999445594e-05,0.000721501563932055,0.00018326430895178924,0.0011235456015643596,0.00037966821658303406,0.001757875393222794,0.0007366784006895322,0.0027628228372056146,0.0013726634722757728,0.3899008637787936
