1.0656739702615505,-0.1342119626322679,0.14661739668046353,-0.04890629328633902,0.045972526134627274,-0.017291777233190544,0.014447787473373185,-0.005907012157151795,0.0042565338849443425,-0.001747260038842862
-0.1342119626322679,1.065670827908887,-0.13420086642966478,0.14660916013144465,-0.048870115242904646,0.04595256288274142,-0.017172242824042186,0.014406701862829009,-0.005506361804732468,0.004207423326103575
0.14661739668046353,-0.13420086642966478,1.065639534174866,-0.13416997345536585,0.14650888681537932,-0.048787119814540335,0.04562759490939225,-0.016962011281216098,0.013340073930524318,-0.00502964153521742
-0.04890629328633902,0.14660916013144465,-0.13416997345536585,1.0656183595020818,-0.1340688473749629,0.14645942589624628,-0.04845153976075584,0.04553483736704925,-0.015832051273514145,0.013280869869304015
0.045972526134627274,-0.048870115242904646,0.14650888681537932,-0.1340688473749629,1.0652975473590947,-0.13379546528584468,0.1454215298124471,-0.047751593093939164,0.04213472995743865,-0.014210212832118839
-0.017291777233190544,0.04595256288274142,-0.048787119814540335,0.14645942589624628,-0.13379546528584468,1.065190533065838,-0.1328821458842592,0.1452637599360353,-0.044654575793812344,0.04230337879161792
0.014447787473373185,-0.017172242824042186,0.04562759490939225,-0.04845153976075584,0.1454215298124471,-0.1328821458842592,1.0618393340400902,-0.13051711272842115,0.13430943344112442,-0.03905213381867105
-0.005907012157151795,0.014406701862829009,-0.016962011281216098,0.04553483736704925,-0.047751593093939164,0.1452637599360353,-0.13051711272842115,1.0618402006056065,-0.12240356834804178,0.13617215810316619
0.0042565338849443425,-0.005506361804732468,0.013340073930524318,-0.015832051273514145,0.04213472995743865,-0.044654575793812344,0.13430943344112442,-0.12240356834804178,1.026120674533767,-0.1027571896650048
-0.001747260038842862,0.004207423326103575,-0.00502964153521742,0.013280869869304015,-0.014210212832118839,0.04230337879161792,-0.03905213381867105,0.13617215810316619,-0.1027571896650048,1.0370140885889982
