0.49045666576041974,-0.056036321786349555,0.0056284122482919636,-0.001508103372358775,-0.000318373392822541,-0.00027895816571542223,-0.0001723651054510814,-0.00012348695017617897,-9.796459987628298e-05,-0.0001266322617118417
-0.056036321786349555,0.49045527635982117,-0.0560385708434748,0.005624771428555462,-0.0015139954667297748,-0.0003279228680634413,-0.0002943217715186099,-0.0001979982322593654,-0.00015881405217939504,-0.0002049554260567825
0.0056284122482919636,-0.0560385708434748,0.49045163575540895,-0.05604446432847736,0.005615233749738829,-0.001529453439557642,-0.00035279230893936735,-0.00033581481237549395,-0.0002551825670840639,-0.00033200694357656555
-0.001508103372358775,0.005624771428555462,-0.05604446432847736,0.4904420952613015,-0.0560599041192769,0.005590210074682063,-0.0015697126640969498,-0.0004199615740725898,-0.00042839017877727484,-0.0005355168920228692
-0.000318373392822541,-0.0015139954667297748,0.005615233749738829,-0.0560599041192769,0.4904171083952017,-0.05610040106756886,0.005525057368295869,-0.0016784197535311051,-0.0005697463772227055,-0.0008823408071349148
-0.00027895816571542223,-0.0003279228680634413,-0.001529453439557642,0.005590210074682063,-0.05610040106756886,0.4903514744243932,-0.05620600000088494,0.005348906754674493,-0.0019214536641519956,-0.0013032659426228336
-0.0001723651054510814,-0.0002943217715186099,-0.00035279230893936735,-0.0015697126640969498,0.005525057368295869,-0.05620600000088494,0.4901816161771921,-0.056489671981309234,0.0049601110723901,-0.0031194029384863514
-0.00012348695017617897,-0.0001979982322593654,-0.00033581481237549395,-0.0004199615740725898,-0.0016784197535311051,0.005348906754674493,-0.056489671981309234,0.4897105499730601,-0.05715629250167917,0.00310632659445845
-9.796459987628298e-05,-0.00015881405217939504,-0.0002551825670840639,-0.00042839017877727484,-0.0005697463772227055,-0.0019214536641519956,0.0049601110723901,-0.05715629250167917,0.4889324242080716,-0.060846746518567855
-0.0001266322617118417,-0.0002049554260567825,-0.00033200694357656555,-0.0005355168920228692,-0.0008823408071349148,-0.0013032659426228336,-0.0031194029384863514,0.00310632659445845,-0.060846746518567855,0.4885289371448585
