1.662774066431545,1.1427747759090423,0.9257509986234358,0.7345109362330088,0.5794092251576544,0.4499026060620622,0.34079798176640436,0.24709926361363968,0.16432292864972795,0.09021534673351506
1.1427747759090423,1.6528633821799374,1.1305230697173805,0.9106053738764803,0.7157874015432195,0.5562648727010249,0.42128123169417186,0.30546991454830796,0.20313718134144462,0.1115253087910075
0.9257509986234358,1.1305230697173805,1.6377176767179855,1.1117998675851297,0.8874591167731578,0.6871760766550516,0.5208827883831759,0.3776082512226702,0.2511234743566473,0.1378680757123985
0.7345109362330088,0.9106053738764803,1.1117998675851297,1.6145719540758732,1.0831863406389515,0.8520896442352923,0.6434365526993042,0.46689402700928445,0.31042483344504956,0.17043776543827382
0.5794092251576544,0.7157874015432195,0.8874591167731578,1.0831863406389515,1.5791989425576705,1.0394613977975073,0.7980173728881672,0.5766937582591882,0.38383991739433676,0.2106767717262088
0.4499026060620622,0.5562648727010249,0.6871760766550516,0.8520896442352923,1.0394613977975073,1.5251501048696827,0.9726220532695543,0.7155162316598043,0.4740280716555927,0.2605491757173817
0.34079798176640436,0.42128123169417186,0.5208827883831759,0.6434365526993042,0.7980173728881672,0.9726220532695543,1.442493795675349,0.8705956812798734,0.588563962805648,0.321513609996305
0.24709926361363968,0.30546991454830796,0.3776082512226702,0.46689402700928445,0.5766937582591882,0.7155162316598043,0.8705956812798734,1.3165689846980202,0.7138479435592028,0.400565626156564
0.16432292864972795,0.20313718134144462,0.2511234743566473,0.31042483344504956,0.38383991739433676,0.4740280716555927,0.588563962805648,0.7138479435592028,1.1217672483778132,0.4785409926558025
0.09021534673351506,0.1115253087910075,0.1378680757123985,0.17043776543827382,0.2106767717262088,0.2605491757173817,0.321513609996305,0.400565626156564,0.4785409926558025,0.8464191822680293
