2.7942571668128484,-1.4325781890380642,0.9492486431471082,-0.6049761156786493,0.37496032685596,-0.2271009604782891,0.13418065512661675,-0.07623613400278181,0.039676807027043584,-0.015788140852570267
-1.4325781890380642,2.7939606824509227,-1.432073678002736,0.9483979572338755,-0.6035579669620456,0.372630261950233,-0.22334491516955615,0.12828168206024815,-0.06731344215651555,0.026950468743043188
0.9492486431471082,-1.432073678002736,2.7931021265999667,-1.4306258969692127,0.9459841620235436,-0.5995914913786993,0.36623519325234166,-0.213298774411859,0.11308040030698105,-0.045618802587365795
-0.6049761156786493,0.9483979572338755,-1.4306258969692127,2.7906604884852886,-1.4265545857703197,0.9392928654590641,-0.5888008733184502,0.3492787841142785,-0.18762950611272142,0.0764188375597557
0.37496032685596,-0.6035579669620456,0.9459841620235436,-1.4265545857703197,2.7838706870342826,-1.4153930717616752,0.9212884373348373,-0.5604977328018588,0.3064077892714594,-0.12634245547553355
-0.2271009604782891,0.372630261950233,-0.5995914913786993,0.9392928654590641,-1.4153930717616752,2.765517760328546,-1.385777745459572,0.874709675872998,-0.48989235528741665,0.20535070968796199
0.13418065512661675,-0.22334491516955615,0.36623519325234166,-0.5888008733184502,0.9212884373348373,-1.385777745459572,2.7177060523033725,-1.3105300105854762,0.7605349586487483,-0.3262130523542169
-0.07623613400278181,0.12828168206024815,-0.213298774411859,0.3492787841142785,-0.5604977328018588,0.874709675872998,-1.3105300105854762,2.5991693166701806,-1.1304265990445705,0.5017686953039021
0.039676807027043584,-0.06731344215651555,0.11308040030698105,-0.18762950611272142,0.3064077892714594,-0.48989235528741665,0.7605349586487483,-1.1304265990445705,2.3249707506077737,-0.7351837320756195
-0.015788140852570267,0.026950468743043188,-0.045618802587365795,0.0764188375597557,-0.12634245547553355,0.20535070968796199,-0.3262130523542169,0.5017686953039021,-0.7351837320756195,1.7522651289697815
