2.352676528923496,-1.8705036641438757,1.5272525223268814,-1.2345459203837836,0.9844375880679842,-0.7674392791610091,0.5767772417221178,-0.40538272527422625,0.24838164556669898,-0.09852946774164316
-1.8705036641438757,2.323103136083124,-1.8349602909618254,1.4845095892629985,-1.1831980729487002,0.922637682677365,-0.6933089218310219,0.4873165474800879,-0.2985942273364525,0.11837547439920182
1.5272525223268814,-1.8349602909618254,2.2803838906852416,-1.7835895501715737,1.4227935605793762,-1.1089269711720726,0.8335316702949891,-0.5858107308424316,0.3589208863673907,-0.1424489889793116
-1.2345459203837836,1.4845095892629985,-1.7835895501715737,2.2186061109743265,-1.70937812874504,1.3334688912460408,-1.0017956848065743,0.7042113942710825,-0.4315155808371639,0.17091898595258145
0.9844375880679842,-1.1831980729487002,1.4227935605793762,-1.70937812874504,2.129442419483707,-1.6020912625546897,1.204718628804149,-0.8465440565482788,0.5186198588376254,-0.20616055443424527
-0.7674392791610091,0.922637682677365,-1.1089269711720726,1.3334688912460408,-1.6020912625546897,2.000272506276774,-1.4472452130482434,1.0176411333668818,-0.6236824592027688,0.24631874545956176
0.5767772417221178,-0.6933089218310219,0.8335316702949891,-1.0017956848065743,1.204718628804149,-1.4472452130482434,1.8142889922323995,-1.2233263184335827,0.7492137472167175,-0.299377891391319
-0.40538272527422625,0.4873165474800879,-0.5858107308424316,0.7042113942710825,-0.8465440565482788,1.0176411333668818,-1.2233263184335827,1.5430097221165855,-0.9017780032863978,0.3527857567874646
0.24838164556669898,-0.2985942273364525,0.3589208863673907,-0.4315155808371639,0.5186198588376254,-0.6236824592027688,0.7492137472167175,-0.9017780032863978,1.1540162659548914,-0.4394879053757109
-0.09852946774164316,0.11837547439920182,-0.1424489889793116,0.17091898595258145,-0.20616055443424527,0.24631874545956176,-0.299377891391319,0.3527857567874646,-0.4394879053757109,0.5673622556277882
