2.04503560123059,-0.5284525211507181,-0.5861535535488842,0.7440407016931199,-0.2201999142016403,-0.25054109099069355,0.29448028336785737,-0.07756811348813976,-0.06974148867957644,0.04350395692505275
-0.5284525211507181,2.040230547158729,-0.5222068185623232,-0.5860410062218957,0.7332740806167517,-0.20649902740779308,-0.2499098449803979,0.27036614350817145,-0.04752687881947683,-0.06749566356561985
-0.5861535535488842,-0.5222068185623232,2.021868744168239,-0.5091357917838183,-0.5716807296286779,0.6925163644267256,-0.17832990940501275,-0.21694445343433474,0.17992633945086856,0.013107823757311253
0.7440407016931199,-0.5860410062218957,-0.5091357917838183,2.0048116640789253,-0.5093553633430921,-0.5423902577399071,0.6550959634647244,-0.17985715455972603,-0.15133694921450086,0.09786951198950167
-0.2201999142016403,0.7332740806167517,-0.5716807296286779,-0.5093553633430921,1.9806739891611702,-0.4778368664696735,-0.5420105359703133,0.6010058593461265,-0.11070987856980984,-0.14857313462613964
-0.25054109099069355,-0.20649902740779308,0.6925163644267256,-0.5423902577399071,-0.4778368664696735,1.8901941615414037,-0.41468994166028417,-0.4696202847735196,0.40021272115457773,0.02526923487812006
0.29448028336785737,-0.2499098449803979,-0.17832990940501275,0.6550959634647244,-0.5420105359703133,-0.41468994166028417,1.8080692702771959,-0.41611057197283463,-0.3281261893621543,0.22005732117996382
-0.07756811348813976,0.27036614350817145,-0.21694445343433474,-0.17985715455972603,0.6010058593461265,-0.4696202847735196,-0.41611057197283463,1.6867959470715879,-0.25721441749038965,-0.32691496002006604
-0.06974148867957644,-0.04752687881947683,0.17992633945086856,-0.15133694921450086,-0.11070987856980984,0.40021272115457773,-0.3281261893621543,-0.25721441749038965,1.241146660435092,0.04759378978014295
0.04350395692505275,-0.06749566356561985,0.013107823757311253,0.09786951198950167,-0.14857313462613964,0.02526923487812006,0.22005732117996382,-0.32691496002006604,0.04759378978014295,0.8457896272005043
