3.9198063133734813,3.1129963558151137,2.6074813709064677,2.1682581574480215,1.7758211194416331,1.4237954881611867,1.103698548644626,0.8082570211496061,0.5317194658779474,0.2642355765452222
3.1129963558151137,3.8527764051233775,3.0351347841195495,2.517036578408569,2.0632013413470798,1.653772927017825,1.2820808618661639,0.9388628068771644,0.6176459194620794,0.3069349161717976
2.6074813709064677,3.0351347841195495,3.7623328329149017,2.930074612036767,2.395003160297017,1.9214308342575628,1.489157998677595,1.090608573886233,0.717450000795885,0.35653743323092274
2.1682581574480215,2.517036578408569,2.930074612036767,3.6402938699524903,2.7883193541319526,2.2303210992286857,1.7302124620009347,1.2667418424901142,0.833413216348271,0.41414370448521665
1.7758211194416331,2.0632013413470798,2.395003160297017,2.7883193541319526,3.475637004030886,2.5970316913829707,2.008209986220481,1.4718633414371634,0.96799465043427,0.48110565429098145
1.4237954881611867,1.653772927017825,1.9214308342575628,2.2303210992286857,2.5970316913829707,3.2534114072548195,2.3389974186241282,1.7080767140237698,1.124798342157828,0.5587061753688933
1.103698548644626,1.2820808618661639,1.489157998677595,1.7302124620009347,2.008209986220481,2.3389974186241282,2.953798335763669,1.9905017881441767,1.3050864232399304,0.649560101704048
0.8082570211496061,0.9388628068771644,1.090608573886233,1.2667418424901142,1.4718633414371634,1.7080767140237698,1.9905017881441767,2.5484443144779583,1.5217641667200883,0.7523055542727408
0.5317194658779474,0.6176459194620794,0.717450000795885,0.833413216348271,0.96799465043427,1.124798342157828,1.3050864232399304,1.5217641667200883,2.006403957443477,0.8825694043648078
0.2642355765452222,0.3069349161717976,0.35653743323092274,0.41414370448521665,0.48110565429098145,0.5587061753688933,0.649560101704048,0.7523055542727408,0.8825694043648078,1.252516032378298
