1.0754153999156169,-0.7748301667097923,0.6138112554936821,-0.4743886109063098,0.3706969739193029,-0.27999264981821625,0.21087693236376684,-0.14817237910045472,0.09846815828653142,-0.049422061947601736
-0.7748301667097923,1.069494944639381,-0.7683865838263702,0.6042738163463575,-0.46418605966090204,0.3553203312435791,-0.2638576496370593,0.1860640024481935,-0.12269025014903473,0.05838909695209045
0.6138112554936821,-0.7683865838263702,1.0623190357645107,-0.7580178887187958,0.5928939468494088,-0.447489501309488,0.33729146733614535,-0.23695060245311422,0.15753330713226849,-0.07929184405568118
-0.4743886109063098,0.6042738163463575,-0.7580178887187958,1.046954082027632,-0.7416016982688243,0.5681205249783972,-0.42153008399088854,0.2973126551584417,-0.19595674702669913,0.0929531242509518
0.3706969739193029,-0.46418605966090204,0.5928939468494088,-0.7416016982688243,1.0289054930264672,-0.715169159890354,0.5395231598054013,-0.3789371024022027,0.252051178717141,-0.12726539674016976
-0.27999264981821625,0.3553203312435791,-0.447489501309488,0.5681205249783972,-0.715169159890354,0.9889599669603482,-0.6733745704718905,0.4750554823616774,-0.3129442788045997,0.14790480140963552
0.21087693236376684,-0.2638576496370593,0.33729146733614535,-0.42153008399088854,0.5395231598054013,-0.6733745704718905,0.9436423201788949,-0.6060344594429348,0.40331958474035723,-0.20435471758616305
-0.14817237910045472,0.1860640024481935,-0.23695060245311422,0.2973126551584417,-0.3789371024022027,0.4750554823616774,-0.6060344594429348,0.8395907303657121,-0.49971844685182953,0.23521223401408353
0.09846815828653142,-0.12269025014903473,0.15753330713226849,-0.19595674702669913,0.252051178717141,-0.3129442788045997,0.40331958474035723,-0.49971844685182953,0.7260161362838805,-0.32830055344341863
-0.049422061947601736,0.05838909695209045,-0.07929184405568118,0.0929531242509518,-0.12726539674016976,0.14790480140963552,-0.20435471758616305,0.23521223401408353,-0.32830055344341863,0.45439483605224495
