2.528804313952787,0.2759932208787641,-0.9131236279452514,-0.276004316689972,0.48580556153814103,0.21613022440722338,-0.23497922878258581,-0.13845143752751168,0.08643317805078465,0.05357864506442283
0.2759932208787641,2.5202296256829313,0.27653266655948516,-0.8983736455035253,-0.2736962617298129,0.4611412947807589,0.2067930746536408,-0.19493573357277166,-0.11375349161413954,0.023508732354849387
-0.9131236279452514,0.27653266655948516,2.5143900363575,0.27433394692075186,-0.8888902009196107,-0.2678685560631639,0.44623428653005254,0.19358569942273776,-0.17238922850638005,-0.08628121810049116
-0.276004316689972,-0.8983736455035253,0.27433394692075186,2.488739298511019,0.27247126238789554,-0.8455273270468177,-0.2551985209773132,0.3750128864133181,0.15637608041203566,-0.05900123164762226
0.48580556153814103,-0.2736962617298129,-0.8888902009196107,0.27247126238789554,2.472148969422043,0.2720183644042333,-0.8173166121163487,-0.24825075462921645,0.32839470518949165,0.1343162857509153
0.21613022440722338,0.4611412947807589,-0.2678685560631639,-0.8455273270468177,0.2720183644042333,2.3980551394126683,0.2565730703380489,-0.6942631698107858,-0.1949600927393172,0.1300800857566899
-0.23497922878258581,0.2067930746536408,0.44623428653005254,-0.2551985209773132,-0.8173166121163487,0.2565730703380489,2.3465354246840255,0.27165206475533077,-0.6030490005073519,-0.2007254598285567
-0.13845143752751168,-0.19493573357277166,0.19358569942273776,0.3750128864133181,-0.24825075462921645,-0.6942631698107858,0.27165206475533077,2.1398567958247816,0.20068205372619047,-0.2659055724498526
0.08643317805078465,-0.11375349161413954,-0.17238922850638005,0.15637608041203566,0.32839470518949165,-0.1949600927393172,-0.6030490005073519,0.20068205372619047,1.9686739685473769,0.28431618251323687
0.05357864506442283,0.023508732354849387,-0.08628121810049116,-0.05900123164762226,0.1343162857509153,0.1300800857566899,-0.2007254598285567,-0.2659055724498526,0.28431618251323687,1.41167653950632
