0.45454326664063804,-0.25322151823053174,0.20616160747948903,-0.16694616776828586,0.13490995782116294,-0.10877520676672953,0.0874021163507647,-0.0697838805141129,0.05456943117715479,-0.03636781266492241
-0.25322151823053174,0.4541808296982355,-0.25277478310663465,0.20561094856133866,-0.16626725458574113,0.13407165452275926,-0.10772976784663375,0.08601415200990976,-0.0672611636457949,0.04482622413406677
0.20616160747948903,-0.25277478310663465,0.4536301897176873,-0.252096047991194,0.20477412888723506,-0.16523397271414933,0.13278306005487356,-0.10601898186205388,0.08290469214885667,-0.05525188174922856
-0.16694616776828586,0.20561094856133866,-0.252096047991194,0.4527935607544694,-0.25106455934215144,0.20350047523934262,-0.1636456141347675,0.13067430325908194,-0.10218623979450113,0.06810226877061981
0.13490995782116294,-0.16626725458574113,0.20477412888723506,-0.25106455934215144,0.4515218276581715,-0.24949425938806594,0.2015421797847803,-0.16104577572294926,0.12594944760736754,-0.08394085293689608
-0.10877520676672953,0.13407165452275926,-0.16523397271414933,0.20350047523934262,-0.24949425938806594,0.4495828730944671,-0.24707628013686087,0.19833254319164462,-0.15521632973956886,0.10345874765405086
0.0874021163507647,-0.10772976784663375,0.13278306005487356,-0.1636456141347675,0.2015421797847803,-0.24707628013686087,0.4465680087012749,-0.24307824456021182,0.19110083785263415,-0.12747998181323267
-0.0697838805141129,0.08601415200990976,-0.10601898186205388,0.13067430325908194,-0.16104577572294926,0.19833254319164462,-0.24307824456021182,0.4412977543703722,-0.23378509227260477,0.15679291227357478
0.05456943117715479,-0.0672611636457949,0.08290469214885667,-0.10218623979450113,0.12594944760736754,-0.15521632973956886,0.19110083785263415,-0.23378509227260477,0.4267425966828532,-0.19051195401181026
-0.03636781266492241,0.04482622413406677,-0.05525188174922856,0.06810226877061981,-0.08394085293689608,0.10345874765405086,-0.12747998181323267,0.15679291227357478,-0.19051195401181026,0.36535005435350315
