3.5235237430988597,-1.9870252070076546,1.606535211857969,-1.285006532356121,1.0168017364492137,-0.7905544972979348,0.5969380920186984,-0.4279560708415363,0.2767487222901521,-0.13410980952867435
-1.9870252070076546,3.5019780109389034,-1.9606350056885753,1.5742112824245185,-1.2454147007935343,0.968307836665135,-0.7311571479289387,0.5241802318465489,-0.33897453293381063,0.1642638479924406
1.606535211857969,-1.9606350056885753,3.469654081517934,-1.9210431738195304,1.5257173905590289,-1.1860171473222454,0.8955552378659746,-0.6420399824859776,0.4151915615322067,-0.20119789781550945
-1.285006532356121,1.5742112824245185,-1.9210431738195304,3.421160189258355,-1.861645630024357,1.452964541737923,-1.096906426215917,0.7864004446814129,-0.5085456583691352,0.24643641736256316
1.0168017364492137,-1.2454147007935343,1.5257173905590289,-1.861645630024357,3.34840735288023,-1.7725346034038447,1.343817642759543,-0.9632086282719413,0.6228904728397953,-0.3018466136933679
-0.7905544972979348,0.968307836665135,-1.1860171473222454,1.452964541737923,-1.7725346034038447,3.23926006102651,-1.6388464517809338,1.18005841883264,-0.7629340770216999,0.36971603012823306
0.5969380920186984,-0.7311571479289387,0.8955552378659746,-1.096906426215917,1.343817642759543,-1.6388464517809338,3.0755132417664646,-1.4382673270770323,0.93475387470105,-0.4528336027553008
-0.4279560708415363,0.5241802318465489,-0.6420399824859776,0.7864004446814129,-0.9632086282719413,1.18005841883264,-1.4382673270770323,2.8298170320246254,-1.1377834712140895,0.5549492230187256
0.2767487222901521,-0.33897453293381063,0.4151915615322067,-0.5085456583691352,0.6228904728397953,-0.7629340770216999,0.93475387470105,-1.1377834712140895,2.46237885112385,-0.6720493181511564
-0.13410980952867435,0.1642638479924406,-0.20119789781550945,0.24643641736256316,-0.3018466136933679,0.36971603012823306,-0.4528336027553008,0.5549492230187256,-0.6720493181511564,1.905639901988415
