1.2661230603424913,0.6390365530643075,0.3474488830728807,0.18853944526581928,0.10112201566838955,0.052133736172245856,0.02367239777492685,0.006299311632414354,-0.003980003154317721,-0.005958193137198802
0.6390365530643075,1.2653073547832272,0.6376720642389154,0.3452049938914249,0.18493509179771125,0.09552595974501596,0.0438931766454949,0.012609091084319896,-0.005850525435582131,-0.009843020708438191
0.3474488830728807,0.6376720642389154,1.263024573364825,0.6339173769162345,0.33917232543110765,0.17556535239935225,0.08171997077826818,0.025336765821424755,-0.00782862177361656,-0.015912088779806127
0.18853944526581928,0.3452049938914249,0.6339173769162345,1.256847417725798,0.6239891375133194,0.3237442926169163,0.15281396523259555,0.05109301566300028,-0.008525633882141458,-0.024939047598714986
0.10112201566838955,0.18493509179771125,0.33917232543110765,0.6239891375133194,1.240882605686481,0.5991628866641566,0.2870913395734914,0.1033669567716667,-0.003871104949039446,-0.03728482734770908
0.052133736172245856,0.09552595974501596,0.17556535239935225,0.3237442926169163,0.5991628866641566,1.2022354830627564,0.5420076252659897,0.20974024644687972,0.01670993259639912,-0.05147040494919054
0.02367239777492685,0.0438931766454949,0.08171997077826818,0.15281396523259555,0.2870913395734914,0.5420076252659897,1.11747592081355,0.4267139422835564,0.0789718938942191,-0.0604378931332052
0.006299311632414354,0.012609091084319896,0.025336765821424755,0.05109301566300028,0.1033669567716667,0.20974024644687972,0.4267139422835564,0.9591846257375243,0.243179074728123,-0.04240043690681096
-0.003980003154317721,-0.005850525435582131,-0.00782862177361656,-0.008525633882141458,-0.003871104949039446,0.01670993259639912,0.0789718938942191,0.243179074728123,0.7355627812233072,0.060636253796798704
-0.005958193137198802,-0.009843020708438191,-0.015912088779806127,-0.024939047598714986,-0.03728482734770908,-0.05147040494919054,-0.0604378931332052,-0.04240043690681096,0.060636253796798704,0.480868759432824
