5.759134533725163,3.4042611060293417,2.5469008275629976,1.8968180548225289,1.4034173556763032,1.0259289208714102,0.7331749786325075,0.5009760084965996,0.3101724453321554,0.14190180259518997
3.4042611060293417,5.747287902601973,3.3884856789671467,2.52589366557688,1.8688441145310457,1.3661661869531403,0.9763238408391833,0.6671188120711518,0.4130374903344082,0.18896186718030739
2.5469008275629976,3.3884856789671467,5.726280740615855,3.3605117386756334,2.4886424968588288,1.8192390336381825,1.3001101653023208,0.8883609232163858,0.5500165181954265,0.25162884893104553
1.8968180548225289,2.52589366557688,3.3605117386756334,5.689029571897763,3.3109066577895767,2.4225864740619523,1.7312763089837961,1.182975380171727,0.7324230302709417,0.33507859844521143
1.4034173556763032,1.8688441145310457,2.4886424968588288,3.3109066577895767,5.6229735491100215,3.2229439316091533,2.305451945895603,1.5752951494409548,0.9753225182897572,0.44620347631814283
1.0259289208714102,1.3661661869531403,1.8192390336381825,2.4225864740619523,3.2229439316091533,5.505839018895344,3.0669631142281553,2.0977414685291396,1.2987766571145485,0.5941816142118151
0.7331749786325075,0.9763238408391833,1.3001101653023208,1.7312763089837961,2.305451945895603,3.0669631142281553,5.298129000796896,2.790367903755974,1.729518875557894,0.7912348446965044
0.5009760084965996,0.6671188120711518,0.8883609232163858,1.182975380171727,1.5752951494409548,2.0977414685291396,2.790367903755974,4.929803432606962,2.300027523962557,1.0536581894481152
0.3101724453321554,0.4130374903344082,0.5500165181954265,0.7324230302709417,0.9753225182897572,1.2987766571145485,1.729518875557894,2.300027523962557,4.277031433904625,1.3997895972501695
0.14190180259518997,0.18896186718030739,0.25162884893104553,0.33507859844521143,0.44620347631814283,0.5941816142118151,0.7912348446965044,1.0536581894481152,1.3997895972501695,3.1179751909507862
