11.390373452703516,8.757289479901306,7.538247375412056,6.167752367315145,5.1283593155982405,4.0840600491359496,3.204469991563819,2.348047595563646,1.5781356963607989,0.8138371277778497
8.757289479901306,11.202173150970387,8.539457805518555,7.28446740521825,5.874822923863062,4.785753531710437,3.690795122445536,2.740876581662508,1.821857179970201,0.9479203887282057
7.538247375412056,8.539457805518555,10.949930073832654,8.245777261410154,6.945170486735734,5.478503215291343,4.329986589114123,3.1549325970655797,2.130368935983391,1.0945173549249452
6.167752367315145,7.28446740521825,8.245777261410154,10.607691363108264,7.850895246941413,6.483069990519527,4.94848789808474,3.704498173817929,2.4461063162256753,1.2795243846469329
5.1283593155982405,5.874822923863062,6.945170486735734,7.850895246941413,10.151221799740737,7.318128015838388,5.8697047342348645,4.22846938004068,2.8823285596624713,1.4697125797443853
4.0840600491359496,4.785753531710437,5.478503215291343,6.483069990519527,7.318128015838388,9.527078282403162,6.603376981383252,5.02432998229432,3.2734988886227248,1.7308900019343287
3.204469991563819,3.690795122445536,4.329986589114123,4.94848789808474,5.8697047342348645,6.603376981383252,8.702334376975358,5.638323913110089,3.9173087599416094,1.9672913716821583
2.348047595563646,2.740876581662508,3.1549325970655797,3.704498173817929,4.22846938004068,5.02432998229432,5.638323913110089,7.555823312453972,4.351415622132927,2.35168278268155
1.5781356963607989,1.821857179970201,2.130368935983391,2.4461063162256753,2.8823285596624713,3.2734988886227248,3.9173087599416094,4.351415622132927,6.065785490703865,2.61632518756525
0.8138371277778497,0.9479203887282057,1.0945173549249452,1.2795243846469329,1.4697125797443853,1.7308900019343287,1.9672913716821583,2.35168278268155,2.61632518756525,3.9169575183498977
