0.9876505239547961,-0.575545007633102,0.4336887884128353,-0.3215818504532323,0.23800077779064208,-0.17382208212349642,0.12426931001995273,-0.08502431623556872,0.05298288533442909,-0.02497065980062031
-0.575545007633102,0.9857205283194452,-0.5729713521268248,0.4302565710713291,-0.31700556333176244,0.23189564214970265,-0.1656902881589437,0.11338913364587357,-0.07065224038891225,0.03329938707698865
0.4336887884128353,-0.5729713521268248,0.982288550242409,-0.5683944791073154,0.4241540769402955,-0.308864345846103,0.22105186474935676,-0.15118155041178027,0.09422387366672082,-0.04440441884476039
-0.3215818504532323,0.4302565710713291,-0.5683944791073154,0.9761848493172585,-0.5602562167545573,0.41329697638078955,-0.2944031381389659,0.20170301684602382,-0.12562301958259306,0.059219166467201614
0.23800077779064208,-0.31700556333176244,0.4241540769402955,-0.5602562167545573,0.9653338355454864,-0.5457801040471028,0.3940153273812399,-0.2686048768863719,0.16762428426743117,-0.07895279185251634
-0.17382208212349642,0.23189564214970265,-0.308864345846103,0.41329697638078955,-0.5457801040471028,0.9460214862099015,-0.5200570201357231,0.3595976592232226,-0.22314379343378493,0.10535227293897693
0.12426931001995273,-0.1656902881589437,0.22105186474935676,-0.2944031381389659,0.3940153273812399,-0.5200570201357231,0.9117586633781738,-0.47421675972831157,0.2990351598143448,-0.14023843388920715
-0.08502431623556872,0.11338913364587357,-0.15118155041178027,0.20170301684602382,-0.2686048768863719,0.3595976592232226,-0.47421675972831157,0.8504151603005978,-0.39322388020427756,0.18796388665359792
0.05298288533442909,-0.07065224038891225,0.09422387366672082,-0.12562301958259306,0.16762428426743117,-0.22314379343378493,0.2990351598143448,-0.39322388020427756,0.743283087276758,-0.24705399974478212
-0.02497065980062031,0.03329938707698865,-0.04440441884476039,0.059219166467201614,-0.07895279185251634,0.10535227293897693,-0.14023843388920715,0.18796388665359792,-0.24705399974478212,0.5409985081011757
