9.013908566706188,5.244376241409059,-0.9956057246684571,-5.006904764175169,-4.669067841658404,-1.4003046110280277,1.7203727446312662,2.6126432910907527,1.4817831892441744,0.020665340763916237
5.244376241409059,8.60850794827014,4.825520864910792,-1.082236533454091,-4.60899388012772,-4.001196315595209,-0.9537108797710053,1.5202724097847684,1.776525330659047,0.5527309559750037
-0.9956057246684571,4.825520864910792,8.14365489836889,4.6908165548171326,-0.6949283936039676,-3.8963818919910995,-3.4784380786642166,-1.1020900065940578,0.6624492845285737,0.7527086902706609
-5.006904764175169,-1.082236533454091,4.6908165548171326,8.061493998540834,4.74231897157083,-0.52041996637691,-3.714565377157128,-3.439011696555289,-1.2722495780293,0.3738913229457417
-4.669067841658404,-4.60899388012772,-0.6949283936039676,4.74231897157083,7.653273132624658,4.103532037269404,-0.9132592893401448,-3.4748690122058656,-2.6138570871059454,-0.40778465582942547
-1.4003046110280277,-4.001196315595209,-3.8963818919910995,-0.52041996637691,4.103532037269404,6.537120022409364,3.324652889353266,-0.6246552667824004,-2.101669668957083,-1.038338472114462
1.7203727446312662,-0.9537108797710053,-3.4784380786642166,-3.714565377157128,-0.9132592893401448,3.324652889353266,5.927909500572271,3.433543538181844,0.2848689634691256,-0.9560320278234429
2.6126432910907527,1.5202724097847684,-1.1020900065940578,-3.439011696555289,-3.4748690122058656,-0.6246552667824004,3.433543538181844,5.723019806558292,3.0098557296130486,-0.057451456782982024
1.4817831892441744,1.776525330659047,0.6624492845285737,-1.2722495780293,-2.6138570871059454,-2.101669668957083,0.2848689634691256,3.0098557296130486,3.9974310906984964,1.1057729391113518
0.020665340763916237,0.5527309559750037,0.7527086902706609,0.3738913229457417,-0.40778465582942547,-1.038338472114462,-0.9560320278234429,-0.057451456782982024,1.1057729391113518,1.7409942834697583
