5.816102182594756,3.008596221309758,2.1533553386074216,1.609371480835509,1.2038611911556831,0.8889232749377456,0.6391013631905653,0.4359002253454707,0.2647651033979137,0.11529206256997387
3.008596221309758,5.8024166668697275,2.990686933987291,2.1299187114274805,1.5787017403830643,1.163726952934259,0.8364105904238399,0.5704412140009829,0.3464810206881646,0.1508749151706099
2.1533553386074216,2.990686933987291,5.778980021963916,2.960017041928927,2.0897833445905567,1.5261808402573418,1.0950072364370196,0.7465598017865389,0.45342446723203333,0.19744065452015236
1.609371480835509,2.1299187114274805,2.960017041928927,5.738844487086607,2.9074947045865294,2.021052928873705,1.4362521680227964,0.9774257945118293,0.5934280406470396,0.25838465287640044
1.2038611911556831,1.5787017403830643,2.0897833445905567,2.9074947045865294,5.6701124783551435,2.8175524076083573,1.9033700588711382,1.2823820741997498,0.7770326977598183,0.3381858713520668
0.8889232749377456,1.163726952934259,1.5261808402573418,2.021052928873705,2.8175524076083573,5.552414506652145,2.6635531518836983,1.7020154289182128,1.0201405472622977,0.44296402919190825
0.6391013631905653,0.8364105904238399,1.0950072364370196,1.4362521680227964,1.9033700588711382,2.6635531518836983,5.350916713319506,2.4000871764512586,1.3588314727458273,0.5825995610641528
0.4359002253454707,0.5704412140009829,0.7465598017865389,0.9774257945118293,1.2823820741997498,1.7020154289182128,2.4000871764512586,5.006375575326183,1.9509384785505222,0.7835832613236823
0.2647651033979137,0.3464810206881646,0.45342446723203333,0.5934280406470396,0.7770326977598183,1.0201405472622977,1.3588314727458273,1.9509384785505222,4.418261346778841,1.1788196967835949
0.11529206256997387,0.1508749151706099,0.19744065452015236,0.25838465287640044,0.3381858713520668,0.44296402919190825,0.5825995610641528,0.7835832613236823,1.1788196967835949,3.267804675887451
