21.00968984204603,18.29553838088477,16.262601328058736,14.239900695558537,12.214850322119588,10.189931945769377,8.168210977929293,6.135498119300783,4.141668288151673,2.0138230451273547
18.29553838088477,19.064286133574825,16.341632016364994,14.300053391865255,12.269024780417272,10.234394765749014,8.20405614121921,6.162365134425496,4.159817751389607,2.02264203447704
16.262601328058736,16.341632016364994,17.10183995145273,14.370506491724269,12.32056349543545,10.279913353757374,8.2398394696095,6.189443286975267,4.178050418726565,2.0315277998322836
14.239900695558537,14.300053391865255,14.370506491724269,15.121996703772782,12.382261859163883,10.322654847998702,8.276536522818217,6.216317192271207,4.1963503111194385,2.0403552546643784
12.214850322119588,12.269024780417272,12.32056349543545,12.382261859163883,13.125315104102054,10.375874998507946,8.31077742041328,6.244425325605176,4.214774230587379,2.0495576354824263
10.189931945769377,10.234394765749014,10.279913353757374,10.322654847998702,10.375874998507946,11.109176629698565,8.354216432318829,6.268796546400153,4.23312734916766,2.057637808782099
8.168210977929293,8.20405614121921,8.2398394696095,8.276536522818217,8.31077742041328,8.354216432318829,9.08199266945562,6.306620643034749,4.252084843526893,2.0697727999103286
6.135498119300783,6.162365134425496,6.189443286975267,6.216317192271207,6.244425325605176,6.268796546400153,6.306620643034749,7.013897194830785,4.26931390072943,2.068064074921024
4.141668288151673,4.159817751389607,4.178050418726565,4.1963503111194385,4.214774230587379,4.23312734916766,4.252084843526893,4.26931390072943,5.008311743239386,2.114395668444939
2.0138230451273547,2.02264203447704,2.0315277998322836,2.0403552546643784,2.0495576354824263,2.057637808782099,2.0697727999103286,2.068064074921024,2.114395668444939,2.710237529401782
