1.4270626655086165,-0.04858483728557956,0.09860093101627435,-0.059504765233117735,0.0399077697907195,-0.026186823151017245,0.016954541681994693,-0.010572332713699815,0.0059728236341299295,-0.0023731170852678172
-0.04858483728557956,1.426970787249696,-0.048446716287739076,0.09839329309623357,-0.059192622274846146,0.03943852324389279,-0.02548140984800601,0.015894011082757478,-0.008978921011780865,0.003567521249988954
0.09860093101627435,-0.048446716287739076,1.4267631493354753,-0.0481345732732544,0.09792404718999562,-0.05848720184152369,0.038378072261049445,-0.023887109533406413,0.013498627228131816,-0.005363029349344668
-0.059504765233117735,0.09839329309623357,-0.0481345732732544,1.4262939033315791,-0.04742915378315892,0.09686358545839868,-0.056893021169920344,0.035981352483823774,-0.020286128339845423,0.008062727367109166
0.0399077697907195,-0.059192622274846146,0.09792404718999562,-0.04742915378315892,1.42523344323864,-0.04583495728468627,0.09446704603979189,-0.05329003242772708,0.030567868724642924,-0.012115585077336608
-0.026186823151017245,0.03943852324389279,-0.05848720184152369,0.09686358545839868,-0.04583495728468627,1.4228368763241868,-0.04223223410931114,0.08905053595470827,-0.04515317481032463,0.018270886228193964
0.016954541681994693,-0.02548140984800601,0.038378072261049445,-0.056893021169920344,0.09446704603979189,-0.04223223410931114,1.417420827605424,-0.03409092041575501,0.07680433366786295,-0.026825207685107197
-0.010572332713699815,0.015894011082757478,-0.023887109533406413,0.035981352483823774,-0.05329003242772708,0.08905053595470827,-0.03409092041575501,1.4051668838263431,-0.015837723982249245,0.04748668161587799
0.0059728236341299295,-0.008978921011780865,0.013498627228131816,-0.020286128339845423,0.030567868724642924,-0.04515317481032463,0.07680433366786295,-0.015837723982249245,1.3759791300771171,0.008533636675133616
-0.0023731170852678172,0.003567521249988954,-0.005363029349344668,0.008062727367109166,-0.012115585077336608,0.018270886228193964,-0.026825207685107197,0.04748668161587799,0.008533636675133616,1.119433016264977
