0.5688307109150723,-0.1629550602467472,0.12439278208480056,-0.08955818774962536,0.06613733482824671,-0.04760028398674834,0.033998388032596444,-0.023277424353212905,0.014981911642049147,-0.007568559283951969
-0.1629550602467472,0.5684500107448069,-0.16244047675411086,0.12369329230523804,-0.08861726636354042,0.06484682397344846,-0.04589310273746249,0.03158418027827842,-0.020264211732359295,0.010256533587531634
0.12439278208480056,-0.16244047675411086,0.5677544631982671,-0.1614949894712027,0.1224214846594707,-0.08687288580196716,0.06253934544508397,-0.042629691099503327,0.027511770676655882,-0.013875849100898932
-0.08955818774962536,0.12369329230523804,-0.1614949894712027,0.5664692405681071,-0.1597661461531839,0.12005036117257736,-0.0837360593229463,0.05810374805315207,-0.0370927281418276,0.018830835783025815
0.06613733482824671,-0.08861726636354042,0.1224214846594707,-0.1597661461531839,0.5641437667942615,-0.15657644814714097,0.11583134055842965,-0.07776834102389135,0.05065870117286904,-0.02540809872591232
-0.04760028398674834,0.06484682397344846,-0.08687288580196716,0.12005036117257736,-0.15657644814714097,0.5597694052389433,-0.1507886458260936,0.10764930677832599,-0.06754952454910579,0.0346515820054846
0.033998388032596444,-0.04589310273746249,0.06253934544508397,-0.0837360593229463,0.11583134055842965,-0.1507886458260936,0.5521159795571768,-0.139957595111716,0.09415007278710975,-0.04632747445466811
-0.023277424353212905,0.03158418027827842,-0.042629691099503327,0.05810374805315207,-0.07776834102389135,0.10764930677832599,-0.139957595111716,0.5368179504799894,-0.12081891064316555,0.06425900292572571
0.014981911642049147,-0.020264211732359295,0.027511770676655882,-0.0370927281418276,0.05065870117286904,-0.06754952454910579,0.09415007278710975,-0.12081891064316555,0.513047982000691,-0.0832224699918726
-0.007568559283951969,0.010256533587531634,-0.013875849100898932,0.018830835783025815,-0.02540809872591232,0.0346515820054846,-0.04632747445466811,0.06425900292572571,-0.0832224699918726,0.4548761881437884
