1.79421860020421,-0.457873049417645,0.03569903972073431,0.15830535614445163,-0.1826326993883797,0.1247991692163054,-0.05293782007751478,0.0023353893189846874,0.018317866891693783,-0.01500730051275569
-0.457873049417645,1.793758613938093,-0.4572903224197169,0.03532993902502635,0.1578599314799104,-0.1806705313104959,0.12098407782343722,-0.048075205177505465,-0.0007989245100485841,0.014735347742809532
0.03569903972073431,-0.4572903224197169,1.7928552209869686,-0.45641417571828996,0.03526869028003396,0.15596904466573913,-0.17585064769770278,0.11346994661036738,-0.0407246394524801,-0.0014643507386968334
0.15830535614445163,0.03532993902502635,-0.45641417571828996,1.7915484835966535,-0.4552243475986203,0.03537178705547529,0.15294042663342283,-0.16859969287380566,0.10259472833419493,-0.03072749815502848
-0.1826326993883797,0.1578599314799104,0.03526869028003396,-0.4552243475986203,1.7887482218638964,-0.4510715112290113,0.031627440358952104,0.15252138787031394,-0.15883475454214263,0.0794179842533404
0.1247991692163054,-0.1806705313104959,0.15596904466573913,0.03537178705547529,-0.4510715112290113,1.7782358563188814,-0.43474986205620914,0.015761231960050658,0.15371904324023578,-0.12481143644669312
-0.05293782007751478,0.12098407782343722,-0.17585064769770278,0.15294042663342283,0.031627440358952104,-0.43474986205620914,1.746592719578473,-0.3945279900189189,-0.009964214587619206,0.123589706311379
0.0023353893189846874,-0.048075205177505465,0.11346994661036738,-0.16859969287380566,0.15252138787031394,0.015761231960050658,-0.3945279900189189,1.6840896762975304,-0.33368797775903036,-0.01475108427807482
0.018317866891693783,-0.0007989245100485841,-0.0407246394524801,0.10259472833419493,-0.15883475454214263,0.15371904324023578,-0.009964214587619206,-0.33368797775903036,1.5935705530151782,-0.2516131647574055
-0.01500730051275569,0.014735347742809532,-0.0014643507386968334,-0.03072749815502848,0.0794179842533404,-0.12481143644669312,0.123589706311379,-0.01475108427807482,-0.2516131647574055,1.4017172557890218
