0.6592700740599664,-0.11401065620490941,-0.08724268454463377,0.0683508859120073,-0.008670437286951549,-0.013455078855932261,0.00826760560155983,-0.0003202261267767607,-0.001907178396694811,0.0008901371347428294
-0.11401065620490941,0.65926924567071,-0.11400914222786017,-0.08724211352920966,0.06834391605940915,-0.00866030941713436,-0.013445640080682487,0.008211004383609678,-0.0002568689974705257,-0.001796990241512632
-0.08724268454463377,-0.11400914222786017,0.659264466605742,-0.11400661354723318,-0.08722780183581977,0.06830855910432694,-0.008653839691020848,-0.013318030162161841,0.007958993452164977,-0.0003114734387494587
0.0683508859120073,-0.08724211352920966,-0.11400661354723318,0.6592577307787889,-0.11400460273274303,-0.08720487270997693,0.06825994007368316,-0.008657725943779112,-0.01311986047875922,0.007622451717074218
-0.008670437286951549,0.06834391605940915,-0.08722780183581977,-0.11400460273274303,0.6591978577633321,-0.11390621483403095,-0.08714400674870315,0.06776481505481317,-0.008018131090346619,-0.012307547275490029
-0.013455078855932261,-0.00866030941713436,0.06830855910432694,-0.08720487270997693,-0.11390621483403095,0.6589329753945382,-0.11382300623743638,-0.08624967300497094,0.06584966749480664,-0.008136337713150444
0.00826760560155983,-0.013445640080682487,-0.008653839691020848,0.06825994007368316,-0.08714400674870315,-0.11382300623743638,0.6585457966933468,-0.11346295648367097,-0.08536572235483528,0.0628638452331073
-0.0003202261267767607,0.008211004383609678,-0.013318030162161841,-0.008657725943779112,0.06776481505481317,-0.08624967300497094,-0.11346295648367097,0.6543882045483028,-0.10749802319844129,-0.07959966166145022
-0.001907178396694811,-0.0002568689974705257,0.007958993452164977,-0.01311986047875922,-0.008018131090346619,0.06584966749480664,-0.08536572235483528,-0.10749802319844129,0.6403205493411437,-0.10598869340754971
0.0008901371347428294,-0.001796990241512632,-0.0003114734387494587,0.007622451717074218,-0.012307547275490029,-0.008136337713150444,0.0628638452331073,-0.07959966166145022,-0.10598869340754971,0.6149568745989347
