0.6492542310566631,0.2592268572916098,0.2797222697121358,0.1619921407957935,0.13945854890017523,0.09181524755916609,0.07082481276898185,0.049301019699859505,0.033052399534353884,0.025720114939129592
0.2592268572916098,0.6489731471957433,0.2587750613480679,0.27925159818341094,0.1610562651029702,0.13879630162004764,0.08965711492009516,0.07048355072364218,0.04349197703672923,0.036173365069276764
0.2797222697121358,0.2587750613480679,0.6482666857910531,0.2580046886116593,0.2778123369424908,0.15990737882694694,0.1355689113065663,0.08870247569727845,0.06210824468489895,0.046695118789084555
0.1619921407957935,0.27925159818341094,0.2580046886116593,0.6474882705521873,0.25639194880237026,0.2767626761325675,0.15612413459563604,0.13528252901659935,0.07830022793595963,0.06860703162474975
0.13945854890017523,0.1610562651029702,0.2778123369424908,0.25639194880237026,0.644586463051728,0.2539087423769339,0.27037279245141527,0.15364959070031636,0.11911056769630918,0.0827160874597819
0.09181524755916609,0.13879630162004764,0.15990737882694694,0.2767626761325675,0.2539087423769339,0.6433875729645443,0.24779059511224044,0.2713070553758418,0.13584655136825532,0.13422512486933114
0.07082481276898185,0.08965711492009516,0.1355689113065663,0.15612413459563604,0.27037279245141527,0.24779059511224044,0.6297730884110792,0.24019944766003185,0.23847816350940892,0.13761379948784017
0.049301019699859505,0.07048355072364218,0.08870247569727845,0.13528252901659935,0.15364959070031636,0.2713070553758418,0.24019944766003185,0.6377198302155092,0.21334592529665403,0.2795991397701829
0.033052399534353884,0.04349197703672923,0.06210824468489895,0.07830022793595963,0.11911056769630918,0.13584655136825532,0.23847816350940892,0.21334592529665403,0.5645593328451703,0.18943580504967733
0.025720114939129592,0.036173365069276764,0.046695118789084555,0.06860703162474975,0.0827160874597819,0.13422512486933114,0.13761379948784017,0.2795991397701829,0.18943580504967733,0.6965914153260138
