4.285522675781511,-1.7908890290097983,1.3982835507736078,-1.1187759982971746,0.8845465097766644,-0.684328902313315,0.5103549595256347,-0.35595692622504366,0.21538132832732693,-0.08740722507612489
-1.7908890290097983,4.261527061081775,-1.7617122080509824,1.3628067817297542,-1.0756389776968889,0.8320952257554196,-0.6205525155583291,0.43281623693421567,-0.2618871214328817,0.10628045952316464
1.3982835507736078,-1.7617122080509824,4.226050292017295,-1.7185751869101507,1.3103554841697416,-1.0118622525703316,0.7545480471965414,-0.5262713956647078,0.31843459318627515,-0.12922886047384596
-1.1187759982971746,1.3628067817297542,-1.7185751869101507,4.173598993830515,-1.6547984453585738,1.2328078942221583,-0.917570850925808,0.6399094606130474,-0.38719211882230936,0.15713235509504025
0.8845465097766644,-1.0756389776968889,1.3103554841697416,-1.6547984453585738,4.096051384838026,-1.5605065446237831,1.1181568071908004,-0.7781791530335421,0.47079976334444923,-0.191060982143734
-0.684328902313315,0.8320952257554196,-1.0118622525703316,1.2328078942221583,-1.5605065446237831,3.981399719108609,-1.4210996813859609,0.9486672715967388,-0.5725547974149056,0.2323187011218835
0.5103549595256347,-0.6205525155583291,0.7545480471965414,-0.917570850925808,1.1181568071908004,-1.4210996813859609,3.811892599208417,-1.2150145119209785,0.6986444506259067,-0.2825628657191612
-0.35595692622504366,0.43281623693421567,-0.5262713956647078,0.6399094606130474,-0.7781791530335421,0.9486672715967388,-1.2150145119209785,3.5613354619100717,-0.9110203011348001,0.34560395760515167
0.21538132832732693,-0.2618871214328817,0.31843459318627515,-0.38719211882230936,0.47079976334444923,-0.5725547974149056,0.6986444506259067,-0.9110203011348001,3.1920592450720937,-0.4709390437263302
-0.08740722507612489,0.10628045952316464,-0.12922886047384596,0.15713235509504025,-0.191060982143734,0.2323187011218835,-0.2825628657191612,0.34560395760515167,-0.4709390437263302,2.3867822479723637
