1.3558954602388456,-0.4560203243644966,0.37116098163636635,-0.2142461037347328,0.18541467946046547,-0.09767287465788989,0.08953715904260823,-0.040487499142366684,0.035700136125840345,-0.009146106385082727
-0.4560203243644966,1.3546120357087448,-0.4560123907452779,0.36904322115783095,-0.21364679706964018,0.1817579195694065,-0.09567274470526616,0.0829557819844075,-0.03536870814789993,0.02343460061172952
0.37116098163636635,-0.4560123907452779,1.352138993513318,-0.4553147365666779,0.3647735998037176,-0.21131490397933356,0.17407448006988657,-0.08970201574808494,0.06863780509335367,-0.021563271467886662
-0.2142461037347328,0.36904322115783095,-0.4553147365666779,1.3484550094985477,-0.4531449570144541,0.3581003855410867,-0.20589104493413274,0.1615731148569426,-0.07730089192192371,0.04459804861730941
0.18541467946046547,-0.21364679706964018,0.3647735998037176,-0.4531449570144541,1.3408164455516336,-0.4474538741392601,0.34393379076033614,-0.19258847466422807,0.13453890192787316,-0.04788978241728716
-0.09767287465788989,0.1817579195694065,-0.21131490397933356,0.3581003855410867,-0.4474538741392601,1.3282411086199655,-0.43459178882922195,0.3196444998667095,-0.16466328653346082,0.08677092597109547
0.08953715904260823,-0.09567274470526616,0.17407448006988657,-0.20589104493413274,0.34393379076033614,-0.43459178882922195,1.3013288287892812,-0.40594051650202084,0.2673518642916281,-0.10295984237694297
-0.040487499142366684,0.0829557819844075,-0.08970201574808494,0.1615731148569426,-0.19258847466422807,0.3196444998667095,-0.40594051650202084,1.2533598614166181,-0.34543393105430154,0.1715318740297769
0.035700136125840345,-0.03536870814789993,0.06863780509335367,-0.07730089192192371,0.13453890192787316,-0.16466328653346082,0.2673518642916281,-0.34543393105430154,1.150412846537738,-0.21719907830339996
-0.009146106385082727,0.02343460061172952,-0.021563271467886662,0.04459804861730941,-0.04788978241728716,0.08677092597109547,-0.10295984237694297,0.1715318740297769,-0.21719907830339996,0.9569682086679077
