1.495104983855803,0.43770762135483987,-0.01638419355432059,-0.13610625832200193,-0.10854931392909498,-0.051973265205971175,-0.012535008109744769,0.004169359287545824,0.0059454143299620095,0.0005170275662348696
0.43770762135483987,1.4950489100296849,0.4376228822196325,-0.016435793065215937,-0.1359569020349308,-0.10792086818015535,-0.05063837346549402,-0.010811457447813562,0.004524343788372235,0.0008425692936256781
-0.01638419355432059,0.4376228822196325,1.4948871736251363,0.4374447702468729,-0.016387479960228657,-0.13517685232343288,-0.10577418351833791,-0.047042818888912305,-0.007791041977055389,0.0006578378036967244
-0.13610625832200193,-0.016435793065215937,0.4374447702468729,1.4945419632481454,0.4370547628996387,-0.016313632206049835,-0.13356377028578964,-0.10124189351167096,-0.03933063968005675,-0.0010545948551414748
-0.10854931392909498,-0.1359569020349308,-0.016387479960228657,0.4370547628996387,1.4932097360193515,0.4344871847371252,-0.019187670545942753,-0.1329350439560818,-0.08910345880912328,-0.005486090492336977
-0.051973265205971175,-0.10792086818015535,-0.13517685232343288,-0.016313632206049835,0.4344871847371252,1.4853117360906805,0.42017824663522646,-0.033512340284904386,-0.124399952380306,-0.012543595715308924
-0.012535008109744769,-0.05063837346549402,-0.10577418351833791,-0.13356377028578964,-0.019187670545942753,0.42017824663522646,1.4530362526674023,0.37534047172859264,-0.05150619718751827,-0.017693653445985422
0.004169359287545824,-0.010811457447813562,-0.047042818888912305,-0.10124189351167096,-0.1329350439560818,-0.033512340284904386,0.37534047172859264,1.3709034276944914,0.29134340538168285,-0.007789491905309029
0.0059454143299620095,0.004524343788372235,-0.007791041977055389,-0.03933063968005675,-0.08910345880912328,-0.124399952380306,-0.05150619718751827,0.29134340538168285,1.1854490604298993,0.04005975298041075
0.0005170275662348696,0.0008425692936256781,0.0006578378036967244,-0.0010545948551414748,-0.005486090492336977,-0.012543595715308924,-0.017693653445985422,-0.007789491905309029,0.04005975298041075,0.28210988716294283
