9.145247522772474,4.9610725115515955,-0.3624511905673351,-3.2532426208910903,-3.019650389514735,-1.116217799055115,0.5852242728809568,1.1073287113845964,0.6490344013924529,0.0334569098111893
4.9610725115515955,9.091074150237896,4.918407677589245,-0.34380313290960424,-3.149274216814994,-2.8735072766864365,-1.0421983366899477,0.4647261193926802,0.7763328467799078,0.28707911397718644
-0.3624511905673351,4.918407677589245,9.044231532837774,4.910467544263639,-0.2782074336371227,-3.023767469453961,-2.769901132198139,-1.0772643830036137,0.22971292082822392,0.4340104875485621
-3.2532426208910903,-0.34380313290960424,4.910467544263639,8.999148631698056,4.846849957773248,-0.3107256303822164,-2.9718205076205533,-2.6261802587058525,-0.9194682432310428,0.2564634479817469
-3.019650389514735,-3.149274216814994,-0.2782074336371227,4.846849957773248,8.779584682586199,4.579178644851139,-0.39705356240972856,-2.6669732349826383,-1.9593728534300026,-0.295236290485269
-1.116217799055115,-2.8735072766864365,-3.023767469453961,-0.3107256303822164,4.579178644851139,8.377151258185727,4.343874158710376,-0.11902638880712527,-1.7942263057125383,-0.93791180013575
0.5852242728809568,-1.0421983366899477,-2.769901132198139,-2.9718205076205533,-0.39705356240972856,4.343874158710376,8.120963240884553,4.30376989780721,0.24539987485464942,-1.1037296268412908
1.1073287113845964,0.4647261193926802,-1.0772643830036137,-2.6261802587058525,-2.6669732349826383,-0.11902638880712527,4.30376989780721,7.58257105602774,3.4515569920889466,-0.3009589206434462
0.6490344013924529,0.7763328467799078,0.22971292082822392,-0.9194682432310428,-1.9593728534300026,-1.7942263057125383,0.24539987485464942,3.4515569920889466,5.510457911226015,1.3510225330080887
0.0334569098111893,0.28707911397718644,0.4340104875485621,0.2564634479817469,-0.295236290485269,-0.93791180013575,-1.1037296268412908,-0.3009589206434462,1.3510225330080887,2.84446749175408
