1.018744895303342,-0.06102327011376975,0.04805388126822459,-0.03731162915105633,0.02890690010391577,-0.021959758685058246,0.016373000005014092,-0.011533962607163196,0.007614835142814037,-0.0036162129947432254
-0.06102327011376975,1.0183380719018524,-0.06051481821013143,0.0473975402834875,-0.03650500917528819,0.0278390367734044,-0.020697572189982673,0.01460270054903914,-0.00962401609761209,0.004560416064039058
0.04805388126822459,-0.06051481821013143,1.017702589294349,-0.05969452620532697,0.04638937746299624,-0.035170433012647884,0.02626141062833042,-0.018485243186727653,0.012215170192018317,-0.005807382480635264
-0.03731162915105633,0.0473975402834875,-0.05969452620532697,1.0166436875611793,-0.05839320784983233,0.04466652722254678,-0.03313419503412747,0.023405194036147353,-0.015404168178726512,0.007286849252325756
0.02890690010391577,-0.03650500917528819,0.04638937746299624,-0.05839320784983233,1.0150442619395745,-0.05627606880438177,0.042163574578536374,-0.029624770925553982,0.019616972812411114,-0.009350404196292638
-0.021959758685058246,0.0278390367734044,-0.035170433012647884,0.04466652722254678,-0.05627606880438177,1.0122410735251708,-0.05296344007085424,0.03751602338785573,-0.024612984819264924,0.011596674445529486
0.016373000005014092,-0.020697572189982673,0.02626141062833042,-0.03313419503412747,0.042163574578536374,-0.05296344007085424,1.0083238589453505,-0.04747294062852333,0.031586082658396325,-0.015144000357271353
-0.011533962607163196,0.01460270054903914,-0.018485243186727653,0.023405194036147353,-0.029624770925553982,0.03751602338785573,-0.04747294062852333,1.0006173425451628,-0.039168447242861185,0.018282986982543367
0.007614835142814037,-0.00962401609761209,0.012215170192018317,-0.015404168178726512,0.019616972812411114,-0.024612984819264924,0.031586082658396325,-0.039168447242861185,0.9916358447008978,-0.024854502199500153
-0.0036162129947432254,0.004560416064039058,-0.005807382480635264,0.007286849252325756,-0.009350404196292638,0.011596674445529486,-0.015144000357271353,0.018282986982543367,-0.024854502199500153,0.9686578377245075
