0.9293328764199151,0.6653491151352358,0.4968884237746636,0.35946286522083387,0.2502437257104168,0.16564450217067653,0.10189060788242074,0.05539277837742024,0.022977742992142895,0.0020186241911134654
0.6653491151352358,0.9270722140513524,0.6620645492549792,0.49229325180023686,0.3532332423045859,0.2420308537154539,0.15509730032319916,0.08869300881975095,0.03932080650928342,0.003982618584318488
0.4968884237746636,0.6620645492549792,0.9221514358632751,0.6550132072587417,0.482538685891424,0.3401380305725773,0.22492209483569608,0.13331837668358945,0.06168637118416311,0.006752312644879829
0.35946286522083387,0.49229325180023686,0.6550132072587417,0.9118648250448155,0.6405752955556042,0.4629107785288997,0.31419562468981516,0.1915245697285029,0.09142464726680258,0.010532883113780266
0.2502437257104168,0.3532332423045859,0.482538685891424,0.6405752955556042,0.8913675491812814,0.6124388999549786,0.42539693109519716,0.2654987095812134,0.12992828602080653,0.015548036980263122
0.16564450217067653,0.2420308537154539,0.3401380305725773,0.4629107785288997,0.6124388999549786,0.8524331419849636,0.5601569762922738,0.3570745216304704,0.17850560284907607,0.0220270728806579
0.10189060788242074,0.15509730032319916,0.22492209483569608,0.31419562468981516,0.42539693109519716,0.5601569762922738,0.7817895188613371,0.4673059176160825,0.238182729009207,0.03018312218868808
0.05539277837742024,0.08869300881975095,0.13331837668358945,0.1915245697285029,0.2654987095812134,0.3570745216304704,0.4673059176160825,0.6591048320640883,0.30941146510096385,0.04017937879272948
0.022977742992142895,0.03932080650928342,0.06168637118416311,0.09142464726680258,0.12992828602080653,0.17850560284907607,0.238182729009207,0.30941146510096385,0.45490384201593626,0.05207942891587162
0.0020186241911134654,0.003982618584318488,0.006752312644879829,0.010532883113780266,0.015548036980263122,0.0220270728806579,0.03018312218868808,0.04017937879272948,0.05207942891587162,0.1290256339173764
