7.280857064686976,-4.726849652386921,4.719751512082358,-3.937809319815807,3.5018906376744225,-2.917122490599734,2.3845088158080356,-1.8618924618554442,1.2607975711672488,-0.8596409236062313
-4.726849652386921,6.768929978854763,-4.211140285653796,4.202741947514712,-3.4139297219441382,2.9834547586936884,-2.376722941677538,1.8829615374119166,-1.2640623473451207,0.8667713121757616
4.719751512082358,-4.211140285653796,6.24940981939148,-3.6903115783872416,3.6749896552382078,-2.8916675701549237,2.4390528846021406,-1.8714909891195717,1.2806674164333125,-0.867228799527445
-3.937809319815807,4.202741947514712,-3.6903115783872416,5.727266479083335,-3.161233393117462,3.151401698511083,-2.345914628118851,1.932500760588761,-1.2677827106747286,0.88260294977609
3.5018906376744225,-3.4139297219441382,3.6749896552382078,-3.161233393117462,5.191147491468663,-2.6307082381184905,2.5983489371494524,-1.8327348073267888,1.3205378815410338,-0.8649422646330961
-2.917122490599734,2.9834547586936884,-2.8916675701549237,3.151401698511083,-2.6307082381184905,4.666090465494049,-2.0835078247474,2.090273723068127,-1.2276435833415522,0.9207512240653976
2.3845088158080356,-2.376722941677538,2.4390528846021406,-2.345914628118851,2.5983489371494524,-2.0835078247474,4.0954696231325585,-1.5544224390765808,1.4583903127814837,-0.8134758666684493
-1.8618924618554442,1.8829615374119166,-1.8714909891195717,1.932500760588761,-1.8327348073267888,2.090273723068127,-1.5544224390765808,3.6033201960001726,-0.9704491129198103,1.068521056959758
1.2607975711672488,-1.2640623473451207,1.2806674164333125,-1.2677827106747286,1.3205378815410338,-1.2276435833415522,1.4583903127814837,-0.9704491129198103,2.901269472263659,-0.5189233084880955
-0.8596409236062313,0.8667713121757616,-0.867228799527445,0.88260294977609,-0.8649422646330961,0.9207512240653976,-0.8134758666684493,1.068521056959758,-0.5189233084880955,2.57895459121985
