24.17047761944945,-19.728186124085354,13.24845374277253,-6.224025514504774,0.29024242205094497,3.487553619974549,-4.791016373675747,4.038312518914341,-2.199810766676846,0.4897981305402915
-19.728186124085354,23.404731227553935,-19.14460853530465,12.979995486299224,-6.3608867254677754,0.8574913541954509,2.5428860089201044,-3.599741761991449,2.7941825992509246,-1.130871294413582
13.24845374277253,-19.14460853530465,22.544724851028004,-18.135693771924302,11.99379058479132,-5.58627140344743,0.46714528831694324,2.427089680517689,-2.9361038151374355,1.6391086553047671
-6.224025514504774,12.979995486299224,-18.135693771924302,20.89270786231104,-16.071459791520457,9.854967422451052,-3.766943065961957,-0.649396819170895,2.5420022651378797,-1.9019645258749687
0.29024242205094497,-6.3608867254677754,11.99379058479132,-16.071459791520457,18.00448541959735,-12.800611853963094,6.77044140026684,-1.4739669407291573,-1.6189244462766965,1.8390505623670947
3.487553619974549,0.8574913541954509,-5.58627140344743,9.854967422451052,-12.800611853963094,14.076479244058905,-8.873889864636006,3.5858657771987055,0.27458273549223405,-1.4213365754888083
-4.791016373675747,2.5428860089201044,0.46714528831694324,-3.766943065961957,6.77044140026684,-8.873889864636006,9.942531520249005,-5.286491062083147,1.2903247215879605,0.6830741110325077
4.038312518914341,-3.599741761991449,2.427089680517689,-0.649396819170895,-1.4739669407291573,3.5858657771987055,-5.286491062083147,6.578432559532088,-2.8082982821053175,0.27671995106878405
-2.199810766676846,2.7941825992509246,-2.9361038151374355,2.5420022651378797,-1.6189244462766965,0.27458273549223405,1.2903247215879605,-2.8082982821053175,4.362121288924313,-1.3048102850406202
0.4897981305402915,-1.130871294413582,1.6391086553047671,-1.9019645258749687,1.8390505623670947,-1.4213365754888083,0.6830741110325077,0.27671995106878405,-1.3048102850406202,2.590853523264454
