1.0362991940066089,0.14379743415635207,0.20614645955463,0.1043055157424464,0.13801059953373476,0.07029982112624039,0.08434439387548195,0.04023828012611381,0.03942289655580293,0.012524300775349204
0.14379743415635207,1.0312067596624181,0.1390947097699057,0.19923179659203424,0.09813757250659547,0.12860325474399817,0.06223876102930059,0.07151782713310302,0.02974804213042956,0.021891989528965428
0.20614645955463,0.1390947097699057,1.0243268242675718,0.13292382880821874,0.18987456737719474,0.0900680545303423,0.1158493669594875,0.05173022977297961,0.05409283097054589,0.016132354261544656
0.1043055157424464,0.19923179659203424,0.13292382880821874,1.0149197279902895,0.1248585292603555,0.17704871611626719,0.07957166836863022,0.09832000742324266,0.038140810117781254,0.030071117633800014
0.13801059953373476,0.09813757250659547,0.18987456737719474,0.1248585292603555,1.0021654833542377,0.11435608564499594,0.1596226925578823,0.06596480896079485,0.07444815470760287,0.020621438946891224
0.07029982112624039,0.12860325474399817,0.0900680545303423,0.17704871611626719,0.11435608564499594,0.9846366362390818,0.10075792443973729,0.13560245451051647,0.0484704804084957,0.041436192053043074
0.08434439387548195,0.06223876102930059,0.1158493669594875,0.07957166836863022,0.1596226925578823,0.10075792443973729,0.9607640477122092,0.08325110570055942,0.10280356582232764,0.02610613038683452
0.04023828012611381,0.07151782713310302,0.05173022977297961,0.09832000742324266,0.06596480896079485,0.13560245451051647,0.08325110570055942,0.9277531416460335,0.06090469096689479,0.05729190529962664
0.03942289655580293,0.02974804213042956,0.05409283097054589,0.038140810117781254,0.07444815470760287,0.0484704804084957,0.10280356582232764,0.06090469096689479,0.882545927547664,0.03264058490720915
0.012524300775349204,0.021891989528965428,0.016132354261544656,0.030071117633800014,0.020621438946891224,0.041436192053043074,0.02610613038683452,0.05729190529962664,0.03264058490720915,0.8195844026192378
