0.48387933220943086,0.08985931155441287,0.28964566725502583,0.07923232231964214,0.19239176273296457,0.059591284593228044,0.11899622741419845,0.03543910365179581,0.059950862389357526,0.008880662386421597
0.08985931155441287,0.4742409750026992,0.08391801980964737,0.2764665897282962,0.0724583352792528,0.1741797846062231,0.05231977994549462,0.09353299381227903,0.02847235311932042,0.023895331304602002
0.28964566725502583,0.08391801980964737,0.4687625188046401,0.076051754551833,0.2696123477240705,0.06198677887370471,0.16569360203962674,0.0382895452935116,0.08317744988932677,0.00953013650266437
0.07923232231964214,0.2764665897282962,0.076051754551833,0.4507054725533071,0.06716923603438794,0.244603018642385,0.05261195472605805,0.1306399758030087,0.029623230648399036,0.03341096095147212
0.19239176273296457,0.0724583352792528,0.2696123477240705,0.06716923603438794,0.441993896294727,0.0554826918784639,0.233587137940097,0.037172984947802926,0.11680406566258078,0.009125262211687168
0.059591284593228044,0.1741797846062231,0.06198677887370471,0.244603018642385,0.0554826918784639,0.40726817105493185,0.04340679445781606,0.18478130183275113,0.02652782272651652,0.04731165376857593
0.11899622741419845,0.05231977994549462,0.16569360203962674,0.05261195472605805,0.233587137940097,0.04340679445781606,0.3929552330847934,0.027869060626644154,0.16616286730010976,0.006564540088613048
0.03543910365179581,0.09353299381227903,0.0382895452935116,0.1306399758030087,0.037172984947802926,0.18478130183275113,0.027869060626644154,0.3241567975815992,0.015023453260791082,0.06789749415198632
0.059950862389357526,0.02847235311932042,0.08317744988932677,0.029623230648399036,0.11680406566258078,0.02652782272651652,0.16616286730010976,0.015023453260791082,0.29889290106754524,-8.073326403198736e-05
0.008880662386421597,0.023895331304602002,0.00953013650266437,0.03341096095147212,0.009125262211687168,0.04731165376857593,0.006564540088613048,0.06789749415198632,-8.073326403198736e-05,0.1580796186799016
