0.7274007083121609,0.140439623036248,0.08697734984916089,0.06046651249576072,0.043630928486070863,0.03153685227055319,0.022345243909366264,0.01509253942536742,0.009130324326219463,0.003973503010158772
0.140439623036248,0.7270148918391905,0.13992456514038437,0.08628976222829635,0.059548624834332944,0.04240569933642287,0.02990177930266593,0.020164971629656615,0.012192715247188655,0.005305325232424931
0.08697734984916089,0.13992456514038437,0.7263272990034702,0.1390066482155871,0.0850643986384326,0.057912964518520196,0.040222898668562906,0.026991120225700167,0.016293606993780692,0.0070857586914733275
0.06046651249576072,0.08628976222829635,0.1390066482155871,0.7251019056412664,0.13737082083110985,0.08288083043260033,0.05499895219019905,0.03633709911153714,0.0218223057192436,0.009473172376642022
0.043630928486070863,0.059548624834332944,0.0850643986384326,0.13737082083110985,0.7229181674609855,0.13445585468444463,0.0789906488940707,0.0498109935033268,0.029434253513087615,0.012705495397231056
0.03153685227055319,0.04240569933642287,0.057912964518520196,0.08288083043260033,0.13445585468444463,0.7190270155145838,0.1292624505154039,0.07206278595108072,0.04058488638100122,0.017213725680588474
0.022345243909366264,0.02990177930266593,0.040222898668562906,0.05499895219019905,0.0789906488940707,0.1292624505154039,0.7120936123774926,0.12000525437467925,0.05969943060383658,0.02405805462649499
0.01509253942536742,0.020164971629656615,0.026991120225700167,0.03633709911153714,0.0498109935033268,0.07206278595108072,0.12000525437467925,0.6996986272881953,0.10330093107119528,0.03672716084691048
0.009130324326219463,0.012192715247188655,0.016293606993780692,0.0218223057192436,0.029434253513087615,0.04058488638100122,0.05969943060383658,0.10330093107119528,0.676545778915414,0.06874512160076698
0.003973503010158772,0.005305325232424931,0.0070857586914733275,0.009473172376642022,0.012705495397231056,0.017213725680588474,0.02405805462649499,0.03672716084691048,0.06874512160076698,0.6137863839767472
