5.225937391029381,-3.817130800738174,2.8471588132112555,-2.111721224496255,1.5538036771879538,-1.1260169070984654,0.792601198107538,-0.5255975148957365,0.30268284237839216,-0.10481335855042268
-3.817130800738174,5.209776532038208,-3.7955657883965976,2.8183825078557256,-2.073322210573893,1.502563968387603,-1.0576438739948775,0.7013562868469561,-0.40389925717731023,0.1398627047192389
2.8471588132112555,-3.7955657883965976,5.181000230138262,-3.7571667540089226,2.767142953720854,-2.004948063306597,1.4113271533314067,-0.9358868784700369,0.5389624164154987,-0.18663245241965398
-2.111721224496255,2.8183825078557256,-3.7571667540089226,5.129760642541453,-3.688792804916237,2.675904640970924,-1.8832018567180884,1.2488548837984284,-0.7191888576794034,0.2490420295730833
1.5538036771879538,-2.073322210573893,2.767142953720854,-3.688792804916237,5.038522653818166,-3.5670446793159716,2.5134468742638947,-1.6663993619203157,0.959693669875402,-0.33232024972760343
-1.1260169070984654,1.502563968387603,-2.004948063306597,2.675904640970924,-3.5670446793159716,4.8760617494188985,-3.3502607671515343,2.2241452231100625,-1.280542421646612,0.44345358744817276
0.792601198107538,-1.0576438739948775,1.4113271533314067,-1.8832018567180884,2.5134468742638947,-3.3502607671515343,4.5867904819165455,-2.964223883080958,1.709265056044531,-0.5916983212784903
-0.5255975148957365,0.7013562868469561,-0.9358868784700369,1.2488548837984284,-1.6663993619203157,2.2241452231100625,-2.964223883080958,4.071616096614489,-2.277122257498228,0.7898882714142572
0.30268284237839216,-0.40389925717731023,0.5389624164154987,-0.7191888576794034,0.959693669875402,-1.280542421646612,1.709265056044531,-2.277122257498228,3.155088356338379,-1.051649173913151
-0.10481335855042268,0.1398627047192389,-0.18663245241965398,0.2490420295730833,-0.33232024972760343,0.44345358744817276,-0.5916983212784903,0.7898882714142572,-1.051649173913151,1.510087370013121
