0.5530247314365395,-0.15109305892061456,0.14121749187272226,-0.09345974892065616,0.08817774500148591,-0.055837269121257666,0.050836991290789085,-0.030263223421470815,0.022548411291900845,-0.011126477024270654
-0.15109305892061456,0.5492475547630203,-0.15047718272451552,0.13625124916260445,-0.09159436650990332,0.08141909962498134,-0.051984375253434315,0.04135390858410487,-0.023276390339860738,0.008899704612439451
0.14121749187272226,-0.15047718272451552,0.5466904560334347,-0.14913445734346753,0.1326883218974904,-0.08910347738421802,0.07632019506592339,-0.04769126595049461,0.03389884322522834,-0.01616630545578492
-0.09345974892065616,0.13625124916260445,-0.14913445734346753,0.5400451996336403,-0.14597486555695208,0.12350072229962919,-0.0830677794555302,0.0632558842052184,-0.037134752230752965,0.014893776502252296
0.08817774500148591,-0.09159436650990332,0.1326883218974904,-0.14597486555695208,0.5348012219078104,-0.14079472533281442,0.1156676072257955,-0.07474078449195663,0.05142744991831666,-0.023914806155145345
-0.055837269121257666,0.08141909962498134,-0.08910347738421802,0.12350072229962919,-0.14079472533281442,0.5219225218915443,-0.13137310486721807,0.09714622834388928,-0.05866832703720967,0.024243782547368878
0.050836991290789085,-0.051984375253434315,0.07632019506592339,-0.0830677794555302,0.1156676072257955,-0.13137310486721807,0.5098566116720501,-0.11670114323327449,0.07852570966338479,-0.035856921726269114
-0.030263223421470815,0.04135390858410487,-0.04769126595049461,0.0632558842052184,-0.07474078449195663,0.09714622834388928,-0.11670114323327449,0.48297677794148663,-0.0920979026869377,0.038797261699474374
0.022548411291900845,-0.023276390339860738,0.03389884322522834,-0.037134752230752965,0.05142744991831666,-0.05866832703720967,0.07852570966338479,-0.0920979026869377,0.45381553875256886,-0.05429334947779508
-0.011126477024270654,0.008899704612439451,-0.01616630545578492,0.014893776502252296,-0.023914806155145345,0.024243782547368878,-0.035856921726269114,0.038797261699474374,-0.05429334947779508,0.39478421091429405
