6.77286464447083,3.3389278945625693,4.466225017763108,2.7113884829746997,3.1889135873056063,1.9831355360581742,2.0461689034912176,1.2025917374756268,0.9795820550471119,0.3990789671652123
3.3389278945625693,6.488523351875771,3.042146884303556,4.149741783785621,2.382582194654862,2.8363098986358324,1.619294509368086,1.6527574040131605,0.8007168115228949,0.5397163790308789
4.466225017763108,3.042146884303556,6.148233827679934,2.7187368282344795,3.7637852506930782,2.0335842550416414,2.3945199029150883,1.2484183251899772,1.1405721285641743,0.4162697842877624
2.7113884829746997,4.149741783785621,2.7187368282344795,5.794406961344213,2.362455975476491,3.367009230978966,1.6426754056709256,1.9476276633913543,0.8221344878527939,0.6340601088209318
3.1889135873056063,2.382582194654862,3.7637852506930782,2.362455975476491,5.354267802038166,1.9813763590611853,2.859364810614479,1.2434282401959265,1.3529942494040594,0.4180858819526341
1.9831355360581742,2.8363098986358324,2.0335842550416414,3.367009230978966,1.9813763590611853,4.905147545322851,1.5688633728121006,2.3467243198109484,0.8028901498285083,0.7609775111649314
2.0461689034912176,1.619294509368086,2.3945199029150883,1.6426754056709256,2.859364810614479,1.5688633728121006,4.313521128613896,1.1462292228242112,1.644047530209368,0.3917682507217739
1.2025917374756268,1.6527574040131605,1.2484183251899772,1.9476276633913543,1.2434282401959265,2.3467243198109484,1.1462292228242112,3.717446058748732,0.7109436412305319,0.9382344400968132
0.9795820550471119,0.8007168115228949,1.1405721285641743,0.8221344878527939,1.3529942494040594,0.8028901498285083,1.644047530209368,0.7109436412305319,2.867760164456249,0.31606992639988796
0.3990789671652123,0.5397163790308789,0.4162697842877624,0.6340601088209318,0.4180858819526341,0.7609775111649314,0.3917682507217739,0.9382344400968132,0.31606992639988796,2.0046811666569777
