9.408441544824058,3.4506334106447247,2.293411753671671,1.2421641984602065,0.7145017265749618,0.3990837294939662,0.21775725879946556,0.10857188647465524,0.025938934208229895,0.0015207157414481782
3.4506334106447247,9.407461594894142,3.448909877024607,2.290384663388494,1.2368243085981245,0.7052099921891946,0.3822161027982376,0.19101113898498237,0.04559154540477212,0.002674361718505205
2.293411753671671,3.448909877024607,9.404430247818599,3.4435858386059577,2.280992872576341,1.2204820551484137,0.6755431000045711,0.33517591036544425,0.08023696301255834,0.004698533328301948
1.2421641984602065,2.290384663388494,3.4435858386059577,9.39507948582767,3.42709080203149,2.2522903678647372,1.1683780862504676,0.5929206019108557,0.1406447940814448,0.008280266116214229
0.7145017265749618,1.2368243085981245,2.280992872576341,3.42709080203149,9.365981527444065,3.376459423520058,2.160372682727938,1.0226538558964122,0.2496257564177034,0.014452458270852002
0.3990837294939662,0.7052099921891946,1.2204820551484137,2.2522903678647372,3.376459423520058,9.277875397258962,3.216541724810769,1.906668903671323,0.42603946836781204,0.025990751719152393
0.21775725879946556,0.3822161027982376,0.6755431000045711,1.1683780862504676,2.160372682727938,3.216541724810769,8.987434189324256,2.756730175190066,0.8195161291815407,0.04251473423265523
0.10857188647465524,0.19101113898498237,0.33517591036544425,0.5929206019108557,1.0226538558964122,1.906668903671323,2.756730175190066,8.25437277588713,1.0546400283413793,0.09219383224472183
0.025938934208229895,0.04559154540477212,0.08023696301255834,0.1406447940814448,0.2496257564177034,0.42603946836781204,0.8195161291815407,1.0546400283413793,4.114163518673754,0.0664641564507108
0.0015207157414481782,0.002674361718505205,0.004698533328301948,0.008280266116214229,0.014452458270852002,0.025990751719152393,0.04251473423265523,0.09219383224472183,0.0664641564507108,0.783683347468379
