3.1019145680101063,-1.0245921048519289,0.13343404777397355,0.14512778140110338,-0.14473684392908426,0.07684875767523719,-0.02434932179898298,0.00022792794930716142,0.005421086535250119,-0.0032976002985807464
-1.0245921048519289,3.1019084649832425,-1.0245861783706023,0.13344028613378447,0.145083420906386,-0.144620895970529,0.07666137914918207,-0.024229005695675855,0.0006163238970715701,0.003684575235387399
0.13343404777397355,-1.0245861783706023,3.1019002008601113,-1.0245842231739242,0.13346811846991946,0.14498647236399925,-0.14442604202159756,0.07643884649521074,-0.024321783285264992,0.0018302196817104805
0.14512778140110338,0.13344028613378447,-1.0245842231739242,3.101868233232216,-1.0244901922343528,0.13329963387385302,0.14513682136015704,-0.14421146806974022,0.07513362134357086,-0.021038146206668232
-0.14473684392908426,0.145083420906386,0.13346811846991946,-1.0244901922343528,3.1014531677084447,-1.0235523528341877,0.13201600699985178,0.14536914735430667,-0.13966048861978353,0.059641457227002426
0.07684875767523719,-0.144620895970529,0.14498647236399925,0.13329963387385302,-1.0235523528341877,3.099152781796311,-1.0200728657835467,0.13038926116988592,0.13621696678238365,-0.10372395863763398
-0.02434932179898298,0.07666137914918207,-0.14442604202159756,0.14513682136015704,0.13201600699985178,-1.0200728657835467,3.093333501891442,-1.0158356071024428,0.14085237732427155,0.08532951678654777
0.00022792794930716142,-0.024229005695675855,0.07643884649521074,-0.14421146806974022,0.14536914735430667,0.13038926116988592,-1.0158356071024428,3.086508999927861,-1.01151265010227,0.15518676616184357
0.005421086535250119,0.0006163238970715701,-0.024321783285264992,0.07513362134357086,-0.13966048861978353,0.13621696678238365,0.14085237732427155,-1.01151265010227,3.029559116567944,-0.8474607040316627
-0.0032976002985807464,0.003684575235387399,0.0018302196817104805,-0.021038146206668232,0.059641457227002426,-0.10372395863763398,0.08532951678654777,0.15518676616184357,-0.8474607040316627,2.4465296258683127
