1.4676391313281003,-0.29436533376577817,0.14628687292760748,-0.08889223983461271,0.05537117688384431,-0.034567536279757796,0.02155871333263261,-0.013405573749553154,0.008330678881273743,-0.006056619361712897
-0.29436533376577817,1.4676321239385686,-0.2943541221450636,0.14626893477890107,-0.08886354130287528,0.0553252900106065,-0.03449456567211635,0.021448629637485186,-0.013328861687011948,0.009690424244235798
0.14628687292760748,-0.2943541221450636,1.467614185669478,-0.29432542162560504,0.146223017957608,-0.0887901236320523,0.05520853914860921,-0.03431843495864663,0.02132589280794123,-0.015504418743608939
-0.08889223983461271,0.14626893477890107,-0.29432542162560504,1.4675682659760592,-0.2942519565317892,0.14610555259576105,-0.08860332689793339,0.05492673724230121,-0.034122064673715854,0.024806754177922268
0.05537117688384431,-0.08886354130287528,0.146223017957608,-0.2942519565317892,1.4674507320911208,-0.29406402838125756,0.14580670417239508,-0.08815248699621707,0.05461262854242932,-0.03969179636723976
-0.034567536279757796,0.0553252900106065,-0.0887901236320523,0.14610555259576105,-0.29406402838125756,1.4671502488457948,-0.29358619517899964,0.14508590015419012,-0.08765108982202292,0.06353074992372587
0.02155871333263261,-0.03449456567211635,0.05520853914860921,-0.08860332689793339,0.14580670417239508,-0.29358619517899964,1.4663904412918458,-0.29244079260949113,0.14430109621698572,-0.1020198113677448
-0.013405573749553154,0.021448629637485186,-0.03431843495864663,0.05492673724230121,-0.08815248699621707,0.14508590015419012,-0.29244079260949113,1.4646750921100218,-0.2914448517807864,0.16878140905759098
0.008330678881273743,-0.013328861687011948,0.02132589280794123,-0.034122064673715854,0.05461262854242932,-0.08765108982202292,0.14430109621698572,-0.2914448517807864,1.4669544830146717,-0.35284205582919465
-0.006056619361712897,0.009690424244235798,-0.015504418743608939,0.024806754177922268,-0.03969179636723976,0.06353074992372587,-0.1020198113677448,0.16878140905759098,-0.35284205582919465,1.8966614735210543
