5.109577742248227,1.9051846847854614,1.7600522050548224,1.1692134745540579,0.8679847076118479,0.6079930445646654,0.4225197051827727,0.27638402767842346,0.15932221848339012,0.05790795379258612
1.9051846847854614,5.103293875871573,1.8965552521473377,1.7482014649958182,1.1529397251721063,0.8456342811183174,0.5773074175389936,0.3803519672147029,0.21857814071592038,0.07956639721694637
1.7600522050548224,1.8965552521473377,5.091443342902002,1.880281031028945,1.7258531514580415,1.1222469196276132,0.8034934899605379,0.5194041535463523,0.3009530790045214,0.10911004057246275
1.1692134745540579,1.7482014649958182,1.880281031028945,5.069093990993821,1.8495905908256185,1.6837017656953246,1.0643796495599824,0.7239594873217393,0.41042431311325855,0.15040946080376413
0.8679847076118479,1.1529397251721063,1.7258531514580415,1.8495905908256185,5.026947811740607,1.791711460663351,1.6042208856330804,0.955219331416945,0.5740933485192442,0.2044672814432087
0.6079930445646654,0.8456342811183174,1.1222469196276132,1.6837017656953246,1.791711460663351,4.947440825636533,1.6826106104088283,1.4540883840774237,0.750167235893122,0.288407111616752
0.4225197051827727,0.5773074175389936,0.8034934899605379,1.0643796495599824,1.6042208856330804,1.6826106104088283,4.797439222799032,1.477260336002563,1.1697377208777435,0.3682497388094888
0.27638402767842346,0.3803519672147029,0.5194041535463523,0.7239594873217393,0.955219331416945,1.4540883840774237,1.477260336002563,4.512432218261732,1.0968379423798917,0.6072573892176147
0.15932221848339012,0.21857814071592038,0.3009530790045214,0.41042431311325855,0.5740933485192442,0.750167235893122,1.1697377208777435,1.0968379423798917,3.953242858106401,0.4631534772121958
0.05790795379258612,0.07956639721694637,0.10911004057246275,0.15040946080376413,0.2044672814432087,0.288407111616752,0.3682497388094888,0.6072573892176147,0.4631534772121958,2.5763938701269575
