2.5031205307049484,-1.5674255772819534,1.099001597511713,-0.7753110640373022,0.54193558021023,-0.3702537195720965,0.2405982726989229,-0.13864164700259954,0.05598681030498135,-0.008775263991843552
-1.5674255772819534,2.4967488580073796,-1.558518685463896,1.0865508709504654,-0.7579074711900972,0.5176167572448681,-0.3363355983062526,0.1938067001255764,-0.0782636100837662,0.012266874643963
1.099001597511713,-1.558518685463896,2.4842980110124775,-1.5411139505057123,1.0622225781883698,-0.7239124535767572,0.4702029848440054,-0.27092616606472397,0.10940487669540837,-0.01714779697983784
-0.7753110640373022,1.0865508709504654,-1.5411139505057123,2.45996835704229,-1.5071060241193277,1.014701772881705,-0.6576338960784127,0.37876871315732846,-0.1529427266772291,0.023971025240549226
0.54193558021023,-0.7579074711900972,1.0622225781883698,-1.5071060241193277,2.4124321666052344,-1.4406815644936053,0.9220577558069569,-0.5298271199963717,0.21385022301670792,-0.033510990919492833
-0.3702537195720965,0.5176167572448681,-0.7239124535767572,1.014701772881705,-1.4406815644936053,2.3196142582360695,-1.3112257214785232,0.7434660509386488,-0.29936657330754657,0.046861628067355984
0.2405982726989229,-0.3363355983062526,0.4702029848440054,-0.6576338960784127,0.9220577558069569,-1.3112257214785232,2.139057137313049,-1.0621265037948433,0.42193518384428913,-0.06564400909301202
-0.13864164700259954,0.1938067001255764,-0.27092616606472397,0.37876871315732846,-0.5298271199963717,0.7434660509386488,-1.0621265037948433,1.7953120456303435,-0.6177393210048892,0.09286703309792164
0.05598681030498135,-0.0782636100837662,0.10940487669540837,-0.1529427266772291,0.21385022301670792,-0.29936657330754657,0.42193518384428913,-0.6177393210048892,1.2151663823754766,-0.13874279425727765
-0.008775263991843552,0.012266874643963,-0.01714779697983784,0.023971025240549226,-0.033510990919492833,0.046861628067355984,-0.06564400909301202,0.09286703309792164,-0.13874279425727765,0.39199977584624257
