0.2730388921692569,0.08186793860311739,0.047144587113934835,0.027716815168528468,0.016233834899345732,0.009709582341318503,0.006075881977503084,0.004217516874469552,0.0037950990479330374,0.003915459103449232
0.08186793860311739,0.273086523941763,0.08194992144376768,0.047284639799915776,0.027959611045875542,0.016642763513821573,0.010438275884343023,0.0072372523359977405,0.006513306499631583,0.006720053771198918
0.047144587113934835,0.08194992144376768,0.273227632185249,0.08219097556801369,0.04770254399199784,0.02866342614354151,0.017897067723432167,0.012436909890521278,0.011189732361093824,0.011544312678655884
0.027716815168528468,0.047284639799915776,0.08219097556801369,0.2736394348296575,0.08290485870037341,0.04890496574669534,0.030805867587664362,0.021312352645108598,0.019185595274215372,0.019795592326098968
0.016233834899345732,0.027959611045875542,0.04770254399199784,0.08290485870037341,0.27487712598828196,0.08498910284745548,0.05262015216172465,0.03672328803859687,0.03302341674910986,0.03406649062212502
0.009709582341318503,0.016642763513821573,0.02866342614354151,0.04890496574669534,0.08498910284745548,0.278388441038221,0.09124292712355137,0.06259766480086272,0.0564092296227474,0.05821410423239504
0.006075881977503084,0.010438275884343023,0.017897067723432167,0.030805867587664362,0.05262015216172465,0.09124292712355137,0.2895444123093741,0.1089843190578226,0.09780897821612097,0.10086018006873457
0.004217516874469552,0.0072372523359977405,0.012436909890521278,0.021312352645108598,0.03672328803859687,0.06259766480086272,0.1089843190578226,0.31794376001892455,0.16467554995843556,0.17007372879729232
0.0037950990479330374,0.006513306499631583,0.011189732361093824,0.019185595274215372,0.03302341674910986,0.0564092296227474,0.09780897821612097,0.16467554995843556,0.4295844169875733,0.3023774176137094
0.003915459103449232,0.006720053771198918,0.011544312678655884,0.019795592326098968,0.03406649062212502,0.05821410423239504,0.10086018006873457,0.17007372879729232,0.3023774176137094,0.6200848537910393
