2.3407841398419995,-0.9472924893469977,1.0014473331043003,-0.5842042086022861,0.5408821890396047,-0.3381283208286628,0.2834652977794845,-0.1725901850853158,0.12738700950468057,-0.050020527614417165
-0.9472924893469977,2.3357992922539905,-0.9415272182803293,0.9925650179009005,-0.5746977797295465,0.5247898105054741,-0.3229536347808141,0.253601184518222,-0.14981317071513958,0.07010180852331575
1.0014473331043003,-0.9415272182803293,2.3290504496614886,-0.9312823204111018,0.9813838880049885,-0.5562116615241088,0.506789168033194,-0.2888440926418988,0.2261268916852498,-0.08488953600440478
-0.5842042086022861,0.9925650179009005,-0.9312823204111018,2.313213680904577,-0.9144076805720291,0.9526659764666177,-0.5293282877267458,0.4534265486525053,-0.24865016685923308,0.12359212495870645
0.5408821890396047,-0.5746977797295465,0.9813838880049885,-0.9144076805720291,2.294655249780128,-0.8840077576201153,0.9226904557030022,-0.4733655023040657,0.40738498390388755,-0.14246541936829618
-0.3381283208286628,0.5247898105054741,-0.5562116615241088,0.9526659764666177,-0.8840077576201153,2.242509830241611,-0.835718744439421,0.8256138391747042,-0.4015913750192257,0.22038905125590913
0.2834652977794845,-0.3229536347808141,0.506789168033194,-0.5293282877267458,0.9226904557030022,-0.835718744439421,2.1938121063007587,-0.7471990015428476,0.749985996805921,-0.23460205614322188
-0.1725901850853158,0.253601184518222,-0.2888440926418988,0.4534265486525053,-0.4733655023040657,0.8256138391747042,-0.7471990015428476,2.0126124130294683,-0.6167517682765375,0.39972647515407217
0.12738700950468057,-0.14981317071513958,0.2261268916852498,-0.24865016685923308,0.40738498390388755,-0.4015913750192257,0.749985996805921,-0.6167517682765375,1.8927305438390862,-0.3735866288617927
-0.050020527614417165,0.07010180852331575,-0.08488953600440478,0.12359212495870645,-0.14246541936829618,0.22038905125590913,-0.23460205614322188,0.39972647515407217,-0.3735866288617927,1.2125662349367663
