1.4522672482536108,-0.6632392794344071,0.31810435056658953,-0.15021391646826332,0.07667971988393882,-0.05146597674689946,0.04744094369875568,-0.043465556123387226,0.012323063756278396,0.09497704663558086
-0.6632392794344071,1.4602914136950826,-0.6760969348100577,0.33785927621837814,-0.17892054603966637,0.11506345043919086,-0.09565963816229384,0.081740579512562,-0.02528934699631972,-0.15756208720208126
0.31810435056658953,-0.6760969348100577,1.4808760199054052,-0.7076887239280678,0.38369549033961914,-0.24005631784623646,0.1850994779608865,-0.14906110076338572,0.04961490016907684,0.25251458822882894
-0.15021391646826332,0.33785927621837814,-0.7076887239280678,1.5292927029310446,-0.7777979065463853,0.47691020019243907,-0.34615105931184664,0.26412097039219173,-0.09387773226582147,-0.3880539383949451
0.07667971988393882,-0.17892054603966637,0.38369549033961914,-0.7777979065463853,1.6305331760707977,-0.911801711720821,0.6280219307101486,-0.4548541000859426,0.172141587398119,0.5640622493963763
-0.05146597674689946,0.11506345043919086,-0.24005631784623646,0.47691020019243907,-0.911801711720821,1.80660660104183,-1.1073074023951748,0.7602572961263413,-0.3066329236060107,-0.7545656650979619
0.04744094369875568,-0.09565963816229384,0.1850994779608865,-0.34615105931184664,0.6280219307101486,-1.1073074023951748,2.016477721177512,-1.2290594542655744,0.5309017897075081,0.8696084656505888
-0.043465556123387226,0.081740579512562,-0.14906110076338572,0.26412097039219173,-0.4548541000859426,0.7602572961263413,-1.2290594542655744,2.028584605147902,-0.8924876385721193,-0.6771593302883494
0.012323063756278396,-0.02528934699631972,0.04961490016907684,-0.09387773226582147,0.172141587398119,-0.3066329236060107,0.5309017897075081,-0.8924876385721193,1.5715187731239286,-0.3498754975892924
0.09497704663558086,-0.15756208720208126,0.25251458822882894,-0.3880539383949451,0.5640622493963763,-0.7545656650979619,0.8696084656505888,-0.6771593302883494,-0.3498754975892924,3.4419272576157973
