7.894574531472915,5.642697744428925,4.842238436452924,4.049729710302356,3.3383343801194507,2.686488349543266,2.083279635798922,1.517687028017294,0.9798233225318492,0.4566820203163566
5.642697744428925,7.739440145521556,5.465258049851988,4.639286359827799,3.8175971036953347,3.072825282222107,2.382807571358496,1.7359016336977413,1.1207027978521804,0.5223440238125738
4.842238436452924,5.465258049851988,7.536488072591518,5.2331254103389915,4.373777597440216,3.5139129594655247,2.725481112198047,1.9854833662004223,1.281838788969139,0.5974468732520101
4.049729710302356,4.639286359827799,5.2331254103389915,7.270979267732683,4.9294416443296445,4.026429571075219,3.11662744354625,2.271029402408117,1.4661351057975338,0.6833487932860471
3.3383343801194507,3.8175971036953347,4.373777597440216,4.9294416443296445,6.923631729531235,4.532151781153693,3.572022185973063,2.596834489985316,1.67700901216422,0.7815942950300219
2.686488349543266,3.072825282222107,3.5139129594655247,4.026429571075219,4.532151781153693,6.469218733489262,4.0124087948539575,2.9774923288593746,1.9174049714259171,0.8940404006211427
2.083279635798922,2.382807571358496,2.725481112198047,3.11662744354625,3.572022185973063,4.0124087948539575,5.874753368379666,3.3324049538247773,2.2003795169721845,1.0219022909759503
1.517687028017294,1.7359016336977413,1.9854833662004223,2.271029402408117,2.596834489985316,2.9774923288593746,3.3324049538247773,5.096899286985541,2.4435035216999257,1.1757029477934902
0.9798233225318492,1.1207027978521804,1.281838788969139,1.4661351057975338,1.67700901216422,1.9174049714259171,2.2003795169721845,2.4435035216999257,4.08074285126598,1.2756990237796637
0.4566820203163566,0.5223440238125738,0.5974468732520101,0.6833487932860471,0.7815942950300219,0.8940404006211427,1.0219022909759503,1.1757029477934902,1.2756990237796637,2.702818052882362
