4.509109277242707,1.7478952923790314,1.0746967645817695,0.5331675750972382,0.2905798235210265,0.15139527902835442,0.07986706738089465,0.040717297043205467,0.018815321143569683,0.00485192170229512
1.7478952923790314,4.509048769645166,1.7477809922897318,1.0744809111791644,0.5327596816318695,0.28981011922426136,0.14993829759633454,0.07712812040522457,0.03548909537377044,0.009169142839351871
1.0746967645817695,1.7477809922897318,4.5088328523266865,1.74737324564911,1.0737103642360584,0.5313057967969849,0.2870573962856482,0.14476622549119472,0.06724408060184803,0.017299987782611548
0.5331675750972382,1.0744809111791644,1.74737324564911,4.50806281075054,1.745918199907372,1.0709643038930252,0.5261092406664796,0.27728227960381235,0.1261333153594082,0.03275736330873972
0.2905798235210265,0.5327596816318695,1.0737103642360584,1.745918199907372,4.505312754596323,1.7407308227793696,1.0611365077207513,0.5076699196494212,0.24193433420961652,0.061537930929027526
0.15139527902835442,0.28981011922426136,0.5313057967969849,1.0709643038930252,1.7407308227793696,4.495516552311816,1.722218925666588,1.0262050859890643,0.44154387411320417,0.11764210479150652
0.07986706738089465,0.14993829759633454,0.2870573962856482,0.5261092406664796,1.0611365077207513,1.722218925666588,4.460335325547168,1.656666721315052,0.8986195072999594,0.21632286144279292
0.040717297043205467,0.07712812040522457,0.14476622549119472,0.27728227960381235,0.5076699196494212,1.0262050859890643,1.656666721315052,4.33472489328369,1.4269084887521275,0.4332395325077023
0.018815321143569683,0.03548909537377044,0.06724408060184803,0.1261333153594082,0.24193433420961652,0.44154387411320417,0.8986195072999594,1.4269084887521275,3.853727925685393,0.7151923156121544
0.00485192170229512,0.009169142839351871,0.017299987782611548,0.03275736330873972,0.061537930929027526,0.11764210479150652,0.21632286144279292,0.4332395325077023,0.7151923156121544,1.809007145791553
