3.2545222805028966,-0.5582970103698879,-0.2360194942880665,0.37921442962007057,-0.25514042281079785,0.10266039022335474,-0.009148623662654762,-0.02405205784988514,0.022877738966794778,-0.010274905030171285
-0.5582970103698879,3.254447645557576,-0.5581559300816896,-0.23617233890356557,0.37918732014995715,-0.25457608499332773,0.10118043405532172,-0.006845789026812751,-0.025709524076838408,0.02011047497616117
-0.2360194942880665,-0.5581559300816896,3.2541446559082834,-0.5577662102948613,-0.23628475415993735,0.3782523669379806,-0.2516207790162077,0.09596767361217201,-0.00183072417746613,-0.022952275451267885
0.37921442962007057,-0.23617233890356557,-0.5577662102948613,3.2535518017424234,-0.5573673798405496,-0.23549494444050117,0.37478352448705654,-0.24451791537820905,0.08734857742643316,-0.0006305552902676054
-0.25514042281079785,0.37918732014995715,-0.23628475415993735,-0.5573673798405496,3.2528042875829497,-0.5565683384065734,-0.23532130539460036,0.37174467319689486,-0.2366371407599468,0.07519396277015512
0.10266039022335474,-0.25457608499332773,0.3782523669379806,-0.23549494444050117,-0.5565683384065734,3.248058748223456,-0.5459506775385932,-0.24961288654807595,0.3774459056810399,-0.20673411266246636
-0.009148623662654762,0.10118043405532172,-0.2516207790162077,0.37478352448705654,-0.23532130539460036,-0.5459506775385932,3.21802662175219,-0.49655089810351033,-0.2906576757618073,0.33332252041754956
-0.02405205784988514,-0.006845789026812751,0.09596767361217201,-0.24451791537820905,0.37174467319689486,-0.24961288654807595,-0.49655089810351033,3.126614729237288,-0.40084626699571385,-0.263847999931174
0.022877738966794778,-0.025709524076838408,-0.00183072417746613,0.08734857742643316,-0.2366371407599468,0.3774459056810399,-0.2906576757618073,-0.40084626699571385,2.9922581275512448,-0.3340872567883888
-0.010274905030171285,0.02011047497616117,-0.022952275451267885,-0.0006305552902676054,0.07519396277015512,-0.20673411266246636,0.33332252041754956,-0.263847999931174,-0.3340872567883888,2.72113680565193
