4.419603440669543,-1.749051434293981,1.067107024166644,-0.5356835065664652,0.31036349626559784,-0.16157982160004536,0.09078318399489561,-0.04786969682391726,0.025550905511893714,-0.012571317471270617
-1.749051434293981,4.419582229254536,-1.7490102231529174,1.0670371009889976,-0.5355410896005993,0.3101372435942823,-0.1610777016242531,0.09007781468981065,-0.046039622433151794,0.023523096421068996
1.067107024166644,-1.7490102231529174,4.419502409114779,-1.7488742106437452,1.0667616356271876,-0.535099980103679,0.30916829135380014,-0.15969602168419408,0.08655955303114791,-0.042024513083050066
-0.5356835065664652,1.0670371009889976,-1.7488742106437452,4.419272012033787,-1.7484039368588846,1.0660167856243503,-0.5334404737595426,0.30685032021033304,-0.15363903657518452,0.07992365053291024
0.31036349626559784,-0.5355410896005993,1.0667616356271876,-1.7484039368588846,4.418321932394514,-1.7468772373603223,1.0626783091516063,-0.5286486403462692,0.29474859603931663,-0.13964941794491226
-0.16157982160004536,0.3101372435942823,-0.535099980103679,1.0660167856243503,-1.7468772373603223,4.415918020163113,-1.7414806349135175,1.0552237100518373,-0.5088978385104626,0.2735832315321704
0.09078318399489561,-0.1610777016242531,0.30916829135380014,-0.5334404737595426,1.0626783091516063,-1.7414806349135175,4.4042076501309975,-1.7244837994289004,1.0128965046328695,-0.45888901812503563
-0.04786969682391726,0.09007781468981065,-0.15969602168419408,0.30685032021033304,-0.5286486403462692,1.0552237100518373,-1.7244837994289004,4.381260157124914,-1.6619341076645293,0.9488761254843239
0.025550905511893714,-0.046039622433151794,0.08655955303114791,-0.15363903657518452,0.29474859603931663,-0.5088978385104626,1.0128965046328695,-1.6619341076645293,4.22898943293278,-1.4756349388851557
-0.012571317471270617,0.023523096421068996,-0.042024513083050066,0.07992365053291024,-0.13964941794491226,0.2735832315321704,-0.45888901812503563,0.9488761254843239,-1.4756349388851557,4.0580133851245925
