1.2988769042201254,-0.11070702035673395,0.24566717260556314,-0.14598216147400592,0.13227788410523372,-0.09703245411473257,0.07425210526204958,-0.05126700937140913,0.03156419585523536,-0.01155828796372215
-0.11070702035673395,1.2954047250785197,-0.10649111885277478,0.2405456128908393,-0.1397683796533318,0.12471473772555064,-0.08790041180492902,0.06300338694149057,-0.03808900323647621,0.01409926751917365
0.24566717260556314,-0.10649111885277478,1.290285771876444,-0.10027259900682033,0.23300067668671653,-0.13058578943293103,0.11362495613059756,-0.0742473713433878,0.04698718738445699,-0.016930173373664845
-0.14598216147400592,0.2405456128908393,-0.10027259900682033,1.282731238109315,-0.0911074548924965,0.22184384254651351,-0.11711887381413974,0.09702352816924256,-0.05483768775182979,0.02114051468292702
0.13227788410523372,-0.1397683796533318,0.23300067668671653,-0.0911074548924965,1.271609743607966,-0.07757630014469265,0.20548931192064046,-0.09702385117138479,0.07333175254338105,-0.02391091894162118
-0.09703245411473257,0.12471473772555064,-0.13058578943293103,0.22184384254651351,-0.07757630014469265,1.2551250872331388,-0.057717815424961495,0.18088842398530836,-0.06862060156557652,0.0343780734351289
0.07425210526204958,-0.08790041180492902,0.11362495613059756,-0.11711887381413974,0.20548931192064046,-0.057717815424961495,1.2310033414478116,-0.02844359839029148,0.14528223013694186,-0.025552291142232262
-0.05126700937140913,0.06300338694149057,-0.0742473713433878,0.09702352816924256,-0.09702385117138479,0.18088842398530836,-0.02844359839029148,1.1936328757181571,0.011417681834932355,0.08013708452986656
0.03156419585523536,-0.03808900323647621,0.04698718738445699,-0.05483768775182979,0.07333175254338105,-0.06862060156557652,0.14528223013694186,0.011417681834932355,1.1349840387140104,0.05158302542256545
-0.01155828796372215,0.01409926751917365,-0.016930173373664845,0.02114051468292702,-0.02391091894162118,0.0343780734351289,-0.025552291142232262,0.08013708452986656,0.05158302542256545,0.9681211514429426
