5.378380919292921,0.03496720738008527,-1.2542908070936423,0.33322676273175955,0.26193592721091064,-0.16532451015407748,-0.028771976045977067,0.05422860042989104,-0.005608311740301174,-0.014198588889604152
0.03496720738008527,5.378335456041155,0.034948193423555526,-1.2541108091644784,0.33311938105613575,0.26140080215205236,-0.16442294325509035,-0.027747016649572194,0.05002945063760952,-0.005168726093170109
-1.2542908070936423,0.034948193423555526,5.378396521325827,0.03495639794130907,-1.2543357317230688,0.3333088263932814,0.26201577799626496,-0.16569366475286834,-0.028696897321609398,0.05546714341311497
0.33322676273175955,-1.2541108091644784,0.03495639794130907,5.377749062364392,0.03555649062070731,-1.2526186879884547,0.3295081242967302,0.25960933360190447,-0.1498520365160717,-0.03554331993526297
0.26193592721091064,0.33311938105613575,-1.2543357317230688,0.03555649062070731,5.377964945400118,0.033214710517966047,-1.2511097750468616,0.3363613969308444,0.24758812320507276,-0.16251694633445263
-0.16532451015407748,0.26140080215205236,0.3333088263932814,-1.2526186879884547,0.033214710517966047,5.374140629231205,0.045251149253550185,-1.2492207506916213,0.29176322387738163,0.28422021456630475
-0.028771976045977067,-0.16442294325509035,0.26201577799626496,0.3295081242967302,-1.2511097750468616,0.045251149253550185,5.357082093364424,0.01906740202231424,-1.1631692540871061,0.3011569563202789
0.05422860042989104,-0.027747016649572194,-0.16569366475286834,0.25960933360190447,0.3363613969308444,-1.2492207506916213,0.01906740202231424,5.3758178923065305,0.09388274583632471,-1.3024428568705901
-0.005608311740301174,0.05002945063760952,-0.028696897321609398,-0.1498520365160717,0.24758812320507276,0.29176322387738163,-1.1631692540871061,0.09388274583632471,4.997389321881872,0.19586409603450494
-0.014198588889604152,-0.005168726093170109,0.05546714341311497,-0.03554331993526297,-0.16251694633445263,0.28422021456630475,0.3011569563202789,-1.3024428568705901,0.19586409603450494,5.393079935396251
