0.6278819340344898,0.03864523075087878,-0.02220927337492016,-0.025689783361755442,-0.014082554851475061,-0.004562735636851543,-0.0001370278378448129,0.0009503573769770273,0.0007221991179656094,0.0003018018190873572
0.03864523075087878,0.6278819138113195,0.03864472662026223,-0.02221080552464541,-0.02569254521179521,-0.01408486514755742,-0.004558332855381955,-0.00011300280514261538,0.0010086548628286036,0.0008065571720064135
-0.02220927337492016,0.03864472662026223,0.6278789607426014,0.038637402360938045,-0.022221683581795316,-0.02569612515855407,-0.014049801229663084,-0.004430424221695767,0.00014762165448114974,0.0012980339407618227
-0.025689783361755442,-0.02221080552464541,0.038637402360938045,0.6278620010691921,0.038614295036035945,-0.02222329018155453,-0.025602383067809105,-0.01374192969683991,-0.0038431053663310504,0.0007157275653932168
-0.014082554851475061,-0.02569254521179521,-0.022221683581795316,0.038614295036035945,0.627834364796728,0.038624458808094966,-0.022072370605535085,-0.0251612990112685,-0.012971603553806884,-0.003257541248226389
-0.004562735636851543,-0.01408486514755742,-0.02569612515855407,-0.02222329018155453,0.038624458808094966,0.6278738758536593,0.038707822780396285,-0.021973808002282224,-0.025201628371000352,-0.013522950238365838
-0.0001370278378448129,-0.004558332855381955,-0.014049801229663084,-0.025602383067809105,-0.022072370605535085,0.038707822780396285,0.6274956034899042,0.03713643057230792,-0.02540034186238123,-0.02947818848760931
0.0009503573769770273,-0.00011300280514261538,-0.004430424221695767,-0.01374192969683991,-0.0251612990112685,-0.021973808002282224,0.03713643057230792,0.6220281881279021,0.02630683206367633,-0.03677209401737897
0.0007221991179656094,0.0010086548628286036,0.00014762165448114974,-0.0038431053663310504,-0.012971603553806884,-0.025201628371000352,-0.02540034186238123,0.02630683206367633,0.6019213439746257,0.008097356223525125
0.0003018018190873572,0.0008065571720064135,0.0012980339407618227,0.0007157275653932168,-0.003257541248226389,-0.013522950238365838,-0.02947818848760931,-0.03677209401737897,0.008097356223525125,0.5921245512627773
