0.5024460489133595,-0.25857518655530537,0.19362631169480238,-0.1505904778856008,0.11728965644946826,-0.0903168141449244,0.06800270950380327,-0.04914716283191899,0.03270348988214326,-0.017379760602557085
-0.25857518655530537,0.5007858179400183,-0.25649556510182464,0.1910213440827528,-0.14732737392763437,0.11320167768818239,-0.08519274137529476,0.061564180814011826,-0.04096500023382622,0.021770081634658094
0.19362631169480238,-0.25649556510182464,0.4981808638949171,-0.2532325573523947,0.18693394834915067,-0.1422067319943561,0.10678321430753661,-0.07712777760259149,0.05131512349669161,-0.027269701413967867
-0.1505904778856008,0.1910213440827528,-0.2532325573523947,0.494093567385988,-0.2481126190600766,0.18051974906163204,-0.13416686035040376,0.09668090876411331,-0.06428963654689597,0.034160138305123156
0.11728965644946826,-0.14732737392763437,0.18693394834915067,-0.2481126190600766,0.4876800937985654,-0.24007789363930698,0.17044862984212367,-0.12151223574981586,0.08059922291647934,-0.04280031823237738
-0.0903168141449244,0.11320167768818239,-0.1422067319943561,0.18051974906163204,-0.24007789363930698,0.47761428213627666,-0.22746090700260252,0.1545950316019426,-0.10136510285246668,0.05367658270992852
0.06800270950380327,-0.08519274137529476,0.10678321430753661,-0.13416686035040376,0.17044862984212367,-0.22746090700260252,0.4617995018097088,-0.207589047111299,0.12934055712135256,-0.06761269088803663
-0.04914716283191899,0.061564180814011826,-0.07712777760259149,0.09668090876411331,-0.12151223574981586,0.1545950316019426,-0.207589047111299,0.4368289301407006,-0.17584990101034773,0.08689328215158923
0.03270348988214326,-0.04096500023382622,0.05131512349669161,-0.06428963654689597,0.08059922291647934,-0.10136510285246668,0.12934055712135256,-0.17584990101034773,0.3964580368958081,-0.12169489551603446
-0.017379760602557085,0.021770081634658094,-0.027269701413967867,0.034160138305123156,-0.04280031823237738,0.05367658270992852,-0.06761269088803663,0.08689328215158923,-0.12169489551603446,0.3228706082824149
