12.684417247740722,-10.854353405086169,9.382609600180828,-8.014275070761078,6.734807891267967,-5.5300081301352435,4.386518876682686,-3.2916550547011356,2.2335942805785858,-1.187062858586189
-10.854353405086169,12.296443618056442,-10.423321173490057,8.903739980029426,-7.482258909905349,6.14374680564601,-4.873349309396395,3.6569738645093866,-2.481485991771248,1.3188070369568834
9.382609600180828,-10.423321173490057,11.817573997907486,-9.891305012532396,8.31267889877643,-6.825599902042951,5.414209808168458,-4.062836968898496,2.756889548343429,-1.4651726217753513
-8.014275070761078,8.903739980029426,-9.891305012532396,11.226512916538223,-9.234646009520484,7.58314169340401,-6.015096465734215,4.5137441163453484,-3.062858306071805,1.62778234529253
6.734807891267967,-7.482258909905349,8.31267889877643,-9.234646009520484,10.496975716698119,-8.424142342403448,6.682685894163669,-5.014694101110142,3.4027845007326984,-1.8084390357732405
-5.5300081301352435,6.14374680564601,-6.825599902042951,7.58314169340401,-8.424142342403448,9.59651965420516,-7.4237509606875465,5.571255544492778,-3.780436488409587,2.009145613939801
4.386518876682686,-4.873349309396395,5.414209808168458,-6.015096465734215,6.682685894163669,-7.4237509606875465,8.485101831290542,-6.188970731289745,4.200016324070497,-2.2321269234180083
-3.2916550547011356,3.6569738645093866,-4.062836968898496,4.5137441163453484,-5.014694101110142,5.571255544492778,-6.188970731289745,7.113266530860221,-4.665529644482641,2.479870485476835
2.2335942805785858,-2.481485991771248,2.756889548343429,-3.062858306071805,3.4027845007326984,-3.780436488409587,4.200016324070497,-4.665529644482641,5.421484888730736,-2.7544650017611287
-1.187062858586189,1.3188070369568834,-1.4651726217753513,1.62778234529253,-1.8084390357732405,2.009145613939801,-2.2321269234180083,2.479870485476835,-2.7544650017611287,3.2988082023907626
