4.955655615125265,-4.2695854894662,3.678926320301689,-3.1333364189363806,2.623327159947151,-2.1433474092581752,1.6878875001831641,-1.2516787378541299,0.8304312374150521,-0.4112974351801606
-4.2695854894662,4.800357789681888,-4.096766406592532,3.4866091649617506,-2.919321393632422,2.3851657171690706,-1.8783211826230244,1.3928976090359653,-0.9241234696705376,0.4577014870604458
3.678926320301689,-4.096766406592532,4.608040638298558,-3.8827513403040514,3.248448197230104,-2.6542897230390246,2.0902382814901235,-1.5500494743760451,1.028386381186231,-0.5093410123601914
-3.1333364189363806,3.4866091649617506,-3.8827513403040514,4.369879620058598,-3.6177201929009524,2.9535146973182544,-2.326087509957918,1.7249297747248962,-1.1444127743987824,0.5668066731790055
2.623327159947151,-2.919321393632422,3.248448197230104,-3.6177201929009524,4.074946764913551,-3.289511301003656,2.5882836038711368,-1.9195636653954091,1.2735277771229363,-0.6307560564804702
-2.1433474092581752,2.3851657171690706,-2.6542897230390246,2.9535146973182544,-3.289511301003656,3.7097074406582933,-2.883072715257983,2.135893382050633,-1.417231843320668,0.7019176798581672
1.6878875001831641,-1.8783211826230244,2.0902382814901235,-2.326087509957918,2.5882836038711368,-2.883072715257983,3.2574222896982046,-2.37965251679402,1.5768985185721336,-0.781139659301491
-1.2516787378541299,1.3928976090359653,-1.5500494743760451,1.7249297747248962,-1.9195636653954091,2.135893382050633,-2.37965251679402,2.6970861380349147,-1.7574540649257568,0.8689367200376954
0.8304312374150521,-0.9241234696705376,1.028386381186231,-1.1444127743987824,1.2735277771229363,-1.417231843320668,1.5768985185721336,-1.7574540649257568,2.006246631899688,-0.9708037554115821
-0.4112974351801606,0.4577014870604458,-0.5093410123601914,0.5668066731790055,-0.6307560564804702,0.7019176798581672,-0.781139659301491,0.8689367200376954,-0.9708037554115821,1.1172354270916225
