3.895566565778708,2.2538863478563,1.5554599214708593,1.0584883940972925,0.7201822104650231,0.48563996891670086,0.3218763921177108,0.20487227939457894,0.11764355186912413,0.047588335905133505
2.2538863478563,3.893242116099808,2.250490722342407,1.5504994976251179,1.0512420317990243,0.7095966625999653,0.47017551128214297,0.29928946452886773,0.17185600345911958,0.06951861132187392
1.5554599214708593,2.250490722342407,3.8882816849300506,2.243244387053036,1.5399137950738833,1.0357783477412363,0.6870057188612327,0.43717986395656094,0.2510582454471407,0.10155394700620403
1.0584883940972925,1.5504994976251179,2.243244387053036,3.877696037463821,2.227780499857334,1.5173240147527798,1.0027768822302892,0.6388047058371643,0.36672265667598825,0.1483575395017603
0.7201822104650231,1.0512420317990243,1.5399137950738833,2.227780499857334,3.8551058428402416,2.1947805621766996,1.4691142514925526,0.9323634343828651,0.5358768156620238,0.21670163292140532
0.48563996891670086,0.7095966625999653,1.0357783477412363,1.5173240147527798,2.1947805621766996,3.8068991956102463,2.1243556232913945,1.366252173138485,0.7820132894557363,0.3166846983317445
0.3218763921177108,0.47017551128214297,0.6870057188612327,1.0027768822302892,1.4691142514925526,2.1243556232913945,3.704013681131676,1.9740919041606961,1.146565075362612,0.46200148175655775
0.20487227939457894,0.29928946452886773,0.43717986395656094,0.6388047058371643,0.9323634343828651,1.366252173138485,1.9740919041606961,3.484502849916431,1.6534300752566533,0.6781017298221581
0.11764355186912413,0.17185600345911958,0.2510582454471407,0.36672265667598825,0.5358768156620238,0.7820132894557363,1.146565075362612,1.6534300752566533,3.0147137774883084,0.9741341889059131
0.047588335905133505,0.06951861132187392,0.10155394700620403,0.1483575395017603,0.21670163292140532,0.3166846983317445,0.46200148175655775,0.6781017298221581,0.9741341889059131,1.9963826662079098
