18.055093286730173,10.826592899407004,8.216865592596221,5.819435191561434,4.150890027000047,2.8916893653121862,1.937612255045768,1.1879150125069275,0.5447121723085159,0.04995614420288262
10.826592899407004,18.011067811497227,10.765876992905977,8.133139342762956,5.7039382527632645,3.991775924107072,2.6713868806192043,1.6383750118467115,0.7511792793971691,0.06889470254005219
8.216865592596221,10.765876992905977,17.9273339892485,10.650409412596431,7.973856526583006,5.48450268305805,3.687954687163786,2.2587073652988376,1.0360632396551464,0.0950059375938685
5.819435191561434,8.133139342762956,10.650409412596431,17.768106062588462,10.430761034527373,7.671258227203722,5.065539235260643,3.118870518105583,1.4281597764534721,0.13105017987041517
4.150890027000047,5.7039382527632645,7.973856526583006,10.430761034527373,17.465109890243887,10.013340152503785,7.09330945529026,4.280541449952148,1.9730033752676197,0.1805758142301034
2.8916893653121862,3.991775924107072,5.48450268305805,7.671258227203722,10.013340152503785,16.890045146042038,9.217160902690878,6.011698400493474,2.70278452520438,0.24983421448247953
1.937612255045768,2.6713868806192043,3.687954687163786,5.065539235260643,7.09330945529026,9.217160902690878,15.787528886401166,7.720454102732214,3.8227616336721852,0.34030948495847
1.1879150125069275,1.6383750118467115,2.2587073652988376,3.118870518105583,4.280541449952148,6.011698400493474,7.720454102732214,13.75012588876431,4.770477959590669,0.4915615056443077
0.5447121723085159,0.7511792793971691,1.0360632396551464,1.4281597764534721,1.9730033752676197,2.70278452520438,3.8227616336721852,4.770477959590669,9.32051589704481,0.5609731001653335
0.04995614420288262,0.06889470254005219,0.0950059375938685,0.13105017987041517,0.1805758142301034,0.24983421448247953,0.34030948495847,0.4915615056443077,0.5609731001653335,1.4943109700342203
