0.8351682182797961,-0.1256066148856128,0.2126033803982251,-0.0008866890009275801,0.09296861187686856,0.021449515581985504,0.04334187659699811,0.016171327528480346,0.017026943952174217,0.0041783215168936655
-0.1256066148856128,0.8336592013041623,-0.12739575371525177,0.2103649395462438,-0.003469327814299388,0.08960474268845947,0.017802201921646985,0.038144424408091994,0.011292434540722186,0.008535969351512651
0.2126033803982251,-0.12739575371525177,0.8314648591606659,-0.13000523559700342,0.20711465085039124,-0.007244969402057887,0.08473585786621385,0.012440335767740647,0.030671953615179444,0.004017636311258751
-0.0008866890009275801,0.2103649395462438,-0.13000523559700342,0.8281173294603008,-0.1337216861784233,0.20199531240787652,-0.012323862720748056,0.07653887105272264,0.00623053008437361,0.016376909274995174
0.09296861187686856,-0.003469327814299388,0.20711465085039124,-0.1337216861784233,0.82321241482482,-0.13893110016568255,0.19435059486610629,-0.019157645016845838,0.0638414396143014,-0.0011094997229405823
0.021449515581985504,0.08960474268845947,-0.007244969402057887,0.20199531240787652,-0.13893110016568255,0.8150948764884329,-0.1454770744656423,0.1804353677010371,-0.025121758959524107,0.03678768701805894
0.04334187659699811,0.017802201921646985,0.08473585786621385,-0.012323862720748056,0.19435059486610629,-0.1454770744656423,0.8022222551184687,-0.15207582691844412,0.1560669472566645,-0.024839350252230705
0.016171327528480346,0.038144424408091994,0.012440335767740647,0.07653887105272264,-0.019157645016845838,0.1804353677010371,-0.15207582691844412,0.7755548096388976,-0.1503939920522656,0.09623946284316441
0.017026943952174217,0.011292434540722186,0.030671953615179444,0.00623053008437361,0.0638414396143014,-0.025121758959524107,0.1560669472566645,-0.1503939920522656,0.7207968501957024,-0.11335401928196268
0.0041783215168936655,0.008535969351512651,0.004017636311258751,0.016376909274995174,-0.0011094997229405823,0.03678768701805894,-0.024839350252230705,0.09623946284316441,-0.11335401928196268,0.5663263126735847
