2.594154480247486,-1.1658893549322076,0.9703875645115891,-0.6614215214053134,0.5005571616159954,-0.3526482867744179,0.25271521406882486,-0.17131081570556186,0.10801234985517627,-0.05575559852579624
-1.1658893549322076,2.5913201376738466,-1.1620281936127455,0.9651450303630141,-0.6542610971510024,0.49088024051018364,-0.3393211335816725,0.23497075201606515,-0.14622123549676522,0.07617103637767174
0.9703875645115891,-1.1620281936127455,2.586059999041289,-1.154886583435176,0.9553898103959393,-0.6410798131057301,0.4727210678046196,-0.31515693280293106,0.20076963999359762,-0.10289688735186028
-0.6614215214053134,0.9651450303630141,-1.154886583435176,2.5763629711556364,-1.1416431089680357,0.9374894566205065,-0.6164334380516661,0.43989079267225856,-0.26877371879218115,0.14181848319104118
0.5005571616159954,-0.6542610971510024,0.9553898103959393,-1.1416431089680357,2.5582702619357836,-1.1172023059771232,0.9038036487573543,-0.5716440636965965,0.3764082987396584,-0.1885656077162241
-0.3526482867744179,0.49088024051018364,-0.6410798131057301,0.9374894566205065,-1.1172023059771232,2.5252202900161764,-1.0717334078002327,0.843149140602625,-0.48616747402683724,0.2672628695757549
0.25271521406882486,-0.3393211335816725,0.4727210678046196,-0.6164334380516661,0.9038036487573543,-1.0717334078002327,2.4624640095496595,-0.9885030018645043,0.7246557306169432,-0.3376822101173126
-0.17131081570556186,0.23497075201606515,-0.31515693280293106,0.43989079267225856,-0.5716440636965965,0.843149140602625,-0.9885030018645043,2.3509180628136432,-0.832592918978796,0.5225602557331501
0.10801234985517627,-0.14622123549676522,0.20076963999359762,-0.26877371879218115,0.3764082987396584,-0.48616747402683724,0.7246557306169432,-0.832592918978796,2.1258575667737754,-0.5577523273108218
-0.05575559852579624,0.07617103637767174,-0.10289688735186028,0.14181848319104118,-0.1885656077162241,0.2672628695757549,-0.3376822101173126,0.5225602557331501,-0.5577523273108218,1.751550409994412
