0.7614382237087162,0.2841156480941146,0.4513583442702654,0.2180839558886732,0.2756291460774213,0.14902118107018392,0.15821910457739394,0.08497479184066807,0.07166492444450184,0.025760746926613357
0.2841156480941146,0.7547408927499955,0.2766263447616967,0.44159668808315505,0.207532131120012,0.26130546726615883,0.13430427379024495,0.1370001675003364,0.06477471687533426,0.03981089195845059
0.4513583442702654,0.2766263447616967,0.745479666863757,0.26594310289492495,0.42818387720806694,0.1923458839963636,0.2418049004078785,0.11283102980047244,0.10848970050224711,0.034657717557227054
0.2180839558886732,0.44159668808315505,0.26594310289492495,0.7311904992594414,0.25098699423024695,0.40708819262027807,0.17169455092927657,0.2102852125414565,0.08494361218448654,0.060615686825890996
0.2756291460774213,0.207532131120012,0.42818387720806694,0.25098699423024695,0.7116294961558162,0.229932641228473,0.37836188507820795,0.14236779767221105,0.16768096561004153,0.04477463954375387
0.14902118107018392,0.26130546726615883,0.1923458839963636,0.40708819262027807,0.229932641228473,0.680215644627052,0.2013116590471405,0.3308658527367714,0.10471939877067765,0.09439238944272316
0.15821910457739394,0.13430427379024495,0.2418049004078785,0.17169455092927657,0.37836188507820795,0.2013116590471405,0.6374260564272493,0.16242730934399652,0.2661438023264683,0.05362141883070748
0.08497479184066807,0.1370001675003364,0.11283102980047244,0.2102852125414565,0.14236779767221105,0.3308658527367714,0.16242730934399652,0.5644620510692365,0.11349373431735507,0.15121912938696422
0.07166492444450184,0.06477471687533426,0.10848970050224711,0.08494361218448654,0.16768096561004153,0.10471939877067765,0.2661438023264683,0.11349373431735507,0.4639707421123528,0.054190787434213974
0.025760746926613357,0.03981089195845059,0.034657717557227054,0.060615686825890996,0.04477463954375387,0.09439238944272316,0.05362141883070748,0.15121912938696422,0.054190787434213974,0.2782873629601771
