1.8715860746537092,0.8836662729578247,0.4851502878269267,0.2723768480273467,0.15350604144892224,0.08629248014867259,0.04796663272088299,0.025694497565358215,0.012139082137414985,0.0036932635135956777
0.8836662729578247,1.8715028982369624,0.8835191388509426,0.484890021036753,0.27191649817134533,0.15269210836654842,0.0848559916061054,0.045452917264048515,0.021473499318198093,0.006533203133428218
0.4851502878269267,0.8835191388509426,1.8712426268011846,0.8830587424641312,0.4840756896710671,0.2704766992130805,0.1501510459395649,0.08040937843717813,0.03798621672517226,0.011556976266393936
0.2723768480273467,0.484890021036753,0.8830587424641312,1.8704282276618083,0.8816182646781592,0.4815288167768237,0.265981791120796,0.14228538649400638,0.06720140912902653,0.020444312365946772
0.15350604144892224,0.27191649817134533,0.4840756896710671,0.8816182646781592,1.8678803660321666,0.8771134533184047,0.4735783897079152,0.2520692578439152,0.11892315877340756,0.036169996626613396
0.08629248014867259,0.15269210836654842,0.2704766992130805,0.4815288167768237,0.8771134533184047,1.859915514520936,0.8630564434599898,0.44897950585504753,0.21075911723669846,0.06402455757315596
0.04796663272088299,0.0848559916061054,0.1501510459395649,0.265981791120796,0.4735783897079152,0.8630564434599898,1.8351061956653258,0.8196385659189964,0.3760396015128602,0.11359994629161946
0.025694497565358215,0.045452917264048515,0.08040937843717813,0.14228538649400638,0.2520692578439152,0.44897950585504753,0.8196385659189964,1.7590963015522654,0.6917300864365853,0.20378770204920044
0.012139082137414985,0.021473499318198093,0.03798621672517226,0.06720140912902653,0.11892315877340756,0.21075911723669846,0.3760396015128602,0.6917300864365853,1.5420569994681634,0.3838724172251251
0.0036932635135956777,0.006533203133428218,0.011556976266393936,0.020444312365946772,0.036169996626613396,0.06402455757315596,0.11359994629161946,0.20378770204920044,0.3838724172251251,0.971470315638865
