5.929749272876839,-3.7746075409552575,3.1450954581654456,-2.6591102000983455,2.216016264947028,-1.802196484938521,1.4116571458342368,-1.0393181134921488,0.6804616116526203,-0.3314665377170689
-3.7746075409552575,5.804449792835133,-3.634255646769694,2.9878828811721507,-2.4830114458633656,2.018762564102864,-1.5812471230240344,1.1641734149788006,-0.7622065226556971,0.3712861126378797
3.1450954581654456,-3.634255646769694,5.647237215457165,-3.4581568875134017,2.7906291199245343,-2.26206136259592,1.7712702245228085,-1.304032801042257,0.853771993943975,-0.4158893094364803
-2.6591102000983455,2.9878828811721507,-3.4581568875134017,5.449983449067667,-3.237206737126776,2.5431359729398846,-1.984837398388867,1.4607537318561372,-0.9563423948058952,0.4658511931430037
2.216016264947028,-2.4830114458633656,2.7906291199245343,-3.237206737126776,5.202490233352201,-2.959981875746924,2.2326086878076254,-1.6370181058602729,1.071294784460762,-0.5218203005109527
-1.802196484938521,2.018762564102864,-2.26206136259592,2.5431359729398846,-2.959981875746924,4.8919620295046125,-2.6121505908335543,1.8430054790167893,-1.2007732063153993,0.5845754448734639
1.4116571458342368,-1.5812471230240344,1.7712702245228085,-1.984837398388867,2.2326086878076254,-2.6121505908335543,4.5023465403729945,-2.1757453907393147,1.3543578173002875,-0.655613909201685
-1.0393181134921488,1.1641734149788006,-1.304032801042257,1.4607537318561372,-1.6370181058602729,1.8430054790167893,-2.1757453907393147,4.013534729038993,-1.6284433783435344,0.7440700794284634
0.6804616116526203,-0.7622065226556971,0.853771993943975,-0.9563423948058952,1.071294784460762,-1.2007732063153993,1.3543578173002875,-1.6284433783435344,3.4010528259234882,-0.9491650340029721
-0.3314665377170689,0.3712861126378797,-0.4158893094364803,0.4658511931430037,-0.5218203005109527,0.5845754448734639,-0.655613909201685,0.7440700794284634,-0.9491650340029721,2.691773402152788
