4.276586801124524,-1.86104548935482,1.848270071320361,-0.90635225928965,0.8282711727708059,-0.42950276629158624,0.36207650379316975,-0.18732526532628035,0.13450855484814056,-0.04988089788954295
-1.86104548935482,4.274519684386403,-1.8582309187223756,1.843794909496992,-0.9003748301621392,0.8185618616930067,-0.41684523598487155,0.34095508668953867,-0.16062349149300703,0.08841127281125634
1.848270071320361,-1.8582309187223756,4.270071241188621,-1.8522486718396465,1.8341508708879493,-0.8876939173534075,0.7976019964408981,-0.3900579697948655,0.29526263189628776,-0.10429329090363151
-0.90635225928965,1.843794909496992,-1.8522486718396465,4.260362798821874,-1.8395793719613303,1.813033669988132,-0.8609630133811939,0.7515201299143066,-0.33393384376612734,0.19430485408780127
0.8282711727708059,-0.9003748301621392,1.8341508708879493,-1.8395793719613303,4.239400839590195,-1.8128204756676445,1.7673310522705954,-0.8047030293680464,0.6515010073835787,-0.21635718477250165
-0.42950276629158624,0.8185618616930067,-0.8876939173534075,1.813033669988132,-1.8128204756676445,4.19332402048464,-1.756627965585139,1.666397771624628,-0.6874538484732374,0.42934868600969933
0.36207650379316975,-0.41684523598487155,0.7976019964408981,-0.8609630133811939,1.7673310522705954,-1.756627965585139,4.093292731426844,-1.6392161425414542,1.4464489774331843,-0.44409914705057835
-0.18732526532628035,0.34095508668953867,-0.3900579697948655,0.7515201299143066,-0.8047030293680464,1.666397771624628,-1.6392161425414542,3.8711697367883113,-1.3962534809531335,0.9548435670395632
0.13450855484814056,-0.16062349149300703,0.29526263189628776,-0.33393384376612734,0.6515010073835787,-0.6874538484732374,1.4464489774331843,-1.3962534809531335,3.3848051153844265,-0.8983041140421119
-0.04988089788954295,0.08841127281125634,-0.10429329090363151,0.19430485408780127,-0.21635718477250165,0.42934868600969933,-0.44409914705057835,0.9548435670395632,-0.8983041140421119,2.2896051590231448
