2.317425854746212,0.8442649056797766,0.7204787216799053,0.5351530883956435,0.40314334941935553,0.29931511234482916,0.2178238620517046,0.15243099292708015,0.0982472360693131,0.05191449212330959
0.8442649056797766,2.3139036509955915,0.8396456262377112,0.714420658326794,0.5272080762169461,0.3927238276021255,0.2856488714400363,0.19991187669567,0.12884840316520343,0.0680845550866342
0.7204787216799053,0.8396456262377112,2.3078455850588644,0.8317006322829674,0.7040009796199679,0.5135431418872897,0.37480090492298745,0.26215776386095996,0.1689839215725791,0.08929079463975736
0.5351530883956435,0.714420658326794,0.8317006322829674,2.2974259346960095,0.818035498024494,0.6860797781234006,0.49003770031534294,0.34399293946373577,0.2215965353219416,0.11710540883796716
0.40314334941935553,0.5272080762169461,0.7040009796199679,0.818035498024494,2.2795044222473444,0.7945322498038172,0.6552529301536744,0.4496337251526512,0.2907980608055686,0.15355696215773923
0.29931511234482916,0.3927238276021255,0.5135431418872897,0.6860797781234006,0.7945322498038172,2.2486809856276673,0.7541042121279252,0.6022652051164474,0.37986897850819173,0.20158469652530364
0.2178238620517046,0.2856488714400363,0.37480090492298745,0.49003770031534294,0.6552529301536744,0.7541042121279252,2.195655835825548,0.6846034471582069,0.5107792286892541,0.2627108834394543
0.15243099292708015,0.19991187669567,0.26215776386095996,0.34399293946373577,0.4496337251526512,0.6022652051164474,0.6846034471582069,2.1045804338063947,0.5645492986299157,0.35844335966539553
0.0982472360693131,0.12884840316520343,0.1689839215725791,0.2215965353219416,0.2907980608055686,0.37986897850819173,0.5107792286892541,0.5645492986299157,1.9477402921432496,0.35377342002253775
0.05191449212330959,0.0680845550866342,0.08929079463975736,0.11710540883796716,0.15355696215773923,0.20158469652530364,0.2627108834394543,0.35844335966539553,0.35377342002253775,1.763257107338116
