0.6454129648256297,-0.23964730113439203,0.1954022888418146,-0.1239624072278064,0.08549405451862313,-0.056434146916691304,0.03681209243924136,-0.022539109739078324,0.011765472952225494,-0.002644174266608016
-0.23964730113439203,0.6450622244906876,-0.23913091379547696,0.19464196519827012,-0.1228431456942954,0.08384547889523765,-0.054009647802455825,0.033231624240957915,-0.017311022202889985,0.0038941214461962748
0.1954022888418146,-0.23913091379547696,0.6443019581177016,-0.23801150732436716,0.19299409391379158,-0.12041600984830803,0.08027583480187851,-0.04873862692795064,0.025532720833534486,-0.005729016932307507
-0.1239624072278064,0.19464196519827012,-0.23801150732436716,0.6426537492954814,-0.2355852257028046,0.18942029863052304,-0.11516052918340235,0.07251313694167061,-0.0374096595614985,0.008452213751216867
0.08549405451862313,-0.1228431456942954,0.19299409391379158,-0.2355852257028046,0.6390819433716721,-0.23032471046181952,0.18168206680150442,-0.10373997187260942,0.05580861773405764,-0.012374872739377435
-0.056434146916691304,0.08384547889523765,-0.12041600984830803,0.18942029863052304,-0.23032471046181952,0.631331986776589,-0.21893382563001967,0.1648333511838932,-0.07924499230666707,0.018497406544551405
0.03681209243924136,-0.054009647802455825,0.08027583480187851,-0.11516052918340235,0.18168206680150442,-0.21893382563001967,0.6145523738737373,-0.19426396420794623,0.1283719960456402,-0.026121919387462243
-0.022539109739078324,0.033231624240957915,-0.04873862692795064,0.07251313694167061,-0.10373997187260942,0.1648333511838932,-0.19426396420794623,0.577683745348463,-0.14217159936038654,0.0429107839922881
0.011765472952225494,-0.017311022202889985,0.025532720833534486,-0.0374096595614985,0.05580861773405764,-0.07924499230666707,0.1283719960456402,-0.14217159936038654,0.49462289646974605,-0.0453592169674885
-0.002644174266608016,0.0038941214461962748,-0.005729016932307507,0.008452213751216867,-0.012374872739377435,0.018497406544551405,-0.026121919387462243,0.0429107839922881,-0.0453592169674885,0.23594495270440438
