7.204848108783138,-5.521055361825767,4.85279977975555,-4.211898934902254,3.5894108481904317,-2.981093482906308,2.384053602063018,-1.7956593549193087,1.2128359262070623,-0.6305310246305572
-5.521055361825767,6.8760029211572995,-5.171472059307693,4.481168799909772,-3.8168237378303163,3.169391648741253,-2.534483500827345,1.908921185818615,-1.2893258702125951,0.6702947721621738
4.85279977975555,-5.171472059307693,6.504373686495835,-4.776404744530468,4.061178794480801,-3.370316674954857,2.694616896491815,-2.0293875909842543,1.3706565599439788,-0.7125701931801289
-4.211898934902254,4.481168799909772,-4.776404744530468,6.084390088197453,-4.329926620083544,3.5865112228302025,-2.865598614472171,2.157665369700112,-1.4571754476631986,0.7575257911769153
3.5894108481904317,-3.8168237378303163,4.061178794480801,-4.329926620083544,5.609746039175405,-3.8253148018408023,3.049953190346075,-2.294773677175816,1.5493554082434589,-0.8053655113645415
-2.981093482906308,3.169391648741253,-3.370316674954857,3.5865112228302025,-3.8253148018408023,5.073274365794827,-3.25487991383597,2.4430878725261578,-1.6480566185067587,0.8563918618397501
2.384053602063018,-2.534483500827345,2.694616896491815,-2.865598614472171,3.049953190346075,-3.25487991383597,4.4667260999042915,-2.609594851046306,1.7554280756227225,-0.9112224016515199
-1.7956593549193087,1.908921185818615,-2.0293875909842543,2.157665369700112,-2.294773677175816,2.4430878725261578,-2.609594851046306,3.780230302183254,-1.8780179497231364,0.971535792201408
1.2128359262070623,-1.2893258702125951,1.3706565599439788,-1.4571754476631986,1.5493554082434589,-1.6480566185067587,1.7554280756227225,-1.8780179497231364,3.000611432581773,-1.0426466139277561
-0.6305310246305572,0.6702947721621738,-0.7125701931801289,0.7575257911769153,-0.8053655113645415,0.8563918618397501,-0.9112224016515199,0.971535792201408,-1.0426466139277561,2.1054951840099196
