2.1475450240747307,1.2267504611908486,0.24850490562452004,-0.24797857091740141,-0.30255970030085644,-0.16325287776818326,-0.027361573780256276,0.030502733916766184,0.02463953571579138,0.0032217271358474745
1.2267504611908486,2.147116320146253,1.2265493417622753,0.24919123396654944,-0.24588694747254544,-0.2996470458747872,-0.16222333680721024,-0.03278819829532739,0.015458600139391479,0.004996063785876061
0.24850490562452004,1.2265493417622753,2.146448907863729,1.2255723097775715,0.24875473296327544,-0.24427323335220075,-0.2948260836813077,-0.15559472257265647,-0.03060729464379761,0.0027411946069128713
-0.24797857091740141,0.24919123396654944,1.2255723097775715,2.142405542817105,1.219009994657483,0.24465231051822842,-0.23608816648158668,-0.2653418315449984,-0.11056793833421578,-0.007097623384646099
-0.30255970030085644,-0.24588694747254544,0.24875473296327544,1.219009994657483,2.128693104988571,1.2054111057615138,0.25036137661526037,-0.18691441867689013,-0.16908597528803762,-0.02339242556912664
-0.16325287776818326,-0.2996470458747872,-0.24427323335220075,0.24465231051822842,1.2054111057615138,2.1087975476340617,1.1965443653431869,0.28327137319003753,-0.08868986630634024,-0.0341151992607163
-0.027361573780256276,-0.16222333680721024,-0.2948260836813077,-0.23608816648158668,0.25036137661526037,1.1965443653431869,2.0734873888882053,1.1401276620454461,0.24946542830145157,-0.015006192767986218
0.030502733916766184,-0.03278819829532739,-0.15559472257265647,-0.2653418315449984,-0.18691441867689013,0.28327137319003753,1.1401276620454461,1.857917802726806,0.8017900262044708,0.05687947102577109
0.02463953571579138,0.015458600139391479,-0.03060729464379761,-0.11056793833421578,-0.16908597528803762,-0.08868986630634024,0.24946542830145157,0.8017900262044708,1.181046502894019,0.16891625365207863
0.0032217271358474745,0.004996063785876061,0.0027411946069128713,-0.007097623384646099,-0.02339242556912664,-0.0341151992607163,-0.015006192767986218,0.05687947102577109,0.16891625365207863,0.2595700020104349
