0.9064341543553511,0.18810830939801876,0.12581457198234436,0.008718849432289283,0.025031449416316926,-0.004527887285164117,0.006658527861831584,-0.002828843686035747,0.0024132767328322365,-0.00166114352637717
0.18810830939801876,0.9064451546758622,0.18809061118135884,0.12584466114174292,0.008672335146222471,0.025115977492118788,-0.004643740309061774,0.0069133826324851485,-0.0030653707352301207,0.0033140552473076984
0.12581457198234436,0.18809061118135884,0.9064744563391891,0.18804317246226182,0.12592446269537122,0.008546659179986784,0.02533744602863589,-0.004964879861380353,0.007560459266850139,-0.0037907069176190554
0.008718849432289283,0.12584466114174292,0.18804317246226182,0.9065578992331621,0.187921771025652,0.12616778642139254,0.008270940395497415,0.02613889885062573,-0.005298972287306023,0.010874147442846331
0.025031449416316926,0.008672335146222471,0.12592446269537122,0.187921771025652,0.9067843855932805,0.18762628704138495,0.12686818199860034,0.007726824732215685,0.028738759668670313,-0.004762986252250442
-0.004527887285164117,0.025115977492118788,0.008546659179986784,0.12616778642139254,0.18762628704138495,0.9075626362633124,0.18717356462050533,0.1299353261921092,0.00923394715130119,0.0446902673535087
0.006658527861831584,-0.004643740309061774,0.02533744602863589,0.008270940395497415,0.12686818199860034,0.18717356462050533,0.910269782609558,0.18825808950196377,0.14372614016858265,0.03043761883702938
-0.002828843686035747,0.0069133826324851485,-0.004964879861380353,0.02613889885062573,0.007726824732215685,0.1299353261921092,0.18825808950196377,0.9257252076645525,0.21141582993626257,0.2423758296717844
0.0024132767328322365,-0.0030653707352301207,0.007560459266850139,-0.005298972287306023,0.028738759668670313,0.00923394715130119,0.14372614016858265,0.21141582993626257,1.0166778232441176,0.4252642827822222
-0.00166114352637717,0.0033140552473076984,-0.0037907069176190554,0.010874147442846331,-0.004762986252250442,0.0446902673535087,0.03043761883702938,0.2423758296717844,0.4252642827822222,1.7238631510819564
