1.5686594483678393,0.29244747122198644,0.08479550375417616,-0.0030006887380088307,-0.039509776421197,-0.054144623950342474,-0.059255863115962905,-0.05941569871110346,-0.05485767766066622,-0.041653350304269185
0.29244747122198644,1.564730074298346,0.28807761804322934,0.07996775948632015,-0.008259724384701895,-0.045063477290423884,-0.05959229794701032,-0.06357446381190439,-0.06012774144674352,-0.046100244811790245
0.08479550375417616,0.28807761804322934,1.5598703311890807,0.28270857294294544,0.07411888162133126,-0.01443675412619375,-0.05112365532148994,-0.06439930066346675,-0.06437634275513562,-0.050411912246751095
-0.0030006887380088307,0.07996775948632015,0.28270857294294544,1.5539384266303982,0.2762461040791493,0.06729281429762218,-0.021136200235965182,-0.0564443668717077,-0.06530857453091526,-0.0536968196306615
-0.039509776421197,-0.008259724384701895,0.07411888162133126,0.2762461040791493,1.5468969317611272,0.2688060353239378,0.0599848665568912,-0.02695575557074587,-0.057489759843769576,-0.053802678931212065
-0.054144623950342474,-0.045063477290423884,-0.01443675412619375,0.06729281429762218,0.2688060353239378,1.5390300188813268,0.2610648026153256,0.053783235320605235,-0.02819045986089762,-0.045643337409333115
-0.059255863115962905,-0.05959229794701032,-0.05112365532148994,-0.021136200235965182,0.0599848665568912,0.2610648026153256,1.5313780530284529,0.2548439640882138,0.05225087914564938,-0.017317504026608355
-0.05941569871110346,-0.06357446381190439,-0.06439930066346675,-0.0564443668717077,-0.02695575557074587,0.053783235320605235,0.2548439640882138,1.526082545356116,0.25277950651089887,0.058893577257765777
-0.05485767766066622,-0.06012774144674352,-0.06437634275513562,-0.06530857453091526,-0.057489759843769576,-0.02819045986089762,0.05225087914564938,0.25277950651089887,1.5229610766130297,0.24740474991542488
-0.041653350304269185,-0.046100244811790245,-0.050411912246751095,-0.0536968196306615,-0.053802678931212065,-0.045643337409333115,-0.017317504026608355,0.058893577257765777,0.24740474991542488,1.4872474305131136
