1.018014844644273,-0.13658313974795475,0.11820709887860611,0.002837267330473913,0.019184039145376603,0.004412703759832897,0.003964347222700139,0.001590266569129174,0.001097682921559509,0.0007981476793841406
-0.13658313974795475,1.01801727856709,-0.13657845807384017,0.11821645273665482,0.00285480365630503,0.01922058338044106,0.004476419240793858,0.004113393350703113,0.0018004911539993812,0.0017704877267892554
0.11820709887860611,-0.13657845807384017,1.0180264232550211,-0.13656064819817876,0.11825130918531651,0.00292246581169807,0.019353736041482328,0.004732524646129042,0.004625134691164021,0.002759729998952921
0.002837267330473913,0.11821645273665482,-0.13656064819817876,1.018062609745344,-0.13649472545315183,0.11839519390626008,0.003153475656154853,0.01996653853471133,0.005400022952828143,0.007648792205433312
0.019184039145376603,0.00285480365630503,0.11825130918531651,-0.13649472545315183,1.0181980371835673,-0.1362526552895613,0.11893975487937794,0.003980548102205939,0.022347582538446622,0.007545198527050315
0.004412703759832897,0.01922058338044106,0.00292246581169807,0.11839519390626008,-0.1362526552895613,1.0187963751421003,-0.13549591165246885,0.12175472350797317,0.005111045978116802,0.03876856126057463
0.003964347222700139,0.004476419240793858,0.019353736041482328,0.003153475656154853,0.11893975487937794,-0.13549591165246885,1.02126939420415,-0.13391821679157712,0.13541652307123825,-0.0027236441674790865
0.001590266569129174,0.004113393350703113,0.004732524646129042,0.01996653853471133,0.003980548102205939,0.12175472350797317,-0.13391821679157712,1.0371055348011817,-0.14459648052155724,0.2500780448201648
0.001097682921559509,0.0018004911539993812,0.004625134691164021,0.005400022952828143,0.022347582538446622,0.005111045978116802,0.13541652307123825,-0.14459648052155724,1.1379411611735417,-0.3443673876174417
0.0007981476793841406,0.0017704877267892554,0.002759729998952921,0.007648792205433312,0.007545198527050315,0.03876856126057463,-0.0027236441674790865,0.2500780448201648,-0.3443673876174417,2.12829246500493
