1.5302828516394935,0.08603145454104882,0.43791667296239456,0.057026062912631424,0.28572921401039875,0.035849704291568134,0.1711897251306359,0.019595996423354287,0.07920627842600314,0.006033369541499276
0.08603145454104882,1.5217043910823689,0.08455990074191128,0.42560857971304483,0.054896932813420105,0.26806994009933804,0.03276937395200698,0.14585270400692193,0.015139824400609939,0.04285339117610264
0.43791667296239456,0.08455990074191128,1.5108004378740847,0.082432843027398,0.40996356734209166,0.05182254820790562,0.24562241403610052,0.028325995803132054,0.11364485662220138,0.008718200553239006
0.057026062912631424,0.42560857971304483,0.082432843027398,1.4931411670216779,0.07935548555711734,0.38462655499374754,0.04737064082057746,0.2092695456688098,0.021886018965177233,0.06148665487484127
0.28572921401039875,0.054896932813420105,0.40996356734209166,0.07935548555711734,1.4706936365707586,0.07490784278577788,0.3524186950206364,0.040942899294195784,0.16305743435813436,0.01259712912727047
0.035849704291568134,0.26806994009933804,0.05182254820790562,0.38462655499374754,0.07490784278577788,1.4343407744976586,0.06847398360825446,0.3002605113314983,0.031636457731112996,0.08822205659879118
0.1711897251306359,0.03276937395200698,0.24562241403610052,0.04737064082057746,0.3524186950206364,0.06847398360825446,1.388128654157879,0.05917631790109662,0.23395485736706084,0.01820096534481331
0.019595996423354287,0.14585270400692193,0.028325995803132054,0.2092695456688098,0.040942899294195784,0.3002605113314983,0.05917631790109662,1.3132932893509115,0.04572823642701946,0.12658263418127574
0.07920627842600314,0.015139824400609939,0.11364485662220138,0.021886018965177233,0.16305743435813436,0.031636457731112996,0.23395485736706084,0.04572823642701946,1.21815705538731,0.026296363361686177
0.006033369541499276,0.04285339117610264,0.008718200553239006,0.06148665487484127,0.01259712912727047,0.08822205659879118,0.01820096534481331,0.12658263418127574,0.026296363361686177,1.0641014233174786
