3.946570166794449,2.1426527661768526,0.4092990426139025,-1.1271578624170493,-1.8241552821801772,-1.5575940482256465,-0.6971380091993977,0.16600666351054283,0.5714972019331012,0.42734653072198825
2.1426527661768526,3.541066428247995,1.8321840877715547,0.33110944190682057,-0.9365488332007432,-1.445936627461574,-1.1561114371433716,-0.4484967337644184,0.15117346054733152,0.2972310454843462
0.4092990426139025,1.8321840877715547,3.2303298635016233,1.6576468028036433,0.37070329415235104,-0.6982029128801213,-1.1116502408368212,-0.8717964196775182,-0.33948794244112757,0.03535600249344521
-1.1271578624170493,0.33110944190682057,1.6576468028036433,3.0351940936069153,1.5274191891353146,0.36318658624868827,-0.5785557677207931,-0.9161924835131064,-0.685657887743182,-0.24450466268186896
-1.8241552821801772,-0.9365488332007432,0.37070329415235104,1.5274191891353146,2.79074461929315,1.27503341302416,0.21363312591804534,-0.5586306611254233,-0.7339488380572852,-0.41961019739793
-1.5575940482256465,-1.445936627461574,-0.6982029128801213,0.36318658624868827,1.27503341302416,2.4020345698328884,0.9194337416706095,0.047627319532093704,-0.46035645552821847,-0.4120743106107985
-0.6971380091993977,-1.1561114371433716,-1.1116502408368212,-0.5785557677207931,0.21363312591804534,0.9194337416706095,1.994627479062681,0.6386585384896614,0.017983767269082677,-0.2234923720584347
0.16600666351054283,-0.4484967337644184,-0.8717964196775182,-0.9161924835131064,-0.5586306611254233,0.047627319532093704,0.6386585384896614,1.7213168787185298,0.4929155005869881,0.06501323885437865
0.5714972019331012,0.15117346054733152,-0.33948794244112757,-0.685657887743182,-0.7339488380572852,-0.46035645552821847,0.017983767269082677,0.4929155005869881,1.5223922723376648,0.32767413197655176
0.42734653072198825,0.2972310454843462,0.03535600249344521,-0.24450466268186896,-0.41961019739793,-0.4120743106107985,-0.2234923720584347,0.06501323885437865,0.32767413197655176,1.2154586295425311
