1.0981426605926963,0.2640505543012808,0.09663387287114544,-0.001726096707920394,-0.04100855538903184,-0.043711805953153805,-0.03046538645500211,-0.014862158407364136,-0.003672836185125845,0.000878110604612131
0.2640505543012808,1.0979887563608182,0.2638490299836185,0.0964703895688586,-0.0016703934825027964,-0.04045731900021379,-0.04236741118191864,-0.028206869456875068,-0.01209552431683248,-0.0017861718708636644
0.09663387287114544,0.2638490299836185,1.097661032133505,0.26346340468818247,0.09623915915100285,-0.0013445324680932433,-0.039013742519502875,-0.0392888046560714,-0.023480205101556642,-0.006956454110208259
-0.001726096707920394,0.0964703895688586,0.26346340468818247,1.097026383437423,0.26270524847615223,0.0957607943624045,-0.0007677088226587245,-0.036288783283296586,-0.03338344929433788,-0.014305248352129953
-0.04100855538903184,-0.0016703934825027964,0.09623915915100285,0.26270524847615223,1.095557118803485,0.26061944486843436,0.0937649677311869,-0.00100738060291487,-0.03203053308882663,-0.021352493937965275
-0.043711805953153805,-0.04045731900021379,-0.0013445324680932433,0.0957607943624045,0.26061944486843436,1.0911273853403514,0.2538396704806636,0.08642774434800748,-0.004070204515493155,-0.02223846404773434
-0.03046538645500211,-0.04236741118191864,-0.039013742519502875,-0.0007677088226587245,0.0937649677311869,0.2538396704806636,1.0778118559817431,0.23471265956399767,0.06773832508060014,-0.007309275101569486
-0.014862158407364136,-0.028206869456875068,-0.0392888046560714,-0.036288783283296586,-0.00100738060291487,0.08642774434800748,0.23471265956399767,1.0444381678396248,0.19201578233651076,0.034982823596041955
-0.003672836185125845,-0.01209552431683248,-0.023480205101556642,-0.03338344929433788,-0.03203053308882663,-0.004070204515493155,0.06773832508060014,0.19201578233651076,0.9756142962731325,0.11195512303976611
0.000878110604612131,-0.0017861718708636644,-0.006956454110208259,-0.014305248352129953,-0.021352493937965275,-0.02223846404773434,-0.007309275101569486,0.034982823596041955,0.11195512303976611,0.8409408929717143
