1.6911803252602016,-0.6922928569330505,0.658988489438666,-0.4163971286101651,0.3185143423453103,-0.21612833086150512,0.1496604165566698,-0.09382070154519903,0.048859144533362014,-0.010011310395161392
-0.6922928569330505,1.688354813358525,-0.6884008548085723,0.653635540066376,-0.40901281129923406,0.30838782204822246,-0.20207807732045685,0.13061233182509185,-0.06679103757400602,0.013838945403498622
0.658988489438666,-0.6884008548085723,1.6829933003821282,-0.6810280711309337,0.6434613752352909,-0.395069973845275,0.2890164152537167,-0.17588664631197642,0.09325082833427255,-0.01890067807623868
-0.4163971286101651,0.653635540066376,-0.6810280711309337,1.6728512463570373,-0.6670419862012127,0.6242686203691893,-0.36847576649520597,0.252867267204153,-0.12485317840959878,0.02643585554211128
0.3185143423453103,-0.40901281129923406,0.6434613752352909,-0.6670419862012127,1.653538086127882,-0.6406099432023357,0.5874495841111614,-0.3189525824408034,0.1815063450801328,-0.03526722387887617
-0.21612833086150512,0.30838782204822246,-0.395069973845275,0.6242686203691893,-0.6406099432023357,1.6171705318866796,-0.5904786941375689,0.5186005308253214,-0.22370354131353876,0.051627491835374836
0.1496604165566698,-0.20207807732045685,0.2890164152537167,-0.36847576649520597,0.5874495841111614,-0.5904786941375689,1.5466285638805415,-0.4975097044156322,0.3793029641586842,-0.06270799286690311
-0.09382070154519903,0.13061233182509185,-0.17588664631197642,0.252867267204153,-0.3189525824408034,0.5186005308253214,-0.4975097044156322,1.4136788917997214,-0.3279646845764157,0.10913038112581847
0.048859144533362014,-0.06679103757400602,0.09325082833427255,-0.12485317840959878,0.1815063450801328,-0.22370354131353876,0.3793029641586842,-0.3279646845764157,1.1197037124579552,-0.08815615327103776
-0.010011310395161392,0.013838945403498622,-0.01890067807623868,0.02643585554211128,-0.03526722387887617,0.051627491835374836,-0.06270799286690311,0.10913038112581847,-0.08815615327103776,0.4296209314112328
