2.8488019577439396,1.4628630408866,-0.31805324589923434,-1.3890232572456767,-1.2714417518420562,-0.40567153766106456,0.39561570021253883,0.6193882885938826,0.34417414089608095,0.015492179013890751
1.4628630408866,2.7982689431599215,1.4260626739459235,-0.3064410702552135,-1.323442246115924,-1.1891568884153647,-0.36939615161514366,0.34153868174516455,0.49134447735632025,0.22474535024414613
-0.31805324589923434,1.4260626739459235,2.72660272789437,1.3677954244520818,-0.299009719901807,-1.2358968732756748,-1.0687188880527574,-0.30521597212883134,0.2788727644823897,0.3138939390672252
-1.3890232572456767,-0.3064410702552135,1.3677954244520818,2.6247054584536684,1.292751688040917,-0.2768400840171905,-1.1044089944946862,-0.9022799206793485,-0.23031312837460288,0.1717626778111062
-1.2714417518420562,-1.323442246115924,-0.299009719901807,1.292751688040917,2.503347500018368,1.210791123427843,-0.23940870841472361,-0.9411439983857827,-0.7086190564257969,-0.15664426378223673
-0.40567153766106456,-1.1891568884153647,-1.2358968732756748,-0.2768400840171905,1.210791123427843,2.3523545602854927,1.0938390853386077,-0.21511016969642172,-0.7514725062995313,-0.45844661125570774
0.39561570021253883,-0.36939615161514366,-1.0687188880527574,-1.1044089944946862,-0.23940870841472361,1.0938390853386077,2.1292879649484155,0.9156391373420834,-0.18727810711123277,-0.4761392937800657
0.6193882885938826,0.34153868174516455,-0.30521597212883134,-0.9022799206793485,-0.9411439983857827,-0.21511016969642172,0.9156391373420834,1.8323768571135035,0.7080274182094447,-0.10624230361201582
0.34417414089608095,0.49134447735632025,0.2788727644823897,-0.23031312837460288,-0.7086190564257969,-0.7514725062995313,-0.18727810711123277,0.7080274182094447,1.4870869088562544,0.4670806782753626
0.015492179013890751,0.22474535024414613,0.3138939390672252,0.1717626778111062,-0.15664426378223673,-0.45844661125570774,-0.4761392937800657,-0.10624230361201582,0.4670806782753626,1.0223761144767138
