0.9070301846571495,-0.2923561691090752,0.09240951899403661,-0.03269501330930048,0.01110275626922102,-0.0038257953102234852,0.001311614656266105,-0.0004507351601280648,0.00015831686727843085,-4.253074693847731e-05
-0.2923561691090752,0.907030187275139,-0.2923561767636549,0.0924095410704124,-0.03269507944837814,0.011102934110445281,-0.0038264342690767297,0.0013124922906396707,-0.00046130195128613895,0.00012388990694462928
0.09240951899403661,-0.2923561767636549,0.9070302096556561,-0.2923562413126873,0.09240973443809411,-0.032695599521939525,0.011104801536937773,-0.0038290066818582563,0.001343336032656679,-0.00036106479351599914
-0.03269501330930048,0.0924095410704124,-0.2923562413126873,0.907030395809609,-0.29235679909949536,0.0924112336026725,-0.03270099169739224,0.011112169045473665,-0.0039183829688872115,0.0010508235116452208
0.01110275626922102,-0.03269507944837814,0.09240973443809411,-0.29235679909949536,0.9070320660719142,-0.29236129677905565,0.09242733567527757,-0.03272348787337105,0.011376473989384983,-0.003070173513584137
-0.0038257953102234852,0.011102934110445281,-0.032695599521939525,0.0924112336026725,-0.29236129677905565,0.9070441099891674,-0.29240500891949495,0.09248447119287871,-0.03346156413628791,0.008872984394756768
0.001311614656266105,-0.0038264342690767297,0.011104801536937773,-0.03270099169739224,0.09242733567527757,-0.29240500891949495,0.9071974982458245,-0.2926398775636816,0.09489469805367451,-0.026431636835403283
-0.0004507351601280648,0.0013124922906396707,-0.0038290066818582563,0.011112169045473665,-0.03272348787337105,0.09248447119287871,-0.2926398775636816,0.9073247691888395,-0.29754520345477564,0.07226839744551601
0.00015831686727843085,-0.00046130195128613895,0.001343336032656679,-0.0039183829688872115,0.011376473989384983,-0.03346156413628791,0.09489469805367451,-0.29754520345477564,0.9388464104850589,-0.24909684417518574
-4.253074693847731e-05,0.00012388990694462928,-0.00036106479351599914,0.0010508235116452208,-0.003070173513584137,0.008872984394756768,-0.026431636835403283,0.07226839744551601,-0.24909684417518574,0.6554751149356608
