0.11973524487568707,-0.022570882514133146,0.039208913118553936,-0.027732469724337412,0.02537842792507093,-0.020660662224823795,0.016989320766574743,-0.01340487374279527,0.009650369483751566,-0.007348272638463181
-0.022570882514133146,0.11869165502474564,-0.021403347772990765,0.037904417551825324,-0.02626939332623516,0.023755607774672297,-0.01880179161798763,0.015053485387678036,-0.010773466830770274,0.008227234040051013
0.039208913118553936,-0.021403347772990765,0.11738545790628432,-0.01994391331310565,0.036267600895550985,-0.024453753645887016,0.021676231180061234,-0.016635173442655714,0.01211238635046794,-0.009172079241341056
-0.027732469724337412,0.037904417551825324,-0.01994391331310565,0.11575484268640727,-0.018115000308307545,0.03423923564505877,-0.022129577027952315,0.019258279163619406,-0.013339827489577797,0.010353210170914773
0.02537842792507093,-0.02626939332623516,0.036267600895550985,-0.018115000308307545,0.11370387582313383,-0.015839199344063207,0.03163536885446411,-0.019408464959088975,0.015592453357499442,-0.011268722476115833
-0.020660662224823795,0.023755607774672297,-0.024453753645887016,0.03423923564505877,-0.015839199344063207,0.11118238235181346,-0.0129417784778981,0.02864712376779694,-0.015244520308899528,0.013613916575930638
0.016989320766574743,-0.01880179161798763,0.021676231180061234,-0.022129577027952315,0.03163536885446411,-0.0129417784778981,0.10789392135604539,-0.00942040482437071,0.024199091845423744,-0.011931005247361345
-0.01340487374279527,0.015053485387678036,-0.016635173442655714,0.019258279163619406,-0.019408464959088975,0.02864712376779694,-0.00942040482437071,0.10454004944654208,-0.003764990254298283,0.024080286832910046
0.009650369483751566,-0.010773466830770274,0.01211238635046794,-0.013339827489577797,0.015592453357499442,-0.015244520308899528,0.024199091845423744,-0.003764990254298283,0.10043349396021507,0.008057084857267187
-0.007348272638463181,0.008227234040051013,-0.009172079241341056,0.010353210170914773,-0.011268722476115833,0.013613916575930638,-0.011931005247361345,0.024080286832910046,0.008057084857267187,0.1253040310193346
