1.404530459993698,-0.47230696085127716,0.019477746833595738,0.1154648449853729,-0.09825332957020104,0.04684622870799294,-0.01028837176901528,-0.0044733894713760635,0.005235521705179212,-0.00034763035755341345
-0.47230696085127716,1.4045001826596994,-0.4722712296458526,0.01948319569791733,0.11532040459603839,-0.09785430544526151,0.046209754168844125,-0.009880286729628217,-0.0033645936861484314,0.0005525364347576127
0.019477746833595738,-0.4722712296458526,1.4044285157297283,-0.47219215957641203,0.019512052452415975,0.1149520810259484,-0.09689066236003045,0.04474287707103712,-0.009098252457157244,-0.0003498403956503091
0.1154648449853729,0.01948319569791733,-0.47219215957641203,1.4041797228200386,-0.4717557504145042,0.019142935536419742,0.11445066148704579,-0.09410838279046865,0.038484112302216024,-0.0009753976979958991
-0.09825332957020104,0.11532040459603839,0.019512052452415975,-0.4717557504145042,1.4028109490019671,-0.46935978978830023,0.017126712151072948,0.11166795463185916,-0.07878379406585691,0.0040866421493674235
0.04684622870799294,-0.09785430544526151,0.1149520810259484,0.019142935536419742,-0.46935978978830023,1.397195535519315,-0.461710695515786,0.015174648975070232,0.0897857716684883,-0.008332773127073697
-0.01028837176901528,0.046209754168844125,-0.09689066236003045,0.11445066148704579,0.017126712151072948,-0.461710695515786,1.3822848569127075,-0.4460339567751774,0.02342237365670002,0.009437847729455235
-0.0044733894713760635,-0.009880286729628217,0.04474287707103712,-0.09410838279046865,0.11166795463185916,0.015174648975070232,-0.4460339567751774,1.3438760535037435,-0.391153785172807,0.002647109927358282
0.005235521705179212,-0.0033645936861484314,-0.009098252457157244,0.038484112302216024,-0.07878379406585691,0.0897857716684883,0.02342237365670002,-0.391153785172807,1.155117441157752,-0.041652582800843246
-0.00034763035755341345,0.0005525364347576127,-0.0003498403956503091,-0.0009753976979958991,0.0040866421493674235,-0.008332773127073697,0.009437847729455235,0.002647109927358282,-0.041652582800843246,0.21693182366927607
