3.3145178940443527,1.8148006437160622,1.126746428698629,0.6933459541475222,0.42807187716840567,0.263116433624748,0.16088298636319462,0.09666316261964154,0.0554387171603051,0.027179600399771048
1.8148006437160622,3.3142805329303506,1.8144162781007458,1.1261236983148648,0.6923380770108059,0.42643722716384236,0.26047649460012434,0.15658254097159607,0.08977973593264951,0.04402200490775901
1.126746428698629,1.8144162781007458,3.3136581189652867,1.8134078726654368,1.124491615998957,0.6896910365632518,0.42216231707853724,0.25351260285838995,0.1454362068283696,0.07129169430288418
0.6933459541475222,1.1261236983148648,1.8134078726654368,3.312024351017957,1.8107636465797026,1.1202030272762002,0.6827649756502083,0.4108799507897203,0.23545321612376685,0.11548487166817303
0.42807187716840567,0.6923380770108059,1.124491615998957,1.8107636465797026,3.307744742021402,1.8038225929474656,1.108993530072246,0.664504055840667,0.38165328853617664,0.1869706969529636
0.263116433624748,0.42643722716384236,0.6896910365632518,1.1202030272762002,1.8038225929474656,3.296487407857592,1.7856415426228123,1.0793786783117052,0.6170951473120666,0.3030433169067902
0.16088298636319462,0.26047649460012434,0.42216231707853724,0.6827649756502083,1.108993530072246,1.7856415426228123,3.2671273940149117,1.7378071519295708,1.0028366768458898,0.4900668763829987
0.09666316261964154,0.15658254097159607,0.25351260285838995,0.4108799507897203,0.664504055840667,1.0793786783117052,1.7378071519295708,3.1892278153833464,1.6130455172844558,0.7961529963290769
0.0554387171603051,0.08977973593264951,0.1454362068283696,0.23545321612376685,0.38165328853617664,0.6170951473120666,1.0028366768458898,1.6130455172844558,2.989776244500902,1.2814211619098663
0.027179600399771048,0.04402200490775901,0.07129169430288418,0.11548487166817303,0.1869706969529636,0.3030433169067902,0.4900668763829987,0.7961529963290769,1.2814211619098663,2.442413443074005
