1.4910136692664557,0.3775896309638842,0.28091078554314186,0.14568829737115707,0.0998960999977001,0.05480975556543863,0.035435964580556034,0.0195843520334961,0.011249175470213407,0.004792089525736992
0.3775896309638842,1.490957407170641,0.37749526677617873,0.2807586359180381,0.14543029332481983,0.09948593631102684,0.05410165582061792,0.0343360321364772,0.017629097194478888,0.008325412845243144
0.28091078554314186,0.37749526677617873,1.4907980022503076,0.3772405996336438,0.2803217202622011,0.14474609560463408,0.09828202883781902,0.05227729816582233,0.030990680274878588,0.012826791719067043
0.14568829737115707,0.2807586359180381,0.3772405996336438,1.4903863038325675,0.37654480383301797,0.27921079463943504,0.14283866165492126,0.09529806310630133,0.0470200331944563,0.0230372634911076
0.0998960999977001,0.14543029332481983,0.2803217202622011,0.37654480383301797,1.4891877306259191,0.3746776813450259,0.27590365178182835,0.13787014505874778,0.08608857612847584,0.033986642975966985
0.05480975556543863,0.09948593631102684,0.14474609560463408,0.27921079463943504,0.3746776813450259,1.4861852245778966,0.3695690541543067,0.26781743191829305,0.1238331517756367,0.06443927994298992
0.035435964580556034,0.05410165582061792,0.09828202883781902,0.14283866165492126,0.27590365178182835,0.3695690541543067,1.477040178199783,0.35601904342816526,0.24226399491283285,0.0884900709679278
0.0195843520334961,0.0343360321364772,0.05227729816582233,0.09529806310630133,0.13787014505874778,0.26781743191829305,0.35601904342816526,1.4551669057466767,0.31898335677889567,0.183272736493884
0.011249175470213407,0.017629097194478888,0.030990680274878588,0.0470200331944563,0.08608857612847584,0.1238331517756367,0.24226399491283285,0.31898335677889567,1.3833844950984144,0.22327302283795625
0.004792089525736992,0.008325412845243144,0.012826791719067043,0.0230372634911076,0.033986642975966985,0.06443927994298992,0.0884900709679278,0.183272736493884,0.22327302283795625,1.2223682449064592
