2.0939131229761747,0.16294486957997587,-0.46085569773826385,0.17524160299005803,0.013993736007038626,-0.041731227454733406,0.015999892030430764,0.0011934067350702735,-0.0036292854147847164,0.0011480452338301272
0.16294486957997587,2.093912055038565,0.1629480533916034,-0.4608575295373503,0.1752299459161209,0.014028848716053527,-0.0417520265437389,0.015872666130612206,0.0015806196690941587,-0.003865206682340462
-0.46085569773826385,0.1629480533916034,2.093900093974671,0.16295903264406322,-0.46082289262610365,0.17509822563262403,0.014151857254226968,-0.04137528406587112,0.01442220543932365,0.002958241918787406
0.17524160299005803,-0.4608575295373503,0.16295903264406322,2.093884620260833,0.16293929684185937,-0.4607022379136058,0.1749262283454045,0.013939334788812758,-0.04004946035366932,0.012510700006757332
0.013993736007038626,0.1752299459161209,-0.46082289262610365,0.16293929684185937,2.0937573720115625,0.16332129952047086,-0.46092640502235643,0.17353737402723599,0.018152050560083757,-0.04259298662832679
-0.041731227454733406,0.014028848716053527,0.17509822563262403,-0.4607022379136058,0.16332129952047086,2.0923068007549936,0.16467314604403582,-0.4567712966261072,0.15756402677468362,0.033292618601526575
0.015999892030430764,-0.0417520265437389,0.014151857254226968,0.1749262283454045,-0.46092640502235643,0.16467314604403582,2.0903947483434098,0.16225835757697066,-0.4419157188210364,0.1363118280646777
0.0011934067350702735,0.015872666130612206,-0.04137528406587112,0.013939334788812758,0.17353737402723599,-0.4567712966261072,0.16225835757697066,2.0752353915662827,0.20808189130014682,-0.4693245808963692
-0.0036292854147847164,0.0015806196690941587,0.01442220543932365,-0.04004946035366932,0.018152050560083757,0.15756402677468362,-0.4419157188210364,0.20808189130014682,1.8993392342785738,0.37447075977996486
0.0011480452338301272,-0.003865206682340462,0.002958241918787406,0.012510700006757332,-0.04259298662832679,0.033292618601526575,0.1363118280646777,-0.4693245808963692,0.37447075977996486,1.6630972591985256
