0.9848452067713809,0.2579401267974686,0.16657989168189374,0.10375106533384967,0.06552705541519889,0.04092407126360888,0.025359932155040968,0.015239885452569699,0.008470214265032644,0.0034134067363545666
0.2579401267974686,0.9847724040954748,0.2578246490827616,0.1663965969178553,0.10346058339433362,0.06506506172696971,0.040195218570852224,0.024188829962807752,0.013435058083690277,0.005415653399093973
0.16657989168189374,0.2578246490827616,0.984589236137092,0.25753391209811466,0.16593584000737624,0.10272778737007755,0.06390895028354328,0.038337731759181946,0.021325750248477177,0.008591100879701118
0.10375106533384967,0.1663965969178553,0.25753391209811466,0.9841277554229761,0.25680257186533956,0.16477266906625887,0.10089280899988888,0.06096030373509441,0.033794353389787576,0.01363307629290095
0.06552705541519889,0.10346058339433362,0.16593584000737624,0.25680257186533956,0.9829687159356331,0.2549592838723451,0.16186431796106399,0.0962209529871599,0.0537560432133897,0.02161749268747478
0.04092407126360888,0.06506506172696971,0.10272778737007755,0.16477266906625887,0.2549592838723451,0.9800367825915295,0.2503348589869983,0.15443005201714352,0.08477743958702767,0.034337852897701464
0.025359932155040968,0.040195218570852224,0.06390895028354328,0.10089280899988888,0.16186431796106399,0.2503348589869983,0.9727371235008652,0.23862060985104203,0.1363247271268392,0.05432815756330127
0.015239885452569699,0.024188829962807752,0.038337731759181946,0.06096030373509441,0.0962209529871599,0.15443005201714352,0.23862060985104203,0.9538634659253693,0.20971668090445267,0.08672902400091446
0.008470214265032644,0.013435058083690277,0.021325750248477177,0.033794353389787576,0.0537560432133897,0.08477743958702767,0.1363247271268392,0.20971668090445267,0.9086533873115228,0.13566510627199757
0.0034134067363545666,0.005415653399093973,0.008591100879701118,0.01363307629290095,0.02161749268747478,0.034337852897701464,0.05432815756330127,0.08672902400091446,0.13566510627199757,0.7745027718499268
