1.321748569689126,-0.8475140539922296,0.7356322165475697,-0.604923080433783,0.49415772514640977,-0.3939995789986212,0.30320236842467035,-0.21943737657761522,0.1409724605208984,-0.06475137148206292
-0.8475140539922296,1.3027344053034555,-0.8253629460432016,0.7098266086691553,-0.5748602102752446,0.4591342700268737,-0.3532031052809345,0.25564349810632564,-0.16422946756037937,0.07543409240947879
0.7356322165475697,-0.8253629460432016,1.2769288230321048,-0.7952999469978161,0.6748039871736693,-0.5340586100482474,0.4116072221748695,-0.2977980081460056,0.19132741193481925,-0.0878787174363132
-0.604923080433783,0.7098266086691553,-0.7952999469978161,1.2419060166327633,-0.754499277438827,0.627270919877073,-0.47869053048584687,0.34706135187845033,-0.22287111683232835,0.1023797086585343
0.49415772514640977,-0.5748602102752446,0.6748039871736693,-0.754499277438827,1.1943742844926006,-0.6991244776954205,0.5627685148731703,-0.4034963421494062,0.25977287713262714,-0.11925286979001617
-0.3939995789986212,0.4591342700268737,-0.5340586100482474,0.627270919877073,-0.6991244776954205,1.1298622385718233,-0.6239788145391215,0.47516618531489896,-0.301808197312567,0.13903493679091186
0.30320236842467035,-0.3532031052809345,0.4116072221748695,-0.47869053048584687,0.5627685148731703,-0.6239788145391215,1.0423295242854713,-0.5219402783801339,0.3566945323393558,-0.16130474144732224
-0.21943737657761522,0.25564349810632564,-0.2977980081460056,0.34706135187845033,-0.4034963421494062,0.47516618531489896,-0.5219402783801339,0.9233551923482373,-0.3839669332384029,0.19205780099218256
0.1409724605208984,-0.16422946756037937,0.19132741193481925,-0.22287111683232835,0.25977287713262714,-0.301808197312567,0.3566945323393558,-0.3839669332384029,0.7623482125133461,-0.19807597884539196
-0.06475137148206292,0.07543409240947879,-0.0878787174363132,0.1023797086585343,-0.11925286979001617,0.13903493679091186,-0.16130474144732224,0.19205780099218256,-0.19807597884539196,0.5091732496254094
