2.2014704214407725,0.7134275141350901,0.6826902053086896,0.32349337243085385,0.2364041419614267,0.12976851770877335,0.0847999608786536,0.047649820917258986,0.028627063463916212,0.009640480576634521
0.7134275141350901,2.201312633285249,0.7131830093825158,0.6822619749972032,0.3228749067131056,0.23520071072801357,0.1283140353707318,0.08115884228884601,0.04497046560168515,0.016037049398101952
0.6826902053086896,0.7131830093825158,2.200934500172214,0.7125187524136603,0.6813073178552762,0.32100389924124445,0.23296783884032393,0.12262708251744317,0.07713446105373109,0.025159869864676946
0.32349337243085385,0.6822619749972032,0.7125187524136603,2.1997729243467434,0.7108368785798016,0.6780469232896578,0.31703733864572714,0.2231269137123136,0.11523890045551871,0.04324120504774087
0.2364041419614267,0.3228749067131056,0.6813073178552762,0.7108368785798016,2.1973671752088633,0.7060891309199653,0.6724500207097768,0.30254334404025174,0.21325798725532608,0.0643943847498259
0.12976851770877335,0.23520071072801357,0.32100389924124445,0.6780469232896578,0.7060891309199653,2.1882402926646582,0.6948217079381547,0.6450518194485204,0.28104828144677885,0.11974150185445208
0.0847999608786536,0.1283140353707318,0.23296783884032393,0.31703733864572714,0.6724500207097768,0.6948217079381547,2.1754221244137075,0.6599997932779311,0.6239372762331372,0.15652148988272713
0.047649820917258986,0.08115884228884601,0.12262708251744317,0.2231269137123136,0.30254334404025174,0.6450518194485204,0.6599997932779311,2.094087023367966,0.5905174906402826,0.3515054659041523
0.028627063463916212,0.04497046560168515,0.07713446105373109,0.11523890045551871,0.21325798725532608,0.28104828144677885,0.6239372762331372,0.5905174906402826,2.070386857393705,0.3251947430479992
0.009640480576634521,0.016037049398101952,0.025159869864676946,0.04324120504774087,0.0643943847498259,0.11974150185445208,0.15652148988272713,0.3515054659041523,0.3251947430479992,1.1876674168723793
