1.710235619319253,0.7790119737927034,0.47725140302842955,0.23406147675561573,0.1398056587428505,0.06972732271109718,0.04033743447403593,0.019383414588415557,0.009292009751680357,0.0008011114122288006
0.7790119737927034,1.7101785263703733,0.778913734491286,0.47705744407470047,0.23373329485584343,0.1391454907283602,0.06863371347334894,0.03808523112801446,0.015750825476258168,0.0015865370962433911
0.47725140302842955,0.778913734491286,1.7100058161229625,0.7785808103770464,0.47647868143820427,0.23260358626307248,0.13720915936314432,0.06479412782929125,0.03162035147601981,0.002675137955310615
0.23406147675561573,0.47705744407470047,0.7785808103770464,1.7093467064598709,0.7774690333621426,0.474234534624241,0.22890050190971123,0.12954988349416327,0.05250114941093806,0.005402091714803743
0.1398056587428505,0.23373329485584343,0.47647868143820427,0.7774690333621426,1.7074063731857057,0.7736981449296908,0.46773919107548745,0.2160913757000732,0.10784795442968466,0.008909789618318422
0.06972732271109718,0.1391454907283602,0.23260358626307248,0.474234534624241,0.7736981449296908,1.6997622296019557,0.7611454040295557,0.4416361234340367,0.17445170838661633,0.01843829302270699
0.04033743447403593,0.06863371347334894,0.13720915936314432,0.22890050190971123,0.46773919107548745,0.7611454040295557,1.6780030813305427,0.7185362754711345,0.3688683409723275,0.029575295271254028
0.019383414588415557,0.03808523112801446,0.06479412782929125,0.12954988349416327,0.2160913757000732,0.4416361234340367,0.7185362754711345,1.588809781007974,0.5773256539228087,0.0631195898076736
0.009292009751680357,0.015750825476258168,0.03162035147601981,0.05250114941093806,0.10784795442968466,0.17445170838661633,0.3688683409723275,0.5773256539228087,1.3451702943150212,0.09774526376577872
0.0008011114122288006,0.0015865370962433911,0.002675137955310615,0.005402091714803743,0.008909789618318422,0.01843829302270699,0.029575295271254028,0.0631195898076736,0.09774526376577872,0.29608383969028484
