15.036723423414887,-11.385048322099632,5.1966361341194975,1.046317262260895,-5.155482832306512,6.29488517235128,-4.998970305965305,2.6400027925816785,-0.6445396304676883,-0.18112434711267525
-11.385048322099632,14.737520096390105,-11.006512561005014,4.876502961761358,1.161395897249308,-4.96854398330698,5.810765655628875,-4.346774456422541,2.0494943172656717,-0.37516099166117417
5.1966361341194975,-11.006512561005014,14.040421286679356,-10.203040021432933,4.273918128405773,1.2651860320957544,-4.410641244414177,4.663214407458536,-2.943194980270497,0.9097626991040646
1.046317262260895,4.876502961761358,-10.203040021432933,12.970253065665828,-9.24537483259257,3.8525057216942966,0.8468704470164512,-3.124021744826983,2.83253401043524,-1.196013653788423
-5.155482832306512,1.161395897249308,4.273918128405773,-9.24537483259257,11.968856165011811,-8.604554648196885,3.9243951557448877,-0.07927529760788657,-1.5219160874341608,1.0556362300011124
6.29488517235128,-4.96854398330698,1.2651860320957544,3.8525057216942966,-8.604554648196885,11.321340200811044,-8.216961839464478,4.01976507159246,-0.734199786277258,-0.4442246551779505
-4.998970305965305,5.810765655628875,-4.410641244414177,0.8468704470164512,3.9243951557448877,-8.216961839464478,10.524368799884602,-7.242341716085297,3.2285206313780734,-0.4981791470091925
2.6400027925816785,-4.346774456422541,4.663214407458536,-3.124021744826983,-0.07927529760788657,4.01976507159246,-7.242341716085297,8.626275526512355,-4.985054641519586,1.460757965124629
-0.6445396304676883,2.0494943172656717,-2.943194980270497,2.83253401043524,-1.5219160874341608,-0.734199786277258,3.2285206313780734,-4.985054641519586,5.485591628849452,-2.0496207332606673
-0.18112434711267525,-0.37516099166117417,0.9097626991040646,-1.196013653788423,1.0556362300011124,-0.4442246551779505,-0.4981791470091925,1.460757965124629,-2.0496207332606673,2.3177741002331276
