0.1986800305639584,-0.024790336591692823,0.023126469559272396,-0.009721704928896268,0.005352473019568589,-0.0026491204723827298,0.0013683280227049259,-0.0007048360693677927,0.000366372584001188,-0.00027669167867394335
-0.024790336591692823,0.19868034034210275,-0.024790943370848632,0.023127669735335483,-0.009724019087916298,0.005357238474626224,-0.0026573534139032067,0.0013902611432415313,-0.0007184371869571203,0.0005438558408991292
0.023126469559272396,-0.024790943370848632,0.19868152887365803,-0.024793294218836623,0.023132202613442676,-0.009733353394134347,0.005373365031955137,-0.0027003137316100674,0.0014169089012045092,-0.0010660499438189478
-0.009721704928896268,0.023127669735335483,-0.024793294218836623,0.19868617873083932,-0.024802259952884494,0.023150665605839837,-0.009765249558246297,0.005458344700619377,-0.002752988126783546,0.002104638594460178
0.005352473019568589,-0.009724019087916298,0.023132202613442676,-0.024802259952884494,0.198703466568044,-0.024837858740760083,0.023212173779079817,-0.009929072871703906,0.005560080289556555,-0.004078190192712812
-0.0026491204723827298,0.005357238474626224,-0.009733353394134347,0.023150665605839837,-0.024837858740760083,0.1987767801837284,-0.02496448602086443,0.023549700683144506,-0.010137688663793382,0.008293530876044447
0.0013683280227049259,-0.0026573534139032067,0.005373365031955137,-0.009765249558246297,0.023212173779079817,-0.02496448602086443,0.19899571128683025,-0.025546767890183432,0.023914425149518623,-0.014838053052778735
-0.0007048360693677927,0.0013902611432415313,-0.0027003137316100674,0.005458344700619377,-0.009929072871703906,0.023549700683144506,-0.025546767890183432,0.20055183235457896,-0.026493335847542855,0.03656459491779998
0.000366372584001188,-0.0007184371869571203,0.0014169089012045092,-0.002752988126783546,0.005560080289556555,-0.010137688663793382,0.023914425149518623,-0.026493335847542855,0.2012334007875451,-0.03385496954426644
-0.00027669167867394335,0.0005438558408991292,-0.0010660499438189478,0.002104638594460178,-0.004078190192712812,0.008293530876044447,-0.014838053052778735,0.03656459491779998,-0.03385496954426644,0.30512052312456833
