1.3778836741906153,-0.7656265902056822,0.45308065869970615,-0.2630699715922013,0.14238976645888735,-0.061946715682060546,0.006732304757503613,0.02918820255757585,-0.044449483681203536,0.029546479023266747
-0.7656265902056822,1.356472588455241,-0.7410739584599446,0.4252619442225155,-0.2321694129005794,0.1092176018943094,-0.028522558241761996,-0.022649992056470607,0.04602591387209972,-0.03252675253104596
0.45308065869970615,-0.7410739584599446,1.3283056737227998,-0.7091384864577766,0.38974818869584804,-0.19396826663695133,0.07057566897383023,0.005761750458746025,-0.043053042442711464,0.034361638636747016
-0.2630699715922013,0.4252619442225155,-0.7091384864577766,1.2920575620726165,-0.6687547027162972,0.34616782843119087,-0.14960926401683894,0.030643998565628765,0.030892438557607427,-0.03352983555304382
0.14238976645888735,-0.2321694129005794,0.38974818869584804,-0.6687547027162972,1.246928440978485,-0.6197925064652055,0.2958209894352345,-0.10323099478946043,-0.001018754292539361,0.027187784111514856
-0.061946715682060546,0.1092176018943094,-0.19396826663695133,0.34616782843119087,-0.6197925064652055,1.193315257452806,-0.5637060782699216,0.24219259262783613,-0.06212439170102678,-0.010092352172088419
0.006732304757503613,-0.028522558241761996,0.07057566897383023,-0.14960926401683894,0.2958209894352345,-0.5637060782699216,1.1327981232859614,-0.5021249181452968,0.18679333904343187,-0.027342903992563162
0.02918820255757585,-0.022649992056470607,0.005761750458746025,0.030643998565628765,-0.10323099478946043,0.24219259262783613,-0.5021249181452968,1.062870487292533,-0.42416248467624895,0.10255281370609051
-0.044449483681203536,0.04602591387209972,-0.043053042442711464,0.030892438557607427,-0.001018754292539361,-0.06212439170102678,0.18679333904343187,-0.42416248467624895,0.9479895289688185,-0.24713894277526968
0.029546479023266747,-0.03252675253104596,0.034361638636747016,-0.03352983555304382,0.027187784111514856,-0.010092352172088419,-0.027342903992563162,0.10255281370609051,-0.24713894277526968,0.5995076644845588
