3.436757517941944,-1.7023743810671597,1.113248045666178,-0.7685637240846788,0.5330472324207837,-0.364769365157838,0.24134382285821382,-0.14757369615013644,0.07290999456210581,-0.01483483742980215
-1.7023743810671597,3.432696623770566,-1.696625432676053,1.1051094134127655,-0.7570425735774988,0.5167412326595415,-0.3417159654327101,0.2089252172911164,-0.10321881890975869,0.02100165556707457
1.113248045666178,-1.696625432676053,3.4245579217485087,-1.6851036902155407,1.0887990894057167,-0.7339584085414037,0.4841048721063883,-0.2958214185348626,0.14613265396165284,-0.02973284930090711
-0.7685637240846788,1.1051094134127655,-1.6851036902155407,3.4082468995484767,-1.6620136013484121,1.0561194549995485,-0.6877559851711537,0.4191331779686558,-0.20692757402072437,0.042099867154156714
0.5330472324207837,-0.7570425735774988,1.0887990894057167,-1.6620136013484121,3.3755602781434457,-1.6157518966595492,0.9907147081542484,-0.5957811406840378,0.2932932621233369,-0.05965272683239767
-0.364769365157838,0.5167412326595415,-0.7339584085414037,1.0561194549995485,-1.6157518966595492,3.3100856105824166,-1.5231838085912721,0.8605411211780976,-0.41767392504802614,0.08482031750650698
0.24134382285821382,-0.3417159654327101,0.4841048721063883,-0.6877559851711537,0.9907147081542484,-1.5231838085912721,3.179212308809642,-1.33913985006853,0.6087000018748615,-0.12269916289823907
-0.14757369615013644,0.2089252172911164,-0.2958214185348626,0.4191331779686558,-0.5957811406840378,0.8605411211780976,-1.33913985006853,2.920368961461285,-0.9847545570299845,0.1922242850269992
0.07290999456210581,-0.10321881890975869,0.14613265396165284,-0.20692757402072437,0.2932932621233369,-0.41767392504802614,0.6087000018748615,-0.9847545570299845,2.4338201264909243,-0.40304798268211356
-0.01483483742980215,0.02100165556707457,-0.02973284930090711,0.042099867154156714,-0.05965272683239767,0.08482031750650698,-0.12269916289823907,0.1922242850269992,-0.40304798268211356,1.6661010138005832
