1.0545930906969705,-0.6353264671705086,0.36855768005437156,-0.20780893053667204,0.11607401734673581,-0.06454755571885482,0.03567843653522437,-0.019371330987151682,0.009805827888290231,-0.0031655695488234797
-0.6353264671705086,1.0545684311886792,-0.6352821526062997,0.3684780203119171,-0.20766560330768796,0.11581541819731812,-0.06407704029540043,0.034800845479924764,-0.01761803345180847,0.005687776100342189
0.36855768005437156,-0.6352821526062997,1.0544887953578956,-0.6351389994873828,0.36822045328290354,-0.20720088735018227,0.11496988406385125,-0.06250000963401885,0.031650349766170156,-0.010219200144493488
-0.20780893053667204,0.3684780203119171,-0.6351389994873828,1.0542314639708161,-0.6346759993293942,0.36738509036880945,-0.2056810085871429,0.11213529915187553,-0.05683823048838606,0.018358694778224147
0.11607401734673581,-0.20766560330768796,0.36822045328290354,-0.6346759993293942,1.0533984232332794,-0.6331730292266404,0.3646507395992099,-0.2005824432810257,0.10195684496347335,-0.03296973709958968
-0.06454755571885482,0.11581541819731812,-0.20720088735018227,0.36738509036880945,-0.6331730292266404,1.0506869567774613,-0.6282410934071523,0.3554600611070795,-0.18226424372713695,0.05914621434508396
0.03567843653522437,-0.06407704029540043,0.11496988406385125,-0.2056810085871429,0.3646507395992099,-0.6282410934071523,1.0417217959427214,-0.6115649746180857,0.322383646824716,-0.10576001884916571
-0.019371330987151682,0.034800845479924764,-0.06250000963401885,0.11213529915187553,-0.2005824432810257,0.3554600611070795,-0.6115649746180857,1.0108677866789462,-0.5512429350948835,0.18721216572107097
0.009805827888290231,-0.01761803345180847,0.031650349766170156,-0.05683823048838606,0.10195684496347335,-0.18226424372713695,0.322383646824716,-0.5512429350948835,0.8975974024729669,-0.3209322961773485
-0.0031655695488234797,0.005687776100342189,-0.010219200144493488,0.018358694778224147,-0.03296973709958968,0.05914621434508396,-0.10576001884916571,0.18721216572107097,-0.3209322961773485,0.5526891898493936
