3.312867618887792,0.7373946953786152,0.8987959892716979,0.420941485179397,0.3096301420005927,0.17597411105485483,0.10986604243133731,0.0597412353727423,0.0206876185652356,0.0008951623351533386
0.7373946953786152,3.31200199861544,0.7360086607751253,0.8966239032668688,0.41739483687345286,0.3042796641213255,0.16659695184881979,0.09761804812406209,0.03218776751911068,0.0015034272930460595
0.8987959892716979,0.7360086607751253,3.3097822480045322,0.7325313283404571,0.8909420305171397,0.4088349437614731,0.28923993816769095,0.14705712422973202,0.053274187495797196,0.0021442878315771057
0.420941485179397,0.8966239032668688,0.7325313283404571,3.3043309680751483,0.72363609746809,0.8775055335443818,0.38534132927401604,0.258401974827562,0.07824508952976897,0.004154998366018327
0.3096301420005927,0.41739483687345286,0.8909420305171397,0.72363609746809,3.289778904371246,0.7017647869562074,0.8389114357730227,0.3356570067282684,0.14394367554528903,0.00433130710199861
0.17597411105485483,0.3042796641213255,0.4088349437614731,0.8775055335443818,0.7017647869562074,3.256581718480202,0.6442320485740677,0.7619759245845746,0.169206781534319,0.013802368682563277
0.10986604243133731,0.16659695184881979,0.28923993816769095,0.38534132927401604,0.8389114357730227,0.6442320485740677,3.1535369150094152,0.5157510523707068,0.45030609487096196,0.0008821033673099147
0.0597412353727423,0.09761804812406209,0.14705712422973202,0.258401974827562,0.3356570067282684,0.7619759245845746,0.5157510523707068,2.968179161275973,0.16373805031864652,0.0654905938660061
0.0206876185652356,0.03218776751911068,0.053274187495797196,0.07824508952976897,0.14394367554528903,0.169206781534319,0.45030609487096196,0.16373805031864652,1.972288478075719,-0.09097171313527572
0.0008951623351533386,0.0015034272930460595,0.0021442878315771057,0.004154998366018327,0.00433130710199861,0.013802368682563277,0.0008821033673099147,0.0654905938660061,-0.09097171313527572,0.48102969382662786
