1.1109399758069132,0.05067940989188344,0.017046498346453345,0.004352681263579294,0.0013379685189585035,0.0003623212711708236,0.00010689584963225105,2.9719105363699195e-05,8.504755075023899e-06,2.008932427094385e-06
0.05067940989188344,1.110939975750476,0.05067940969507112,0.017046497649273705,0.004352678850249914,0.0013379598768684707,0.00036229183296748637,0.0001067879349463396,2.936414509855631e-05,7.136300606436449e-06
0.017046498346453345,0.05067940969507112,1.1109399750639781,0.0506794072640661,0.017046489230025295,0.004352648722943553,0.001337857141244085,0.0003619158133243614,0.00010554819359202328,2.4600699629732405e-05
0.004352681263579294,0.017046497649273705,0.0506794072640661,1.1109399664511372,0.05067937745711093,0.017046382455647005,0.0043522851925181716,0.0013365235352210936,0.0003575340454098577,8.862890543445147e-05
0.0013379685189585035,0.004352678850249914,0.017046489230025295,0.05067937745711093,1.110939863185405,0.050679008120680186,0.01704512204749875,0.004347677071570446,0.001321305438675514,0.00029919949607808084
0.0003623212711708236,0.0013379598768684707,0.004352648722943553,0.017046382455647005,0.050679008120680186,1.1109385391869906,0.05067450522705352,0.01702857732175088,0.0042934449165356985,0.0011111926727706482
0.00010689584963225105,0.00036229183296748637,0.001337857141244085,0.0043522851925181716,0.01704512204749875,0.05067450522705352,1.1109231469633376,0.050618365945104354,0.016842508218951883,0.003583885268462061
2.9719105363699195e-05,0.0001067879349463396,0.0003619158133243614,0.0013365235352210936,0.004347677071570446,0.01702857732175088,0.050618365945104354,1.1107161900555298,0.049943370828665526,0.014208609160962995
8.504755075023899e-06,2.936414509855631e-05,0.00010554819359202328,0.0003575340454098577,0.001321305438675514,0.0042934449165356985,0.016842508218951883,0.049943370828665526,1.1084608589845764,0.04144189926359226
2.008932427094385e-06,7.136300606436449e-06,2.4600699629732405e-05,8.862890543445147e-05,0.00029919949607808084,0.0011111926727706482,0.003583885268462061,0.014208609160962995,0.04144189926359226,1.074792386817015
