4.548623906362276,-1.7746906789068784,2.0924483851083258,-1.0379887819605662,1.110367296205314,-0.5840368833065825,0.5683525769700882,-0.2985880924358715,0.24759558002636062,-0.1025121490995477
-1.7746906789068784,4.542185286494597,-1.7665436910318237,2.080851472883776,-1.0235118836070667,1.0894493953706765,-0.5583594741639335,0.5305553946466761,-0.25315091579989646,0.17915187175376135
2.0924483851083258,-1.7665436910318237,4.5297699279972115,-1.7521919724430721,2.0582818886673175,-0.998336789638961,1.0482808071915928,-0.5144399048924133,0.45515469969610745,-0.1770778742604828
-1.0379887819605662,2.080851472883776,-1.7521919724430721,4.508832881161154,-1.7267671850595243,2.020407878215456,-0.9534152629679113,0.9796049838258389,-0.4353397242071864,0.33026671357249715
1.110367296205314,-1.0235118836070667,2.0582818886673175,-1.7267671850595243,4.467702483104063,-1.6823437165358186,1.945160430699353,-0.8763136654060881,0.841303039321582,-0.30269981999562606
-0.5840368833065825,1.0894493953706765,-0.998336789638961,2.020407878215456,-1.6823437165358186,4.398950482713885,-1.6042486529761169,1.8199667651762275,-0.7396872299277991,0.6124786437314803
0.5683525769700882,-0.5583594741639335,1.0482808071915928,-0.9534152629679113,1.945160430699353,-1.6042486529761169,4.260800486900735,-1.4696038630028845,1.564995564182161,-0.5101114789150075
-0.2985880924358715,0.5305553946466761,-0.5144399048924133,0.9796049838258389,-0.8763136654060881,1.8199667651762275,-1.4696038630028845,4.031673002486884,-1.2360753658305899,1.14367757143168
0.24759558002636062,-0.25315091579989646,0.45515469969610745,-0.4353397242071864,0.841303039321582,-0.7396872299277991,1.564995564182161,-1.2360753658305899,3.5588050977066996,-0.8425852631387318
-0.1025121490995477,0.17915187175376135,-0.1770778742604828,0.33026671357249715,-0.30269981999562606,0.6124786437314803,-0.5101114789150075,1.14367757143168,-0.8425852631387318,2.7785946001950363
