2.0843511980893132,-0.37957951729914075,0.8307367905682069,-0.01184718425213937,0.3852212981220677,0.06447731880755231,0.18059850110963532,0.05119923848038446,0.06768409208308457,0.013657626866732608
-0.37957951729914075,2.0791573506896808,-0.38551846033847015,0.8226073670274132,-0.020541305704735946,0.3722267730113344,0.052241368845683145,0.15908076362975443,0.03542992881034035,0.030033834593815464
0.8307367905682069,-0.38551846033847015,2.071257686851954,-0.394315837157165,0.8101369340842455,-0.03322746185245801,0.35200098991999074,0.03495543297907591,0.12479816226943899,0.014897904124625062
-0.01184718425213937,0.8226073670274132,-0.394315837157165,2.0583095653119328,-0.406787317231186,0.7888215219204209,-0.04957738344700534,0.3150323131912743,0.01757659412236849,0.05574751181252154
0.3852212981220677,-0.020541305704735946,0.8101369340842455,-0.406787317231186,2.037987305526518,-0.42358356736400815,0.7541182702239287,-0.06890227001480777,0.25156622589598665,0.005920660402633234
0.06447731880755231,0.3722267730113344,-0.03322746185245801,0.7888215219204209,-0.42358356736400815,2.001219211476159,-0.44198050159579055,0.685942185089703,-0.07651221660923588,0.11324270701554012
0.18059850110963532,0.052241368845683145,0.35200098991999074,-0.04957738344700534,0.7541182702239287,-0.44198050159579055,1.937336096926315,-0.4515197344985812,0.5574111242810295,-0.03858241933796763
0.05119923848038446,0.15908076362975443,0.03495543297907591,0.3150323131912743,-0.06890227001480777,0.685942185089703,-0.4515197344985812,1.7998796106952828,-0.40957879838412714,0.2527797123543022
0.06768409208308457,0.03542992881034035,0.12479816226943899,0.01757659412236849,0.25156622589598665,-0.07651221660923588,0.5574111242810295,-0.40957879838412714,1.5138048642299755,-0.1938165957901664
0.013657626866732608,0.030033834593815464,0.014897904124625062,0.05574751181252154,0.005920660402633234,0.11324270701554012,-0.03858241933796763,0.2527797123543022,-0.1938165957901664,0.7834872554411125
