14.246117875876777,0.7076477316418152,-10.333771891452177,-1.5130492722138251,7.344036994193576,1.7295651606738163,-4.606432522783432,-1.4208787021323017,2.1236901364964087,0.6298675450179174
0.7076477316418152,13.728143433433234,0.5808325062076316,-9.734735890641996,-1.292022492029156,6.660030453396369,1.3868320580710067,-3.8360668172439665,-0.9236832792541612,1.2691852087433622
-10.333771891452177,0.5808325062076316,12.994929500219218,0.6446212200533011,-8.858060570711134,-1.2641680664784574,5.624113135548839,1.231550043775429,-2.6264247147923987,-0.5968457161358304
-1.5130492722138251,-9.734735890641996,0.6446212200533011,12.29236502305091,0.4860867364063075,-8.043956475813903,-0.9801582048113671,4.69259991683561,0.7849453952049005,-1.5749256984440159
7.344036994193576,-1.292022492029156,-8.858060570711134,0.4860867364063075,11.234449256623428,0.5491524826897495,-6.782467191110161,-0.906029321823695,3.205988321506007,0.5216170167859082
1.7295651606738163,6.660030453396369,-1.2641680664784574,-8.043956475813903,0.5491524826897495,10.276859230109602,0.3613757494431088,-5.669508885863361,-0.552083797112006,1.9284695205691584
-4.606432522783432,1.3868320580710067,5.624113135548839,-0.9801582048113671,-6.782467191110161,0.3613757494431088,8.759336368351471,0.4048601799728272,-3.86551562402173,-0.3907146249744213
-1.4208787021323017,-3.8360668172439665,1.231550043775429,4.69259991683561,-0.906029321823695,-5.669508885863361,0.4048601799728272,7.445175567384487,0.19821093239682025,-2.332108223201079
2.1236901364964087,-0.9236832792541612,-2.6264247147923987,0.7849453952049005,3.205988321506007,-0.552083797112006,-3.86551562402173,0.19821093239682025,5.282344849731787,0.18790460495854777
0.6298675450179174,1.2691852087433622,-0.5968457161358304,-1.5749256984440159,0.5216170167859082,1.9284695205691584,-0.3907146249744213,-2.332108223201079,0.18790460495854777,3.4634379932531485
