0.9645020427251202,-0.027079343837337358,0.018630140619228505,-0.011168553101255833,0.006790531403423163,-0.00411132222183872,0.0024728901354461293,-0.0014596076764816644,0.0008155432730841637,-0.0003753507278862337
-0.027079343837337358,0.9644984101198614,-0.027073368554875084,0.018620311860046375,-0.011152385754274288,0.006763937598629448,-0.004067579299757137,0.002400918625094776,-0.0013414889866141147,0.0006174154833349154
0.018630140619228505,-0.027073368554875084,0.9644885813611717,-0.02705720120164444,0.018593718146169592,-0.011108641531033626,0.006691984744805449,-0.003949193162928266,0.002206624863169181,-0.0010155880568087933
-0.011168553101255833,0.018620311860046375,-0.02705720120164444,0.9644619876356835,-0.027013457125761746,0.01852176314846051,-0.010990286076448797,0.006497251048875603,-0.003629598820109118,0.0016705491936835817
0.006790531403423163,-0.011152385754274288,0.018593718146169592,-0.027013457125761746,0.9643900329117812,-0.026895098196372674,0.01832708000684499,-0.010669968224788754,0.0059715493318637115,-0.002747811100428468
-0.00411132222183872,0.006763937598629448,-0.011108641531033626,0.01852176314846051,-0.026895098196372674,0.9641953433136101,-0.026574862283034482,0.017800186183632914,-0.009805241351183316,0.00452102774256406
0.0024728901354461293,-0.004067579299757137,0.006691984744805449,-0.010990286076448797,0.01832708000684499,-0.026574862283034482,0.9636686017405071,-0.025708203246312608,0.01637777529490386,-0.0074202279144905126
-0.0014596076764816644,0.002400918625094776,-0.003949193162928266,0.006497251048875603,-0.010669968224788754,0.017800186183632914,-0.025708203246312608,0.9622426006873884,-0.023368751571492513,0.01244099019041589
0.0008155432730841637,-0.0013414889866141147,0.002206624863169181,-0.003629598820109118,0.0059715493318637115,-0.009805241351183316,0.01637777529490386,-0.023368751571492513,0.9583904741780316,-0.017089088860274947
-0.0003753507278862337,0.0006174154833349154,-0.0010155880568087933,0.0016705491936835817,-0.002747811100428468,0.00452102774256406,-0.0074202279144905126,0.01244099019041589,-0.017089088860274947,0.945251744562667
