0.47635991350952794,0.0011529275345267928,0.0022949006549535596,-0.001036837604801264,0.0007534790086904627,-0.000481938202247646,0.00031495502590058713,-0.00020110430189245945,0.00012312427431461915,-6.914002547581789e-05
0.0011529275345267928,0.47635918604306776,0.0011540331655798272,0.002293220330639085,-0.0010342835090927766,0.0007495991066707269,-0.0004760292217229279,0.0003060533013097387,-0.0001870646240559295,0.0001050900572769821
0.0022949006549535596,0.0011540331655798272,0.47635750566314533,0.0011565869859978145,0.0022893385189361277,-0.001028386689735583,0.0007406183979439393,-0.00046250015073437823,0.0002847145759787386,-0.00015966001395831863
-0.001036837604801264,0.002293220330639085,0.0011565869859978145,0.4763536243982843,0.0011624865125271712,0.002280376589794028,-0.0010147380273546514,0.0007200563926748995,-0.0004300742970935556,0.00024303643348932752
0.0007534790086904627,-0.0010342835090927766,0.0022893385189361277,0.0011624865125271712,0.47634465709156726,0.0011761085529174305,0.002259629908450367,-0.0009834882204300026,0.0006707400827550518,-0.00036691082103957397
-0.000481938202247646,0.0007495991066707269,-0.001028386689735583,0.002280376589794028,0.0011761085529174305,0.4763239632926198,0.001207620157151111,0.0022121296798285756,-0.0009087596488363464,0.0005735768491624949
0.00031495502590058713,-0.0004760292217229279,0.0007406183979439393,-0.0010147380273546514,0.002259629908450367,0.001207620157151111,0.47627594302516274,0.0012797742469241513,0.002097107331091202,-0.0007686300791183109
-0.00020110430189245945,0.0003060533013097387,-0.00046250015073437823,0.0007200563926748995,-0.0009834882204300026,0.0022121296798285756,0.0012797742469241513,0.47616603467294544,0.0014452209471703353,0.0018353357104438962
0.00012312427431461915,-0.0001870646240559295,0.0002847145759787386,-0.0004300742970935556,0.0006707400827550518,-0.0009087596488363464,0.002097107331091202,0.0014452209471703353,0.47585397265351476,0.0015273222259488493
-6.914002547581789e-05,0.0001050900572769821,-0.00015966001395831863,0.00024303643348932752,-0.00036691082103957397,0.0005735768491624949,-0.0007686300791183109,0.0018353357104438962,0.0015273222259488493,0.4736861904976935
