1.0992601755443643,0.36555069683127417,0.27811097331732526,0.20185410660471764,0.14628053672021168,0.10519664080227967,0.07455256659003709,0.05130745157333574,0.03312774080675266,0.018886834756072453
0.36555069683127417,1.0985996063320647,0.3646467014705762,0.27687384692014255,0.20016108706742952,0.1439636253299494,0.10202586900971407,0.07021474566256991,0.04533563386804598,0.02584681616854638
0.27811097331732526,0.3646467014705762,1.0973624799311557,0.3629536820218543,0.2745569332965852,0.19699037140441217,0.1396243934418439,0.0960895190845914,0.062042255331665824,0.0353716180244293
0.20185410660471764,0.27687384692014255,0.3629536820218543,1.0950455664357803,0.359782963312101,0.27021777823537907,0.19105209058388495,0.13150044113586085,0.08490538699471696,0.04840640334881392
0.14628053672021168,0.20016108706742952,0.2745569332965852,0.359782963312101,1.0907064069650252,0.35384478730140245,0.2620911830307542,0.1799343826356345,0.11619484741872496,0.06624458808383783
0.10519664080227967,0.1439636253299494,0.19699037140441217,0.27021777823537907,0.35384478730140245,1.0825799634519515,0.3427234738223254,0.2468765068606109,0.1589885471660159,0.09065745131198705
0.07455256659003709,0.10202586900971407,0.1396243934418439,0.19105209058388495,0.2620911830307542,0.3427234738223254,1.0673600689871947,0.32190167111475765,0.2182114840562608,0.12403816593218524
0.05130745157333574,0.07021474566256991,0.0960895190845914,0.13150044113586085,0.1799343826356345,0.2468765068606109,0.32190167111475765,1.0388745591381499,0.282684476809073,0.17043703948989247
0.03312774080675266,0.04533563386804598,0.062042255331665824,0.08490538699471696,0.11619484741872496,0.1589885471660159,0.2182114840562608,0.282684476809073,0.9849247443583184,0.21590980517682384
0.018886834756072453,0.02584681616854638,0.0353716180244293,0.04840640334881392,0.06624458808383783,0.09065745131198705,0.12403816593218524,0.17043703948989247,0.21590980517682384,0.9286065798365875
