0.9450574402743986,-0.054258383315970396,0.05409924709387615,-0.03681457289852956,0.02885092218725431,-0.021022579833791914,0.015390520621424124,-0.01074974455545825,0.006873151079267271,-0.0038243480250150235
-0.054258383315970396,0.94481519028904,-0.05393996350567194,0.05368124680123492,-0.036264109727574684,0.028131643466192527,-0.020064593394212814,0.014173439707859451,-0.00901608318870243,0.005029504335929744
0.05409924709387615,-0.05393996350567194,0.9443966504532343,-0.05339053356607247,0.05295770034639794,-0.03531867966906753,0.026872410508717966,-0.018464925797633314,0.01189435768547733,-0.006593748213539131
-0.03681457289852956,0.05368124680123492,-0.05339053356607247,0.9436753930822626,-0.0524407198856784,0.05171657381889805,-0.03366573995042268,0.024772164156868916,-0.015474104374031903,0.008711239676166115
0.02885092218725431,-0.036264109727574684,0.05295770034639794,-0.0524407198856784,0.9424245548110377,-0.050806378267784884,0.04953950852198427,-0.030900932612654062,0.02083031195370967,-0.011292732574540876
-0.021022579833791914,0.028131643466192527,-0.03531867966906753,0.05171657381889805,-0.050806378267784884,0.9402886928826916,-0.04796266600607912,0.04592357094302839,-0.025760665897503966,0.015332884093348174
0.015390520621424124,-0.020064593394212814,0.026872410508717966,-0.03366573995042268,0.04953950852198427,-0.04796266600607912,0.9364979445149215,-0.04315716395882572,0.03904340680348316,-0.0185482756062904
-0.01074974455545825,0.014173439707859451,-0.018464925797633314,0.024772164156868916,-0.030900932612654062,0.04592357094302839,-0.04315716395882572,0.9303594384715016,-0.03452448989721948,0.029531645823500582
0.006873151079267271,-0.00901608318870243,0.01189435768547733,-0.015474104374031903,0.02083031195370967,-0.025760665897503966,0.03904340680348316,-0.03452448989721948,0.9177010940610593,-0.02214009325326263
-0.0038243480250150235,0.005029504335929744,-0.006593748213539131,0.008711239676166115,-0.011292732574540876,0.015332884093348174,-0.0185482756062904,0.029531645823500582,-0.02214009325326263,0.9010624407529394
