2.4453198110147096,-0.9524552229376624,1.1470568079762546,-0.3762856417751157,0.5636851958817273,-0.13567483797627342,0.2711158574729385,-0.03857355815548324,0.1109762908488435,0.0027719442688930295
-0.9524552229376624,2.4439431709051536,-0.9539016948870994,1.1448252298319508,-0.37847102155836754,0.5600320370779888,-0.1389135156702365,0.26505964065613496,-0.04322934240648793,0.10077652755492333
1.1470568079762546,-0.9539016948870994,2.436459577658979,-0.9549108442646229,1.1311590623473902,-0.37728371032008656,0.5343969280520485,-0.13096826364362632,0.21569248274507677,-0.017424001001309312
-0.3762856417751157,1.1448252298319508,-0.9549108442646229,2.4325429927339277,-0.9559070293086678,1.1241116102320308,-0.3775546464927486,0.5213750628170779,-0.12855486630963395,0.19097883303255556
0.5636851958817273,-0.37847102155836754,1.1311590623473902,-0.9559070293086678,2.407396895005223,-0.9521246303594761,1.0765845327837513,-0.35988912142882196,0.4291917991141384,-0.07511628182526228
-0.13567483797627342,0.5600320370779888,-0.37728371032008656,1.1241116102320308,-0.9521246303594761,2.3934672532459174,-0.9419835172870148,1.0484550481888033,-0.3347638368163829,0.37134660060729835
0.2711158574729385,-0.1389135156702365,0.5343969280520485,-0.3775546464927486,1.0765845327837513,-0.9419835172870148,2.302969141241501,-0.902890284277697,0.8717035640851198,-0.22260818585623043
-0.03857355815548324,0.26505964065613496,-0.13096826364362632,0.5213750628170779,-0.35988912142882196,1.0484550481888033,-0.902890284277697,2.2419957099913463,-0.8166640458270091,0.7392044353032183
0.1109762908488435,-0.04322934240648793,0.21569248274507677,-0.12855486630963395,0.4291917991141384,-0.3347638368163829,0.8717035640851198,-0.8166640458270091,1.8945718974489747,-0.5787895808216875
0.0027719442688930295,0.10077652755492333,-0.017424001001309312,0.19097883303255556,-0.07511628182526228,0.37134660060729835,-0.22260818585623043,0.7392044353032183,-0.5787895808216875,1.5953331589601785
