2.5983796227593663,0.43554868049961293,0.3560728150053195,0.28873149631367545,0.22515646067895456,0.1644940995548837,0.10595957492695712,0.04879540842951702,-0.007808932139536684,-0.08165158478299969
0.43554868049961293,2.5724485003189375,0.406495799615146,0.32352235793867734,0.25226240192467486,0.18429697772244685,0.11871568290391638,0.054669719448845674,-0.00874902256182823,-0.09148133761575818
0.3560728150053195,0.406495799615146,2.5398980432522955,0.37002670522616954,0.28266287498794673,0.2064839866608006,0.13300745529257818,0.061251218524855475,-0.009802287229486381,-0.10249446050814146
0.28873149631367545,0.32352235793867734,0.37002670522616954,2.499038560301592,0.32424828996876764,0.23137335411215826,0.14901989542451216,0.06862504213133216,-0.010982350797535921,-0.11483341530245007
0.22515646067895456,0.25226240192467486,0.28266287498794673,0.32424828996876764,2.4477490394330212,0.2667842004736121,0.16699135901501455,0.07688670547384567,-0.012304477607187687,-0.12865781432858278
0.1644940995548837,0.18429697772244685,0.2064839866608006,0.23137335411215826,0.2667842004736121,2.3833670462775594,0.19465147890619305,0.0861743029633931,-0.013785640188205935,-0.1441464844897485
0.10595957492695712,0.11871568290391638,0.13300745529257818,0.14901989542451216,0.16699135901501455,0.19465147890619305,2.302550512558903,0.10410513331588632,-0.01541377683123335,-0.16149963580622181
0.04879540842951702,0.054669719448845674,0.061251218524855475,0.06862504213133216,0.07688670547384567,0.0861743029633931,0.10410513331588632,2.2011029458835005,-0.009713503819978321,-0.18090670864311875
-0.007808932139536684,-0.00874902256182823,-0.009802287229486381,-0.010982350797535921,-0.012304477607187687,-0.013785640188205935,-0.01541377683123335,-0.009713503819978321,2.0734095365764897,-0.1942069413092096
-0.08165158478299969,-0.09148133761575818,-0.10249446050814146,-0.11483341530245007,-0.12865781432858278,-0.1441464844897485,-0.16149963580622181,-0.18090670864311875,-0.1942069413092096,2.0882309221572686
