2.083817963670217,0.597669393770128,-0.03691261243412826,-0.14774633060804848,-0.08110763449291404,-0.01772209853603682,0.00635831462909338,0.007313606104933205,0.0024741316010636677,-0.0006223768295741724
0.597669393770128,2.0838109641433005,0.5976625462519002,-0.03689890277068563,-0.14767446720997773,-0.08096707742635322,-0.01766164030483189,0.005862344926038211,0.005605296541926372,-5.751965442052024e-05
-0.03691261243412826,0.5976625462519002,2.0838022567527568,0.5976702054528038,-0.03683551438396916,-0.14752937980168382,-0.08085329835521127,-0.0180264617985207,0.004275818384414525,0.002798105774523342
-0.14774633060804848,-0.03689890277068563,0.5976702054528038,2.0837589279734647,0.5975096465450578,-0.037089099500042785,-0.14749132115126856,-0.07953709462737342,-0.014437930835109292,0.008287818259331618
-0.08110763449291404,-0.14767446720997773,-0.03683551438396916,0.5975096465450578,2.08299731207299,0.59609266526614,-0.037521745776128046,-0.1419848652345912,-0.06170654623902444,0.010416480207304029
-0.01772209853603682,-0.08096707742635322,-0.14752937980168382,-0.037089099500042785,0.59609266526614,2.080146167559426,0.5946723529384501,-0.02801665872194914,-0.10800010567490306,-0.009620832788235296
0.00635831462909338,-0.01766164030483189,-0.08085329835521127,-0.14749132115126856,-0.037521745776128046,0.5946723529384501,2.07813790954815,0.5956819910984343,-0.015564593823793807,-0.07714283481578064
0.007313606104933205,0.005862344926038211,-0.0180264617985207,-0.07953709462737342,-0.1419848652345912,-0.02801665872194914,0.5956819910984343,2.0357802943969157,0.4695600484246914,-0.17514280730508147
0.0024741316010636677,0.005605296541926372,0.004275818384414525,-0.014437930835109292,-0.06170654623902444,-0.10800010567490306,-0.015564593823793807,0.4695600484246914,1.6152786907073233,-0.1343815572293082
-0.0006223768295741724,-5.751965442052024e-05,0.002798105774523342,0.008287818259331618,0.010416480207304029,-0.009620832788235296,-0.07714283481578064,-0.17514280730508147,-0.1343815572293082,0.6452203038948527
