1.2536785954686502,0.5410246736861519,0.317092331873289,0.144297932406098,0.1000718839779836,0.03262531731787659,0.03553518043562656,0.0020095162886563803,0.013806148684613401,-0.007126897076628035
0.5410246736861519,1.2529564225359944,0.5418126419609017,0.31633328156898494,0.1452092269908222,0.09934262603281771,0.03380183690325546,0.035082880276763095,0.003932069956988226,0.014509788936014732
0.317092331873289,0.5418126419609017,1.2519959594325205,0.5425577605196664,0.3150739060299367,0.14562411525670665,0.09722753004424552,0.03286633797323618,0.030183890356539633,-0.0019352761670906426
0.144297932406098,0.31633328156898494,0.5425577605196664,1.2511295976304129,0.5432969055419309,0.31399322045345585,0.14617477595645942,0.0955731283800655,0.03257586649009802,0.02671602743997384
0.1000718839779836,0.1452092269908222,0.3150739060299367,0.5432969055419309,1.2492820303162238,0.5432148489561962,0.31032038945776347,0.14298438375232153,0.08577414966253018,0.018265835965346703
0.03262531731787659,0.09934262603281771,0.14562411525670665,0.31399322045345585,0.5432148489561962,1.2471056040116457,0.541259068384593,0.30445994124870673,0.1343329245005455,0.06720084258662423
0.03553518043562656,0.03380183690325546,0.09722753004424552,0.14617477595645942,0.31032038945776347,0.541259068384593,1.238325244048944,0.5301985301995372,0.27820143939087916,0.09108603568827131
0.0020095162886563803,0.035082880276763095,0.03286633797323618,0.0955731283800655,0.14298438375232153,0.30445994124870673,0.5301985301995372,1.2177643216625658,0.4916524405323817,0.20627869665113968
0.013806148684613401,0.003932069956988226,0.030183890356539633,0.03257586649009802,0.08577414966253018,0.1343329245005455,0.27820143939087916,0.4916524405323817,1.134723978607352,0.3479254427095914
-0.007126897076628035,0.014509788936014732,-0.0019352761670906426,0.02671602743997384,0.018265835965346703,0.06720084258662423,0.09108603568827131,0.20627869665113968,0.3479254427095914,0.8757999805725034
