4.321348044704476,2.015295517769029,1.2791890759514708,0.7942362972304559,0.49604666965797195,0.30763479190624465,0.18881896581452756,0.11238759996402395,0.061249299979045754,0.023911796803590173
2.015295517769029,4.3208116467049695,2.0144373387997403,1.2778160893451265,0.7920396456760256,0.49253237719753173,0.30201182206391275,0.17982503521404386,0.09798837048844092,0.03825688580418221
1.2791890759514708,2.0144373387997403,4.319438652842491,2.012240708350193,1.274301683161291,0.7864171588345923,0.48353622147237696,0.28762254838499796,0.1567876141702226,0.061203915797826317
0.7942362972304559,1.2778160893451265,2.012240708350193,4.315924298997297,2.006618069278838,1.2653063477251651,0.7720244012609393,0.4605148502954578,0.25076628234218923,0.09793257307821442
0.49604666965797195,0.7920396456760256,1.274301683161291,2.006618069278838,4.306928586041547,1.9922264097425293,1.2422790597877598,0.735193264617653,0.40154404120585163,0.15662254714909657
0.30763479190624465,0.49253237719753173,0.7864171588345923,1.2653063477251651,1.9922264097425293,4.283904021160426,1.9553873529348307,1.183350928404952,0.6408682705841421,0.250843921391933
0.18881896581452756,0.30201182206391275,0.48353622147237696,0.7720244012609393,1.2422790597877598,1.9553873529348307,4.224956248320435,1.8611194871990335,1.0323429734738792,0.40012759201723835
0.11238759996402395,0.17982503521404386,0.28762254838499796,0.4605148502954578,0.735193264617653,1.183350928404952,1.8611194871990335,4.074089967596501,1.619966741125726,0.6455481057358683
0.061249299979045754,0.09798837048844092,0.1567876141702226,0.25076628234218923,0.40154404120585163,0.6408682705841421,1.0323429734738792,1.619966741125726,3.6862732010868813,1.008514531053633
0.023911796803590173,0.03825688580418221,0.061203915797826317,0.09793257307821442,0.15662254714909657,0.250843921391933,0.40012759201723835,0.6455481057358683,1.008514531053633,2.6747580099257076
