3.6956415859794873,1.0774913243354003,-0.46546007968175696,-0.6544514123162729,-0.2823553420485152,0.023765665022475783,0.10461333946393367,0.058417378678526144,0.004949859634934321,-0.0058843556168218375
1.0774913243354003,3.6954640137273205,1.0773308119251384,-0.4652382947526891,-0.6534978968370616,-0.28108668802020104,0.023409610754882057,0.09994416326155578,0.049938907102445994,0.002042017940259026
-0.46546007968175696,1.0773308119251384,3.6949221623580866,1.0767169138581862,-0.4648162621822372,-0.6507258902749985,-0.27670710148218713,0.02379370886998477,0.08713676186966772,0.022458499825480937
-0.6544514123162729,-0.4652382947526891,1.0767169138581862,3.6929735973645177,1.074623113566108,-0.4630648885383973,-0.6406311833276749,-0.26142393808887626,0.023825857200454534,0.03975839567294566
-0.2823553420485152,-0.6534978968370616,-0.4648162621822372,1.074623113566108,3.687365796460162,1.0696126324794477,-0.45594062893019044,-0.6104538655048491,-0.22159924099505884,0.011887573958761347
0.023765665022475783,-0.28108668802020104,-0.6507258902749985,-0.4630648885383973,1.0696126324794477,3.6716445715151154,1.0528980961079764,-0.44144405921986823,-0.5288108646660223,-0.09902411874061554
0.10461333946393367,0.023409610754882057,-0.27670710148218713,-0.6406311833276749,-0.45594062893019044,1.0528980961079764,3.615220664879227,0.9889721715661867,-0.3974964160546864,-0.2401567334967524
0.058417378678526144,0.09994416326155578,0.02379370886998477,-0.26142393808887626,-0.6104538655048491,-0.44144405921986823,0.9889721715661867,3.439006028122134,0.8257287951499107,-0.18553149311322273
0.004949859634934321,0.049938907102445994,0.08713676186966772,0.023825857200454534,-0.22159924099505884,-0.5288108646660223,-0.3974964160546864,0.8257287951499107,2.9675092486357584,0.3647160205510983
-0.0058843556168218375,0.002042017940259026,0.022458499825480937,0.03975839567294566,0.011887573958761347,-0.09902411874061554,-0.2401567334967524,-0.18553149311322273,0.3647160205510983,1.363236114202598
