1.4086227331153367,-0.4212583375525687,0.24704028947949008,-0.15188760476980784,0.0950725838449871,-0.05962540401294538,0.03692873223817669,-0.021990873962548355,0.011723132776491405,-0.00429346111321367
-0.4212583375525687,1.4084585649192207,-0.4210007478863862,0.24663620841809547,-0.1512540946596429,0.09408087744543586,-0.05807900547111269,0.0345417264379469,-0.018404895570340973,0.006739262624662174
0.24704028947949008,-0.4210007478863862,1.4080543913126948,-0.4203667201244522,0.24564219096741197,-0.14969803829237938,0.09165444519495247,-0.05433348569159526,0.02891444486327982,-0.010582215795069185
-0.15188760476980784,0.24663620841809547,-0.4203667201244522,1.4070597894247467,-0.41880739470370554,0.24320116406043324,-0.14589152780491538,0.08577817929870987,-0.04550327660980201,0.01663217167677711
0.0950725838449871,-0.1512540946596429,0.24564219096741197,-0.41880739470370554,1.404615071703228,-0.41498023962210606,0.23723273058068384,-0.13667615267487754,0.07192353041031996,-0.026203775419839544
-0.05962540401294538,0.09408087744543586,-0.14969803829237938,0.24320116406043324,-0.41498023962210606,1.3986233301410018,-0.40563449058744494,0.2227960287024081,-0.11494426645914499,0.04153616430513675
0.03692873223817669,-0.05807900547111269,0.09165444519495247,-0.14589152780491538,0.23723273058068384,-0.40563449058744494,1.384039434004421,-0.3830792723703529,0.1887329051329955,-0.06685177287218066
-0.021990873962548355,0.0345417264379469,-0.05433348569159526,0.08577817929870987,-0.13667615267487754,0.2227960287024081,-0.3830792723703529,1.3490467552174272,-0.329787305879504,0.11162830598368742
0.011723132776491405,-0.018404895570340973,0.02891444486327982,-0.04550327660980201,0.07192353041031996,-0.11494426645914499,0.1887329051329955,-0.329787305879504,1.266071866611986,-0.20221401730438165
-0.00429346111321367,0.006739262624662174,-0.010582215795069185,0.01663217167677711,-0.026203775419839544,0.04153616430513675,-0.06685177287218066,0.11162830598368742,-0.20221401730438165,1.0394177229792232
