6.418829729966429,0.9187305641265007,3.584818319089919,1.1650641152788643,2.142588572661647,0.9334892281055603,1.2145099933152903,0.5224615402059699,0.5338743196995903,0.03255677042360104
0.9187305641265007,6.319585716618962,0.8203982779373176,3.4502302654374195,1.0461355271882806,1.9544711101587797,0.7994855092389179,0.9390646718496567,0.3961120700767439,0.10344560519231538
3.584818319089919,0.8203982779373176,6.217493782549337,0.6888565566636695,3.3235748099582447,0.8663199725802915,1.8037948328632312,0.5449627321023659,0.7755721835324818,0.01652022478555714
1.1650641152788643,3.4502302654374195,0.6888565566636695,6.034272016232223,0.5309968054387257,3.065911020348827,0.6915423026708584,1.4231156580717448,0.3884834066556667,0.1736565637722092
2.142588572661647,1.0461355271882806,3.3235748099582447,0.5309968054387257,5.875073753057552,0.31800045542828353,2.8714660469022126,0.39624989488951645,1.1992590119571211,-0.038646620358377085
0.9334892281055603,1.9544711101587797,0.8663199725802915,3.065911020348827,0.31800045542828353,5.509228881819312,0.08923567513477074,2.3234297185008157,0.21075314792568017,0.31728607191845476
1.2145099933152903,0.7994855092389179,1.8037948328632312,0.6915423026708584,2.8714660469022126,0.08923567513477074,5.259550019494619,-0.21206635886310088,2.0057594986319067,-0.1904248353864304
0.5224615402059699,0.9390646718496567,0.5449627321023659,1.4231156580717448,0.39624989488951645,2.3234297185008157,-0.21206635886310088,4.422526061901015,-0.41166095476989945,0.6262149647401059
0.5338743196995903,0.3961120700767439,0.7755721835324818,0.3884834066556667,1.1992590119571211,0.21075314792568017,2.0057594986319067,-0.41166095476989945,3.9470256212757358,-0.5745351574551172
0.03255677042360104,0.10344560519231538,0.01652022478555714,0.1736565637722092,-0.038646620358377085,0.31728607191845476,-0.1904248353864304,0.6262149647401059,-0.5745351574551172,1.608857498938114
