1.4901500758354622,0.20418623111307488,-0.9030307895950116,-0.33762660166031633,0.5269872962974591,0.3258726246212996,-0.23954411828881442,-0.2137357507855973,0.04860343943962467,0.034489925679651215
0.20418623111307488,1.4601338785154536,0.1965772552886192,-0.8649512920962559,-0.3158907919761391,0.48232754511073883,0.2831462633558853,-0.19237198644624204,-0.14201436717456928,0.006808396923289051
-0.9030307895950116,0.1965772552886192,1.414231234654795,0.1929498209913903,-0.8042990617476968,-0.2926937725379898,0.4077444928025875,0.2294172344296227,-0.1082702407598484,-0.044339289695413384
-0.33762660166031633,-0.8649512920962559,0.1929498209913903,1.3619115913190134,0.18202847730005112,-0.7372175686790525,-0.2577433784686528,0.3280624737309121,0.158337765651635,-0.022549384298420273
0.5269872962974591,-0.3158907919761391,-0.8042990617476968,0.18202847730005112,1.2770245344416524,0.17108321608613553,-0.6263339643122291,-0.2095322408046787,0.19346317064070195,0.052834650644864915
0.3258726246212996,0.48232754511073883,-0.2926937725379898,-0.7372175686790525,0.17108321608613553,1.183481679199417,0.15755601167652508,-0.5045864394793803,-0.15456691449110793,0.04628965476078664
-0.23954411828881442,0.2831462633558853,0.4077444928025875,-0.2577433784686528,-0.6263339643122291,0.15755601167652508,1.0302369283071744,0.12947158396717373,-0.30692495836193784,-0.05709277703190619
-0.2137357507855973,-0.19237198644624204,0.2294172344296227,0.3280624737309121,-0.2095322408046787,-0.5045864394793803,0.12947158396717373,0.8579817564968102,0.11522808516320587,-0.07951079784196366
0.04860343943962467,-0.14201436717456928,-0.1082702407598484,0.158337765651635,0.19346317064070195,-0.15456691449110793,-0.30692495836193784,0.11522808516320587,0.5877880123856444,0.05278772556348722
0.034489925679651215,0.006808396923289051,-0.044339289695413384,-0.022549384298420273,0.052834650644864915,0.04628965476078664,-0.05709277703190619,-0.07951079784196366,0.05278772556348722,0.26301546610846066
