4.082348471294237,0.5376938240568644,-1.0123618918081814,-0.5298519774657733,0.1889679277516579,0.25257838203762456,0.016372898082019686,-0.0809849531528107,-0.03057787316348774,0.007862061708945078
0.5376938240568644,4.081857333994842,0.5371384424457568,-1.0115122067543256,-0.5275331497337882,0.18874592199131818,0.24595299309030605,0.01089904939482512,-0.06766810813320044,-0.0031815408836078102
-1.0123618918081814,0.5371384424457568,4.080814092714543,0.5377176990437379,-1.0080909027731815,-0.5259931174424454,0.18068680871238327,0.23428208319878874,0.022491200823920726,-0.024695651426044903
-0.5298519774657733,-1.0115122067543256,0.5377176990437379,4.078993446967184,0.5344404575357399,-1.0060608508449802,-0.5150520921134433,0.18511976605121558,0.2080576817351264,-0.013884515477919832
0.1889679277516579,-0.5275331497337882,-1.0080909027731815,0.5344404575357399,4.0665073307485535,0.5320413403409915,-0.9736886674178824,-0.4786588282451465,0.1289185896452863,0.055628293110507605
0.25257838203762456,0.18874592199131818,-0.5259931174424454,-1.0060608508449802,0.5320413403409915,4.058680895611775,0.5314926719117457,-0.9525196810417533,-0.4576854553021883,0.08957100020724625
0.016372898082019686,0.24595299309030605,0.18068680871238327,-0.5150520921134433,-0.9736886674178824,0.5314926719117457,3.968530633126987,0.4501653116019278,-0.777611439985032,-0.071733161039234
-0.0809849531528107,0.01089904939482512,0.23428208319878874,0.18511976605121558,-0.4786588282451465,-0.9525196810417533,0.4501653116019278,3.835170192082921,0.5528232741075849,-0.31396447172274455
-0.03057787316348774,-0.06766810813320044,0.022491200823920726,0.2080576817351264,0.1289185896452863,-0.4576854553021883,-0.777611439985032,0.5528232741075849,3.4451500602115397,-0.0898830054860528
0.007862061708945078,-0.0031815408836078102,-0.024695651426044903,-0.013884515477919832,0.055628293110507605,0.08957100020724625,-0.071733161039234,-0.31396447172274455,-0.0898830054860528,1.5705671316511953
