3.55325565728762,-0.6888416399113894,-0.12535065203288137,0.17506183080929633,-0.06788691315730314,0.005789403724514863,0.008099740181358377,-0.0050027908490449914,0.0011887326473180423,0.00014218332784382068
-0.6888416399113894,3.5532555128121515,-0.6888414039623736,-0.1253504947953774,0.1750598899826173,-0.06788185741057888,0.005785661952968837,0.00808022433415154,-0.004919178965778856,0.0010493837338207284
-0.12535065203288137,-0.6888414039623736,3.553254148574733,-0.6888386224673743,-0.12535072799470726,0.17504348743155224,-0.0678295116538393,0.005724186849919747,0.007948723733580661,-0.004132512823624743
0.17506183080929633,-0.1253504947953774,-0.6888386224673743,3.553244547279334,-0.6888259485200472,-0.12533094758228636,0.17490405678874832,-0.06751854264858033,0.005617516660563605,0.006365091606795539
-0.06788691315730314,0.1750598899826173,-0.12535072799470726,-0.6888259485200472,3.553206646015488,-0.688786347996332,-0.1252204914277446,0.17431739512893624,-0.06637778036539405,0.00568906324180966
0.005789403724514863,-0.06788185741057888,0.17504348743155224,-0.12533094758228636,-0.688786347996332,3.552961941873575,-0.6882706706415559,-0.12531433618292592,0.17143351593242379,-0.05684903183904837
0.008099740181358377,0.005785661952968837,-0.0678295116538393,0.17490405678874832,-0.1252204914277446,-0.6882706706415559,3.550681287643673,-0.6843671768531936,-0.12338736746139198,0.14141785790713074
-0.0050027908490449914,0.00808022433415154,0.005724186849919747,-0.06751854264858033,0.17431739512893624,-0.12531433618292592,-0.6843671768531936,3.539143531488954,-0.6725913066588156,-0.08889625611686584
0.0011887326473180423,-0.004919178965778856,0.007948723733580661,0.005617516660563605,-0.06637778036539405,0.17143351593242379,-0.12338736746139198,-0.6725913066588156,3.4907290133815563,-0.5948302845405962
0.00014218332784382068,0.0010493837338207284,-0.004132512823624743,0.006365091606795539,0.00568906324180966,-0.05684903183904837,0.14141785790713074,-0.08889625611686584,-0.5948302845405962,3.037005725092688
