0.4238062473981902,0.03890034536822316,0.05897760417430344,0.042023947805036814,0.03539415420484572,0.027333819300090993,0.02047510815924552,0.013943991432380775,0.007868279236253183,0.0015858418089225428
0.03890034536822316,0.42214724687508903,0.03696597715325995,0.056722043490677804,0.03939434865284659,0.0323264867428477,0.0237633560932379,0.016285478392614433,0.009167936798827828,0.00185034726293812
0.05897760417430344,0.03696597715325995,0.41989180423659145,0.034336029506771365,0.05365597168968497,0.03581750130780074,0.028163366390038164,0.018878384537132406,0.01071638582464547,0.00215231319922878
0.042023947805036814,0.056722043490677804,0.034336029506771365,0.4168251656038041,0.030760855569613447,0.04948518925538624,0.030963185252401125,0.022466980312815132,0.012385760705924884,0.0025309539342779903
0.03539415420484572,0.03939434865284659,0.05365597168968497,0.030760855569613447,0.4126571049953736,0.02589850410596591,0.04382559513620181,0.02432335913716502,0.014892789304923992,0.0028631129729833863
0.027333819300090993,0.0323264867428477,0.03581750130780074,0.04948518925538624,0.02589850410596591,0.4069844411505181,0.019297262597732154,0.0360747356631915,0.015507550696497053,0.0037006746562445987
0.02047510815924552,0.0237633560932379,0.028163366390038164,0.030963185252401125,0.04382559513620181,0.019297262597732154,0.3992963401849898,0.010296177709173637,0.025730951688699454,0.0028229834818691954
0.013943991432380775,0.016285478392614433,0.018878384537132406,0.022466980312815132,0.02432335913716502,0.0360747356631915,0.010296177709173637,0.3886512009747045,-0.0014987248228295795,0.009435937140822902
0.007868279236253183,0.009167936798827828,0.01071638582464547,0.012385760705924884,0.014892789304923992,0.015507550696497053,0.025730951688699454,-0.0014987248228295795,0.373803240886592,-0.014301424606187978
0.0015858418089225428,0.00185034726293812,0.00215231319922878,0.0025309539342779903,0.0028631129729833863,0.0037006746562445987,0.0028229834818691954,0.009435937140822902,-0.014301424606187978,0.33335375739964007
