1.5516552710304217,-0.38747151159097526,-0.14882450556215607,0.2272831108604813,-0.056615298524478476,-0.060222596297559966,0.05204509363188285,-0.002601025506402607,-0.01753703108171225,0.007545833976163256
-0.38747151159097526,1.5514139302838004,-0.3873588996409648,-0.14835491725929417,0.22639000469632226,-0.05665898361097399,-0.05789051175362288,0.04914605794207527,-0.004801141024195847,-0.0073100974604324
-0.14882450556215607,-0.3873588996409648,1.551401699495854,-0.38763005441035314,-0.14797373495092164,0.22658887973456052,-0.05788697743118671,-0.056812114973751396,0.050883030324622644,-0.009791121529647211
0.2272831108604813,-0.14835491725929417,-0.38763005441035314,1.5505551746198258,-0.3858464057293197,-0.1481191383071028,0.2222317163925066,-0.051892078893626334,-0.053448227442884196,0.03126538808853055
-0.056615298524478476,0.22639000469632226,-0.14797373495092164,-0.3858464057293197,1.5472814914603235,-0.38616546011299724,-0.13936572705011838,0.21174543413923594,-0.060660241250474284,-0.015410185329035602
-0.060222596297559966,-0.05665898361097399,0.22658887973456052,-0.1481191383071028,-0.38616546011299724,1.5480638370982338,-0.3863623713675439,-0.1411050149839577,0.214492319730747,-0.05977420959389463
0.05204509363188285,-0.05789051175362288,-0.05788697743118671,0.2222317163925066,-0.13936572705011838,-0.3863623713675439,1.5260137422358944,-0.3573974820914685,-0.12230894241781862,0.11642512581966612
-0.002601025506402607,0.04914605794207527,-0.056812114973751396,-0.051892078893626334,0.21174543413923594,-0.1411050149839577,-0.3573974820914685,1.4930565238619051,-0.38865945367272225,0.0020224544626795456
-0.01753703108171225,-0.004801141024195847,0.050883030324622644,-0.053448227442884196,-0.060660241250474284,0.214492319730747,-0.12230894241781862,-0.38865945367272225,1.485517083086254,-0.29926965232048575
0.007545833976163256,-0.0073100974604324,-0.009791121529647211,0.03126538808853055,-0.015410185329035602,-0.05977420959389463,0.11642512581966612,0.0020224544626795456,-0.29926965232048575,1.0533244514558966
