2.2523935673240447,1.0353538835539378,0.7262307333011193,0.5137229830351773,0.3606142445522751,0.2512393538308946,0.17193923774264686,0.11299272769585764,0.06884484761908263,0.027516633705962964
1.0353538835539378,2.250855088655432,1.0331827736661605,0.7231653016064092,0.5094015456062143,0.3544931726109318,0.24269486163788084,0.159469992217279,0.09716693817097063,0.03883546551546484
0.7262307333011193,1.0331827736661605,2.247791206050391,1.028856818727442,0.7170668654956242,0.500763449437574,0.3424351560448874,0.2250981065308871,0.1371369142032459,0.0548159410434419
0.5137229830351773,0.7231653016064092,1.028856818727442,2.241683308229824,1.0202463151295227,0.7048705911749128,0.4837384195634935,0.3175903260355326,0.19356401865464506,0.07734759189074916
0.3606142445522751,0.5094015456062143,0.7170668654956242,1.0202463151295227,2.2295448252389414,1.0030527521475636,0.6808702279359052,0.44871228191306234,0.2731425742592701,0.10924740382310139
0.2512393538308946,0.3544931726109318,0.500763449437574,0.7048705911749128,1.0030527521475636,2.2051914774040804,0.9690560005858171,0.6312645439486124,0.38572481423718813,0.15384148446086715
0.17193923774264686,0.24269486163788084,0.3424351560448874,0.4837384195634935,0.6808702279359052,0.9690560005858171,2.157741793724773,0.8997811290109967,0.5434676715188116,0.21863603462900622
0.11299272769585764,0.159469992217279,0.2250981065308871,0.3175903260355326,0.44871228191306234,0.6312645439486124,0.8997811290109967,2.056776252229433,0.7710952851166658,0.30205679397535057
0.06884484761908263,0.09716693817097063,0.1371369142032459,0.19356401865464506,0.2731425742592701,0.38572481423718813,0.5434676715188116,0.7710952851166658,1.8957985009315506,0.45454192100887003
0.027516633705962964,0.03883546551546484,0.0548159410434419,0.07734759189074916,0.10924740382310139,0.15384148446086715,0.21863603462900622,0.30205679397535057,0.45454192100887003,1.3444251569331822
