0.09857721022309308,-0.008253070139600147,-0.04871347541197206,0.012165834757974735,0.030776173294248897,-0.012476678225319693,-0.020886364431463918,0.012332275535191582,0.016593324366638604,-0.013825362495118653
-0.008253070139600147,0.09828450400007155,-0.009239156635902787,-0.048010639116313994,0.013588270735973115,0.029310576817801567,-0.01442244714415908,-0.01806987407328778,0.014803276575980314,0.011478650202724934
-0.04871347541197206,-0.009239156635902787,0.10108557720980456,-0.008309539354966517,-0.052738463959322496,0.013202105432309031,0.03701266133405994,-0.01560976460961752,-0.030190688483444264,0.01956160307385984
0.012165834757974735,-0.048010639116313994,-0.008309539354966517,0.09973573042136664,-0.009489099690617151,-0.050288282008175256,0.014525613484479841,0.032757226538014196,-0.016741011185129627,-0.02307411136246583
0.030776173294248897,0.013588270735973115,-0.052738463959322496,-0.009489099690617151,0.10762416181928378,-0.009442888300552493,-0.06299882093983264,0.017436576556750308,0.05253637743658058,-0.02607299110563999
-0.012476678225319693,0.029310576817801567,0.013202105432309031,-0.050288282008175256,-0.009442888300552493,0.10366872921677416,-0.008588261223911474,-0.05683164875902527,0.0146122008970308,0.043271138119475604
-0.020886364431463918,-0.01442244714415908,0.03701266133405994,0.014525613484479841,-0.06299882093983264,-0.008588261223911474,0.12393085742800249,-0.01472315812146847,-0.08801098418197573,0.03181202533216223
0.012332275535191582,-0.01806987407328778,-0.01560976460961752,0.032757226538014196,0.017436576556750308,-0.05683164875902527,-0.01472315812146847,0.11544316937409542,-0.0028529835536089954,-0.07713452887675225
0.016593324366638604,0.014803276575980314,-0.030190688483444264,-0.016741011185129627,0.05253637743658058,0.0146122008970308,-0.08801098418197573,-0.0028529835536089954,0.1628511937888421,-0.0330977807882875
-0.013825362495118653,0.011478650202724934,0.01956160307385984,-0.02307411136246583,-0.02607299110563999,0.043271138119475604,0.03181202533216223,-0.07713452887675225,-0.0330977807882875,0.15244473033374326
