1.4732957043417358,0.28381532481094784,-0.8540649499437475,-0.6402742570040437,0.2724612084473651,0.5620015094119006,0.08601921541841556,-0.2925954219737397,-0.14647443813715022,0.0817574973415594
0.28381532481094784,1.4441403850284167,0.2917781806162027,-0.8101853151784029,-0.6195288330986424,0.22968127596680896,0.504403027360541,0.10116694674190387,-0.20632263252199837,-0.10502011644406134
-0.8540649499437475,0.2917781806162027,1.4191464510451377,0.263576844351916,-0.7974619782079803,-0.5735166473229011,0.24570158673957415,0.45546944418261576,0.04538951559075023,-0.18181371002545715
-0.6402742570040437,-0.8101853151784029,0.263576844351916,1.341581253699722,0.2454231778925309,-0.7086806803175542,-0.4866237370060912,0.19106804751940032,0.3027320668765548,0.008463628904772435
0.2724612084473651,-0.6195288330986424,-0.7974619782079803,0.2454231778925309,1.312000463244534,0.248199048005119,-0.6679295458292315,-0.46130187850197846,0.15564172485689914,0.24436022289358766
0.5620015094119006,0.22968127596680896,-0.5735166473229011,-0.7086806803175542,0.248199048005119,1.1975870016554855,0.1632492245125382,-0.5783130902270045,-0.28625025228005524,0.16256559344331445
0.08601921541841556,0.504403027360541,0.24570158673957415,-0.4866237370060912,-0.6679295458292315,0.1632492245125382,1.0837932926317522,0.1937422236018629,-0.4074666983645133,-0.20480813630443
-0.2925954219737397,0.10116694674190387,0.45546944418261576,0.19106804751940032,-0.46130187850197846,-0.5783130902270045,0.1937422236018629,0.9879828818526877,0.08567787427220469,-0.358664496983376
-0.14647443813715022,-0.20632263252199837,0.04538951559075023,0.3027320668765548,0.15564172485689914,-0.28625025228005524,-0.4074666983645133,0.08567787427220469,0.6872162673107364,0.013595365314607321
0.0817574973415594,-0.10502011644406134,-0.18181371002545715,0.008463628904772435,0.24436022289358766,0.16256559344331445,-0.20480813630443,-0.358664496983376,0.013595365314607321,0.5720126462899401
