0.45934135162510625,0.20051808610991592,0.28128879028102194,0.18340620215010156,0.2145320313022604,0.15380416712449307,0.18339220899795952,0.11742532811468409,0.18622381689205791,0.062256009862929076
0.20051808610991592,0.45834148274255304,0.20635333468299738,0.27679873178074416,0.19614282103193734,0.20050352923597792,0.18353041406136894,0.1441482509421967,0.18976609159961805,0.08136833904062031
0.28128879028102194,0.20635333468299738,0.4739254170563134,0.20994572036176234,0.3037150198624771,0.19046367172732107,0.2524062610488895,0.14948207529546415,0.254753786562361,0.07699935776646721
0.18340620215010156,0.27679873178074416,0.20994572036176234,0.46406235440443916,0.22102053541696406,0.2805991536556325,0.22128471387090481,0.19601382541627163,0.23164029446821513,0.11400694507982163
0.2145320313022604,0.19614282103193734,0.3037150198624771,0.22102053541696406,0.5083332135450156,0.2211451467569471,0.3616549752617333,0.18458996072050307,0.3612388458052605,0.0891442130897051
0.15380416712449307,0.20050352923597792,0.19046367172732107,0.2805991536556325,0.2211451467569471,0.46592381179959486,0.24069205939044486,0.2750487975658718,0.25985499917999455,0.1682747412163607
0.18339220899795952,0.18353041406136894,0.2524062610488895,0.22128471387090481,0.3616549752617333,0.24069205939044486,0.6055292699808352,0.2129117310974989,0.5434870679718452,0.08667547205716475
0.11742532811468409,0.1441482509421967,0.14948207529546415,0.19601382541627163,0.18458996072050307,0.2750487975658718,0.2129117310974989,0.4595050478960927,0.22853080126273337,0.2688281821817086
0.18622381689205791,0.18976609159961805,0.254753786562361,0.23164029446821513,0.3612388458052605,0.25985499917999455,0.5434870679718452,0.22853080126273337,0.9442198212706083,0.036347527077624286
0.062256009862929076,0.08136833904062031,0.07699935776646721,0.11400694507982163,0.0891442130897051,0.1682747412163607,0.08667547205716475,0.2688281821817086,0.036347527077624286,0.528537356252316
