2.5331265277870103,1.048377710499258,0.7521596930421754,0.47043075792871414,0.3046385464380734,0.1946846710533271,0.12374872847838128,0.07704380200295081,0.045458748659820414,0.023154209447562794
1.048377710499258,2.5328328129661792,1.0479216567722094,0.7514515936453128,0.4693312045714282,0.30293176820629997,0.1920317109039712,0.11964571941426569,0.07058033832716396,0.0359522256214163
0.7521596930421754,1.0479216567722094,2.5321246941156015,1.0468221842608614,0.7497443070031649,0.4666810738653309,0.29881249416555977,0.18566092044413746,0.10960989779282869,0.05581913855070744
0.47043075792871414,0.7514515936453128,1.0468221842608614,2.5304175799034816,1.0441713369683538,0.7456295393108481,0.46028520433982334,0.28892083886225217,0.17007830194439463,0.0866925781265516
0.3046385464380734,0.4693312045714282,0.7497443070031649,1.0441713369683538,2.5263012838596137,1.0377818189812962,0.7356979415178959,0.44492487675655695,0.26472568598644547,0.13448088998416405
0.1946846710533271,0.30293176820629997,0.4666810738653309,0.7456295393108481,1.0377818189812962,2.516383232770171,1.022365193873975,0.711856823068447,0.4073571660543173,0.2095317066271648
0.12374872847838128,0.1920317109039712,0.29881249416555977,0.46028520433982334,0.7356979415178959,1.022365193873975,2.4924220417000993,0.9852964821528075,0.653524822615288,0.3212114731171386
0.07704380200295081,0.11964571941426569,0.18566092044413746,0.28892083886225217,0.44492487675655695,0.711856823068447,0.9852964821528075,2.435154317453599,0.8947278596589268,0.5223123455175449
0.045458748659820414,0.07058033832716396,0.10960989779282869,0.17007830194439463,0.26472568598644547,0.4073571660543173,0.653524822615288,0.8947278596589268,2.2945085171037465,0.6764606244842475
0.023154209447562794,0.0359522256214163,0.05581913855070744,0.0866925781265516,0.13448088998416405,0.2095317066271648,0.3212114731171386,0.5223123455175449,0.6764606244842475,2.038570158475614
