0.6840442220420925,-0.2197551523691604,0.17461361837448375,-0.1434416001331289,0.11684144233766638,-0.09379259304400199,0.07359022518484742,-0.05562191081574694,0.039373611942036195,-0.025590347152965168
-0.2197551523691604,0.6814391732736932,-0.21665504822142018,0.17092438006062516,-0.13905127044055798,0.11161678863557861,-0.0875750866785653,0.06619212613359671,-0.046856050903946005,0.030453457268758508
0.17461361837448375,-0.21665504822142018,0.6777499349594555,-0.21226471851338066,0.16569972574513248,-0.13283373977133334,0.1042177266656427,-0.07877107585451198,0.055760429421934925,-0.03624073773422584
-0.1434416001331289,0.17092438006062516,-0.21226471851338066,0.6725252806260914,-0.20604718711482026,0.15830063485355234,-0.12402858303942235,0.09374062896189808,-0.06635697189200562,0.04312781513185474
0.11684144233766638,-0.13905127044055798,0.16569972574513248,-0.20604718711482026,0.665126188891884,-0.19724199599520464,0.14782217351302157,-0.11156045026392059,0.0789673873127204,-0.051323696160915484
-0.09379259304400199,0.11161678863557861,-0.13283373977133334,0.15830063485355234,-0.19724199599520464,0.6546476878220342,-0.18477224186170854,0.13298463727294726,-0.09397975100810964,0.061077288216850906
0.07359022518484742,-0.0875750866785653,0.1042177266656427,-0.12402858303942235,0.14782217351302157,-0.18477224186170854,0.6398082783703042,-0.16711509662702687,0.11206308987603267,-0.07269199972700954
-0.05562191081574694,0.06619212613359671,-0.07877107585451198,0.09374062896189808,-0.11156045026392059,0.13298463727294726,-0.16711509662702687,0.6187984102575718,-0.1422229669754032,0.08681414040485733
0.039373611942036195,-0.046856050903946005,0.055760429421934925,-0.06635697189200562,0.0789673873127204,-0.09397975100810964,0.11206308987603267,-0.1422229669754032,0.589385196263069,-0.1155141717714483
-0.025590347152965168,0.030453457268758508,-0.03624073773422584,0.04312781513185474,-0.051323696160915484,0.061077288216850906,-0.07269199972700954,0.08681414040485733,-0.1155141717714483,0.6898678601099276
