5.25749506319914,3.9601341185056667,3.0825995318645814,2.3330723958420503,1.783815744068855,1.3218561506016815,0.9654197860462594,0.6607111243985863,0.4063661990402385,0.17488875576947147
3.9601341185056667,5.234280546150292,3.930179765037323,3.043895442056136,2.283146526992571,1.7192825695300482,1.2386499110391767,0.8578098620350991,0.5220568133078063,0.22689869978655425
3.0825995318645814,3.930179765037323,5.195559092437205,3.88025883809875,2.979325534584662,2.19996079611908,1.6115920763557474,1.100060255006792,0.6781600454963898,0.2912294943721947
2.3330723958420503,3.043895442056136,3.88025883809875,5.131024511389671,3.797063053032762,2.871709773630947,2.0613294156786512,1.4321061757375741,0.8691013969934352,0.3787333310551316
1.783815744068855,2.283146526992571,2.979325534584662,3.797063053032762,5.02333687972173,3.658452127592164,2.692071832203939,1.830455444916034,1.132345978510124,0.4847083864874681
1.3218561506016815,1.7192825695300482,2.19996079611908,2.871709773630947,3.658452127592164,4.843845157441388,3.4275365416507846,2.3926209581488767,1.4458897334497443,0.6325713471275323
0.9654197860462594,1.2386499110391767,1.6115920763557474,2.0613294156786512,2.692071832203939,3.4275365416507846,4.544096804238082,3.0430554952110294,1.8922170166112733,0.8060918898484823
0.6607111243985863,0.8578098620350991,1.100060255006792,1.4321061757375741,1.830455444916034,2.3926209581488767,3.0430554952110294,4.044298076488532,2.403085402758957,1.0575299540279735
0.4063661990402385,0.5220568133078063,0.6781600454963898,0.8691013969934352,1.132345978510124,1.4458897334497443,1.8922170166112733,2.403085402758957,3.2083797217914363,1.3389917475156226
0.17488875576947147,0.22689869978655425,0.2912294943721947,0.3787333310551316,0.4847083864874681,0.6325713471275323,0.8060918898484823,1.0575299540279735,1.3389917475156226,1.813079903702651
