0.8976971285035693,0.22107772066391543,0.1281552578641733,0.07388538074974071,0.04260499475055427,0.024578904706484824,0.014199251292310802,0.008236941894104188,0.004839599357196626,0.0021823611138029036
0.22107772066391543,0.8977003779017851,0.22108335704934515,0.12816503470240637,0.07390233959101049,0.042634411448359034,0.024629930767815254,0.014287746896997489,0.008394738191365518,0.0037855096749174763
0.1281552578641733,0.22108335704934515,0.8977101547400181,0.2211003158906144,0.12819445140035618,0.07395336560748399,0.04272292092903919,0.02478343467952369,0.014561459348237066,0.006566320948563242
0.07388538074974071,0.12816503470240637,0.2211003158906144,0.8977395714379672,0.22115134190733945,0.12828296080322776,0.07410689358840222,0.042989187835663675,0.025258214552460065,0.011389898455478912
0.04260499475055427,0.07390233959101049,0.12819445140035618,0.22115134190733945,0.8978280808412775,0.22130486975329575,0.12854926946015752,0.07456875846712926,0.04381273797644401,0.01975684524727985
0.024578904706484824,0.042634411448359034,0.07395336560748399,0.12828296080322776,0.22130486975329575,0.8980943892627831,0.22176680704954624,0.12935041733034658,0.07599728328402662,0.03427009787610803
0.014199251292310802,0.024629930767815254,0.04272292092903919,0.07410689358840222,0.12854926946015752,0.22176680704954624,0.8988956634562946,0.22315647425939178,0.13182832952568704,0.059444673222790595
0.008236941894104188,0.014287746896997489,0.02478343467952369,0.042989187835663675,0.07456875846712926,0.12935041733034658,0.22315647425939178,0.9013057934106568,0.22745397828584143,0.10311856051691895
0.004839599357196626,0.008394738191365518,0.014561459348237066,0.025258214552460065,0.04381273797644401,0.07599728328402662,0.13182832952568704,0.22745397828584143,0.9089664436001257,0.1769480133193913
0.0021823611138029036,0.0037855096749174763,0.006566320948563242,0.011389898455478912,0.01975684524727985,0.03427009787610803,0.059444673222790595,0.10311856051691895,0.1769480133193913,1.0398089415421379
