2.5125169193789088,-1.7868074222854997,0.9247570077765237,-0.11348527215728664,-0.4233543981292157,0.6315507720071116,-0.5793219653042276,0.3892932912067031,-0.17759897965497196,0.016436555321611472
-1.7868074222854997,2.5182383080041264,-1.7854054019235497,0.9126697885827422,-0.0901525193210651,-0.4534394377909947,0.6579902425639159,-0.5872849116762183,0.363985112417032,-0.11136960943310578
0.9247570077765237,-1.7854054019235497,2.5002704128814086,-1.7496333127895733,0.8656474314791178,-0.04771758701516922,-0.46823447198289625,0.6216325452106812,-0.48679028962758353,0.20937444881749473
-0.11348527215728664,0.9126697885827422,-1.7496333127895733,2.443872566767017,-1.687366500242331,0.8238494412551511,-0.05857391723595684,-0.3786321631734567,0.44940577062002324,-0.26533253157967673
-0.4233543981292157,-0.0901525193210651,0.8656474314791178,-1.687366500242331,2.387127350194716,-1.6666051087058822,0.8704012707325941,-0.19014417713357817,-0.1745398856094192,0.227452211819524
0.6315507720071116,-0.4534394377909947,-0.04771758701516922,0.8238494412551511,-1.6666051087058822,2.409849001294076,-1.7477676252653884,1.0058587007446111,-0.34727955664195803,-0.05811106148282126
-0.5793219653042276,0.6579902425639159,-0.46823447198289625,-0.05857391723595684,0.8704012707325941,-1.7477676252653884,2.5073142722059845,-1.8245385620744863,1.0128638350172416,-0.23970249219960205
0.3892932912067031,-0.5872849116762183,0.6216325452106812,-0.3786321631734567,-0.19014417713357817,1.0058587007446111,-1.8245385620744863,2.453748976405145,-1.58883745908818,0.5996860858909454
-0.17759897965497196,0.363985112417032,-0.48679028962758353,0.44940577062002324,-0.1745398856094192,-0.34727955664195803,1.0128638350172416,-1.58883745908818,1.9440045386203306,-0.8863553912846895
0.016436555321611472,-0.11136960943310578,0.20937444881749473,-0.26533253157967673,0.227452211819524,-0.05811106148282126,-0.23970249219960205,0.5996860858909454,-0.8863553912846895,1.116775271626428
