6.154797131037865,1.5554790519091912,1.1326231108531446,0.13616235460827852,0.28510157279405224,-0.03432195415415204,0.08416386865242534,-0.020685934206897644,0.015690781318305577,0.019671020173857395
1.5554790519091912,6.153315750874577,1.5575703302128647,1.129508076629311,0.14040279705606598,0.2783997017363853,-0.026095827374195656,0.06887933166635513,-0.006931685453869041,-0.023999656809449727
1.1326231108531446,1.5575703302128647,6.150349187423504,1.5619540653512023,1.1234589915496496,0.14975549052602732,0.2664645184901388,-0.005205183609135654,0.047682801824675755,0.045002682743701256
0.13616235460827852,1.129508076629311,1.5619540653512023,6.143785611565513,1.5708102114770701,1.1092617309957888,0.16674228060728097,0.23366158571502643,0.02199967482750451,-0.039732039575961386
0.28510157279405224,0.14040279705606598,1.1234589915496496,1.5708102114770701,6.131371198612318,1.589517670379462,1.0842974986799863,0.2074750319949382,0.18646602227584252,0.11759994304024013
-0.03432195415415204,0.2783997017363853,0.14975549052602732,1.1092617309957888,1.589517670379462,6.100228924432441,1.6242878459377355,1.0099387500198753,0.25619754747495804,-0.024183586119360834
0.08416386865242534,-0.026095827374195656,0.2664645184901388,0.16674228060728097,1.0842974986799863,1.6242878459377355,6.047278736582587,1.6936722750204125,0.8934168143398704,0.38417497291462754
-0.020685934206897644,0.06887933166635513,-0.005205183609135654,0.23366158571502643,0.2074750319949382,1.0099387500198753,1.6936722750204125,5.856570434728603,1.7500506657576904,0.2869738782473833
0.015690781318305577,-0.006931685453869041,0.047682801824675755,0.02199967482750451,0.18646602227584252,0.25619754747495804,0.8934168143398704,1.7500506657576904,5.507203019726859,1.6082339676749404
0.019671020173857395,-0.023999656809449727,0.045002682743701256,-0.039732039575961386,0.11759994304024013,-0.024183586119360834,0.38417497291462754,0.2869738782473833,1.6082339676749404,3.268846013457613
