1.639929106942138,-0.5591289261254544,0.07944567951766762,0.22476246684382042,-0.3055583684428041,0.22580278021694478,-0.08850359335093298,-0.020812709516529734,0.06246899082848867,-0.04329452714075727
-0.5591289261254544,1.6363915094083306,-0.5559010125995713,0.07898743304016256,0.22007982442146531,-0.2951565623187909,0.2126260803678685,-0.07959764992362171,-0.016126389799845646,0.037345236748770216
0.07944567951766762,-0.5559010125995713,1.6324754061317943,-0.5534919440439431,0.08086784453549276,0.21202711775346997,-0.2819166307171813,0.19949873590108613,-0.0757364460634585,-0.0011797931103386438
0.22476246684382042,0.07898743304016256,-0.5534919440439431,1.6283328376566808,-0.5491921342084982,0.07926500150769053,0.20782487056283405,-0.2705063797208699,0.18341705443654122,-0.06262921623522415
-0.3055583684428041,0.22007982442146531,0.08086784453549276,-0.5491921342084982,1.616239020064945,-0.5318784645151171,0.06482174280290703,0.20728914292250414,-0.2442500340270823,0.13050111581169907
0.22580278021694478,-0.2951565623187909,0.21202711775346997,0.07926500150769053,-0.5318784645151171,1.583522323985107,-0.4949372392421674,0.0460458097918677,0.18145152880517648,-0.15855534585618028
-0.08850359335093298,0.2126260803678685,-0.2819166307171813,0.20782487056283405,0.06482174280290703,-0.4949372392421674,1.5329172685731818,-0.45549657555077644,0.05330216797218745,0.09787076210519141
-0.020812709516529734,-0.07959764992362171,0.19949873590108613,-0.2705063797208699,0.20728914292250414,0.0460458097918677,-0.45549657555077644,1.4847328789611023,-0.42537403335228574,0.07545266603481816
0.06246899082848867,-0.016126389799845646,-0.0757364460634585,0.18341705443654122,-0.2442500340270823,0.18145152880517648,0.05330216797218745,-0.42537403335228574,1.4103153197248977,-0.3252194076411291
-0.04329452714075727,0.037345236748770216,-0.0011797931103386438,-0.06262921623522415,0.13050111581169907,-0.15855534585618028,0.09787076210519141,0.07545266603481816,-0.3252194076411291,1.166326133979981
