2.7105579205706083,1.4057383996725379,0.781514937854197,0.4304127697627471,0.23798534496886606,0.13075262174551094,0.07110662883208532,0.037091109418219276,0.01655444004049538,0.0018904452681010229
1.4057383996725379,2.710444492331974,1.4055332578004167,0.7811436714085785,0.4297416814863501,0.23676960192546423,0.12855901363690053,0.06711988140431954,0.029939368475554035,0.003420362163934042
0.781514937854197,1.4055332578004167,2.710073480730528,1.404861799901473,0.7799299670861184,0.42754293705683966,0.2328023249600261,0.12134874795766859,0.05418548976231489,0.006185694062254504
0.4304127697627471,0.7811436714085785,1.404861799901473,2.7088582737826767,1.402665234859539,0.7759506693088276,0.42036295641853405,0.21975313057109144,0.09794015012283665,0.011195669142535792
0.23798534496886606,0.4297416814863501,0.7799299670861184,1.402665234859539,2.704887835862927,1.3954724040034947,0.762972352652418,0.39677579035914123,0.17744021584501346,0.0202343618918834
0.13075262174551094,0.23676960192546423,0.42754293705683966,0.7759506693088276,1.3954724040034947,2.6918572792562774,1.3719610060625071,0.7202415249742434,0.3201228853288547,0.03666483815152882
0.07110662883208532,0.12855901363690053,0.2328023249600261,0.42036295641853405,0.762972352652418,1.3719610060625071,2.6494344714744003,1.2948613531339814,0.5819302672421106,0.06612870489639025
0.037091109418219276,0.06711988140431954,0.12134874795766859,0.21975313057109144,0.39677579035914123,0.7202415249742434,1.2948613531339814,2.509307050899855,1.0435013107635716,0.1202729342922763
0.01655444004049538,0.029939368475554035,0.05418548976231489,0.09794015012283665,0.17744021584501346,0.3201228853288547,0.5819302672421106,1.0435013107635716,2.0583582712279274,0.2154692499973933
0.0018904452681010229,0.003420362163934042,0.006185694062254504,0.011195669142535792,0.0202343618918834,0.03666483815152882,0.06612870489639025,0.1202729342922763,0.2154692499973933,0.5372769487542326
