3.2128902941407347,-2.00441680232248,1.044154037506872,-0.39632562076946587,0.06525527335644697,0.05600169395706288,-0.07114916953201172,0.04753605576585766,-0.01945849974366444,0.0020605402618865897
-2.00441680232248,3.2126208834848726,-2.004034953962318,1.043833648773154,-0.39657332281966445,0.06710468576771769,0.050945223629141174,-0.061210388610609116,0.03271299014445288,-0.005298830263522083
1.044154037506872,-2.004034953962318,3.2120556406989857,-2.003504477694915,1.0440216714673247,-0.3989295683015319,0.07396979272040873,0.03693865864659399,-0.03945553308752055,0.010009081755268039
-0.39632562076946587,1.043833648773154,-2.003504477694915,3.2114319002723906,-2.0032808334260794,1.045378783393529,-0.4039840945965971,0.0855345159955034,0.016941689762127773,-0.014242996507619949
0.06525527335644697,-0.39657332281966445,1.0440216714673247,-2.0032808334260794,3.2100977789582243,-1.9997822672290586,1.0386828849135061,-0.3943024251338617,0.07696377032470618,0.012083065777469575
0.05600169395706288,0.06710468576771769,-0.3989295683015319,1.045378783393529,-1.9997822672290586,3.194479651605286,-1.9617445832667717,0.9695728131757857,-0.3007676434492964,0.008818148920903681
-0.07114916953201172,0.050945223629141174,0.07396979272040873,-0.4039840945965971,1.0386828849135061,-1.9617445832667717,3.095789769813739,-1.7742012825532385,0.700721539478949,-0.06808414779291402
0.04753605576585766,-0.061210388610609116,0.03693865864659399,0.0855345159955034,-0.3943024251338617,0.9695728131757857,-1.7742012825532385,2.7288727352758495,-1.229851926726008,0.18714560405051875
-0.01945849974366444,0.03271299014445288,-0.03945553308752055,0.016941689762127773,0.07696377032470618,-0.3007676434492964,0.700721539478949,-1.229851926726008,1.8901799910567447,-0.36905434163299006
0.0020605402618865897,-0.005298830263522083,0.010009081755268039,-0.014242996507619949,0.012083065777469575,0.008818148920903681,-0.06808414779291402,0.18714560405051875,-0.36905434163299006,0.857107390345154
