2.5348717530681046,-1.8043676210991484,1.6181698660238668,-1.3853732504795488,1.1786938229565933,-0.9725041138414655,0.7738923938446645,-0.5785174737641978,0.38790466486909214,-0.19541894690175166
-1.8043676210991484,2.4391184707659477,-1.7011830030869977,1.5069696983871181,-1.2655575299629296,1.0495263506105104,-0.8334632222719703,0.6235923090642688,-0.4179616475631446,0.21060531532290122
1.6181698660238668,-1.7011830030869977,2.327925775619217,-1.5813526820496817,1.377855165647172,-1.126365501629824,0.8996945188735335,-0.6714987318662023,0.450575071515581,-0.22690466612329452
-1.3853732504795488,1.5069696983871181,-1.5813526820496817,2.1987868312743912,-1.442208351624696,1.2278503874432931,-0.9648947544003446,0.7251475625493387,-0.48504366409807975,0.24466910828877542
1.1786938229565933,-1.2655575299629296,1.377855165647172,-1.442208351624696,2.048861802451428,-1.2805817818402345,1.0538684236189786,-0.7768266950720764,0.5242389817528825,-0.2632068655430583
-0.9725041138414655,1.0495263506105104,-1.126365501629824,1.2278503874432931,-1.2805817818402345,1.8746193082855895,-1.0930227735290465,0.8511140894478575,-0.5602593197679409,0.2850198936241278
0.7738923938446645,-0.8334632222719703,0.8996945188735335,-0.9648947544003446,1.0538684236189786,-1.0930227735290465,1.6727160911773895,-0.8747923980384442,0.617924825645638,-0.30295967503230137
-0.5785174737641978,0.6235923090642688,-0.6714987318662023,0.7251475625493387,-0.7768266950720764,0.8511140894478575,-0.8747923980384442,1.436746344109542,-0.6229255479096198,0.3391672674630514
0.38790466486909214,-0.4179616475631446,0.450575071515581,-0.48504366409807975,0.5242389817528825,-0.5602593197679409,0.617924825645638,-0.6229255479096198,1.1670722452150357,-0.3270279608746656
-0.19541894690175166,0.21060531532290122,-0.22690466612329452,0.24466910828877542,-0.2632068655430583,0.2850198936241278,-0.30295967503230137,0.3391672674630514,-0.3270279608746656,0.8345645378635667
