1.4025299145220127,0.053713089306809896,0.5684419312000124,-0.13622363547604813,0.3147077765574772,-0.1462769865609367,0.17924047667615853,-0.10116659495387945,0.08484729235636906,-0.041450861442528894
0.053713089306809896,1.3880679499036932,0.06975958980975028,0.5509328335120166,-0.11660835795400051,0.2936288263837122,-0.12209323609154915,0.15422548420545387,-0.07073193739640263,0.05626371829416016
0.5684419312000124,0.06975958980975028,1.3701004957362495,0.08908364255984791,0.5287907834787035,-0.09365796046722313,0.2657936406484366,-0.09581314920373277,0.11759963862973921,-0.04365852421888007
-0.13622363547604813,0.5509328335120166,0.08908364255984791,1.3488365108316578,0.11259193401853336,0.5029921587104322,-0.06501516181685392,0.23457038775529065,-0.0607809009417158,0.0800441728917142
0.3147077765574772,-0.11660835795400051,0.5287907834787035,0.11259193401853336,1.3213557927477106,0.14016598538546482,0.4678675032020239,-0.03450911728695207,0.18666527397703253,-0.03277837745373659
-0.1462769865609367,0.2936288263837122,-0.09365796046722313,0.5029921587104322,0.14016598538546482,1.289453492654739,0.17271940954907927,0.427436235094473,0.0021641719496506024,0.1325128457828877
0.17924047667615853,-0.12209323609154915,0.2657936406484366,-0.06501516181685392,0.4678675032020239,0.17271940954907927,1.2428492171839067,0.20547057104837635,0.3589662973741313,0.021401405925771694
-0.10116659495387945,0.15422548420545387,-0.09581314920373277,0.23457038775529065,-0.03450911728695207,0.427436235094473,0.20547057104837635,1.1862047968241205,0.2322213534326385,0.2674501922549826
0.08484729235636906,-0.07073193739640263,0.11759963862973921,-0.0607809009417158,0.18666527397703253,0.0021641719496506024,0.3589662973741313,0.2322213534326385,1.0720347642729997,0.2109274196644419
-0.041450861442528894,0.05626371829416016,-0.04365852421888007,0.0800441728917142,-0.03277837745373659,0.1325128457828877,0.021401405925771694,0.2674501922549826,0.2109274196644419,0.8831895629761903
