0.9349532643598745,-0.06804619342691992,0.034737276285161,-0.02459475724857075,0.018031393282581507,-0.0131200387903679,0.009340417053384968,-0.006361197720776783,0.003922631272539105,-0.0017608461273038748
-0.06804619342691992,0.9348099606553766,-0.0678543619549565,0.034480483794650504,-0.024251005460548106,0.017571232585733183,-0.012504020449670205,0.008515371105329303,-0.005250977917563719,0.0023571319575775643
0.034737276285161,-0.0678543619549565,0.9345531681756247,-0.06751061032888117,0.03402032533805412,-0.02363501786885643,0.01674660836935623,-0.011399584393134515,0.007029191144243165,-0.0031553449446183623
-0.02459475724857075,0.034480483794650504,-0.06751061032888117,0.9340930099165379,-0.06689462571026364,0.03319574224885121,-0.02253114631120429,0.015268170676804756,-0.00941013106514666,0.004223908329852118
0.018031393282581507,-0.024251005460548106,0.03402032533805412,-0.06689462571026364,0.9332684304532719,-0.06579080873314086,0.03171805958050494,-0.02055205621217132,0.01260502260136975,-0.005654968655223169
-0.0131200387903679,0.017571232585733183,-0.02363501786885643,0.03319574224885121,-0.06579080873314086,0.9317908143508944,-0.06381272063878626,0.0290687724513587,-0.016987144868282185,0.007579456959373956
0.009340417053384968,-0.012504020449670205,0.01674660836935623,-0.02253114631120429,0.03171805958050494,-0.06381272063878626,0.9291427492584854,-0.060266204378037966,0.02429766995199567,-0.010276600814053617
-0.006361197720776783,0.008515371105329303,-0.011399584393134515,0.015268170676804756,-0.02055205621217132,0.0290687724513587,-0.060266204378037966,0.9243940812525626,-0.053893362423470786,0.015545890204161805
0.003922631272539105,-0.005250977917563719,0.007029191144243165,-0.00941013106514666,0.01260502260136975,-0.016987144868282185,0.02429766995199567,-0.053893362423470786,0.9160541602324993,-0.04534856241249124
-0.0017608461273038748,0.0023571319575775643,-0.0031553449446183623,0.004223908329852118,-0.005654968655223169,0.007579456959373956,-0.010276600814053617,0.015545890204161805,-0.04534856241249124,0.9480985640738453
