2.6043746289506218,0.880026092726446,0.8904617573499518,0.3189763487356842,0.3360420237692715,0.11462855590579853,0.12436060930452744,0.03922261442210546,0.03926329676067947,0.00817121096660572
0.880026092726446,2.60403996360752,0.8798326060286736,0.8895857174627239,0.31842184830914333,0.33374583241361083,0.11305292233154127,0.11833437319553183,0.03477671561907324,0.023428224881961793
0.8904617573499518,0.8798326060286736,2.6032236934484305,0.879281861325016,0.8874440475250676,0.31686561908804683,0.3281196864540276,0.1086822528573581,0.10353679336726676,0.022564744552480767
0.3189763487356842,0.8895857174627239,0.879281861325016,2.6009277380893994,0.877715937341945,0.8814190307184759,0.312444860565492,0.31228934172600376,0.096276090030779,0.06189388157910318
0.3360420237692715,0.31842184830914333,0.8874440475250676,0.877715937341945,2.5953009829445226,0.873320204204028,0.8666183034677443,0.30016799412648093,0.27331233745828354,0.06213626035299953
0.11462855590579853,0.33374583241361083,0.31686561908804683,0.8814190307184759,0.873320204204028,2.579472210725069,0.8609787389767312,0.8249835162171454,0.26569440774176434,0.16367299098463833
0.12436060930452744,0.11305292233154127,0.3281196864540276,0.312444860565492,0.8666183034677443,0.8609787389767312,2.5404911472930367,0.8266719034135639,0.7222047859819272,0.1706788674879201
0.03922261442210546,0.11833437319553183,0.1086822528573581,0.31228934172600376,0.30016799412648093,0.8249835162171454,0.8266719034135639,2.4308622788639767,0.7312259241805172,0.43321895073459826
0.03926329676067947,0.03477671561907324,0.10353679336726676,0.096276090030779,0.27331233745828354,0.26569440774176434,0.7222047859819272,0.7312259241805172,2.1595589141685663,0.4678005436439267
0.00817121096660572,0.023428224881961793,0.022564744552480767,0.06189388157910318,0.06213626035299953,0.16367299098463833,0.1706788674879201,0.43321895073459826,0.4678005436439267,1.3970382283417802
