0.36081567164053685,0.1556224261711994,0.044629806419249324,-0.03300524312922633,-0.06135362038584288,-0.05164993998058609,-0.025890918045573225,-0.0032814925116653407,0.0066786301793251126,0.004806153884155269
0.1556224261711994,0.36036553515258474,0.155183806158398,0.04452847650412392,-0.032417434058490326,-0.05993088638491305,-0.049727994647401595,-0.02444290204285733,-0.0037431843847979774,0.003061647596135463
0.044629806419249324,0.155183806158398,0.3594426642142007,0.15404183594165066,0.043809695662018346,-0.031844980749174474,-0.05741267819283129,-0.04547144742185248,-0.020080252213294205,-0.002332298925470019
-0.03300524312922633,0.04452847650412392,0.15404183594165066,0.35722329599662206,0.15145475748363474,0.042416315696152423,-0.030053350839971113,-0.05109526671019546,-0.03544245303613025,-0.010502983856094663
-0.06135362038584288,-0.032417434058490326,0.043809695662018346,0.15145475748363474,0.3530890152020949,0.14747533841507945,0.041589008118279945,-0.024526656037319662,-0.03794752460230664,-0.01785428261326792
-0.05164993998058609,-0.05993088638491305,-0.031844980749174474,0.042416315696152423,0.14747533841507945,0.3472553098127069,0.14246091233138655,0.04168654954236932,-0.015162169792947655,-0.018408482169354708
-0.025890918045573225,-0.049727994647401595,-0.05741267819283129,-0.030053350839971113,0.041589008118279945,0.14246091233138655,0.33820840544545083,0.13257149344191602,0.03738872219148356,-0.006147836736045304
-0.0032814925116653407,-0.02444290204285733,-0.04547144742185248,-0.05109526671019546,-0.024526656037319662,0.04168654954236932,0.13257149344191602,0.3172077726086495,0.10641756812287526,0.020679594585215955
0.0066786301793251126,-0.0037431843847979774,-0.020080252213294205,-0.03544245303613025,-0.03794752460230664,-0.015162169792947655,0.03738872219148356,0.10641756812287526,0.26999010271714374,0.05477085051840082
0.004806153884155269,0.003061647596135463,-0.002332298925470019,-0.010502983856094663,-0.01785428261326792,-0.018408482169354708,-0.006147836736045304,0.020679594585215955,0.05477085051840082,0.19176647831105192
