1.0542213914065912,0.47154160620970637,0.4897923712034462,0.3814519058779196,0.3566614898221642,0.277049699019122,0.23297103412436837,0.16656982607334614,0.11313171873447352,0.05387803223885003
0.47154160620970637,0.9986163295344994,0.4156061713067856,0.4337372104648764,0.32495641774193273,0.3002067189541917,0.21990698784822926,0.176237162528688,0.1085869630452177,0.05639874920969919
0.4897923712034462,0.4156061713067856,0.942184547759787,0.35930072099738625,0.3766157125660653,0.2684381642325607,0.24214721049508478,0.16353950033464668,0.11667985683588611,0.053203756373554845
0.3814519058779196,0.4337372104648764,0.35930072099738625,0.885633886402255,0.3024944311723785,0.31956674817045333,0.2111241994448229,0.18459914456716967,0.10570790315077339,0.058636503499639565
0.3566614898221642,0.32495641774193273,0.3766157125660653,0.3024944311723785,0.8277197171306834,0.24561703693806572,0.2604870219722466,0.1547271578532547,0.12351042900226027,0.05105263047573452
0.277049699019122,0.3002067189541917,0.2684381642325607,0.31956674817045333,0.24561703693806572,0.7699513636692447,0.18855829458943435,0.20171981149389023,0.09789755959892435,0.06311364908531951
0.23297103412436837,0.21990698784822926,0.24214721049508478,0.2111241994448229,0.2604870219722466,0.18855829458943435,0.7091965332611803,0.13273162218171208,0.13780437540271462,0.04553310797354696
0.16656982607334614,0.176237162528688,0.16353950033464668,0.18459914456716967,0.1547271578532547,0.20171981149389023,0.13273162218171208,0.6482936906716126,0.07884705705630046,0.07268463959070534
0.11313171873447352,0.1085869630452177,0.11667985683588611,0.10570790315077339,0.12351042900226027,0.09789755959892435,0.13780437540271462,0.07884705705630046,0.5786078305869091,0.03233789344306372
0.05387803223885003,0.05639874920969919,0.053203756373554845,0.058636503499639565,0.05105263047573452,0.06311364908531951,0.04553310797354696,0.07268463959070534,0.03233789344306372,0.5033751120943892
