0.9172733395281955,0.26129975366200264,0.15366836318143487,0.026741324282055917,0.03862818016511674,-0.005374598720021993,0.013723001891253838,-0.006383116263281697,0.005573936273002294,-0.00427586476543164
0.26129975366200264,0.9171671929413254,0.26144143003900505,0.1534966780243799,0.02699058056589016,0.03837370066282461,-0.004881151269996588,0.013488945087295645,-0.005094845432954666,0.0063220021044777764
0.15366836318143487,0.26144143003900505,0.9169777631495918,0.26167020021678744,0.15316250332010145,0.027327317587587635,0.03770701558721848,-0.004587297093671457,0.011722561972544066,-0.006206027802623609
0.026741324282055917,0.1534966780243799,0.26167020021678744,0.9166996325240859,0.2620716398915461,0.15274752498621194,0.028116120899171853,0.037307031577015926,-0.0025577461487997317,0.012802373468549729
0.03862818016511674,0.02699058056589016,0.15316250332010145,0.2620716398915461,0.9161076463891141,0.262656088441783,0.151552558564942,0.028582440544713053,0.03407125244876459,-0.00482063068604296
-0.005374598720021993,0.03837370066282461,0.027327317587587635,0.15274752498621194,0.262656088441783,0.9154717356670379,0.2637678355390525,0.15082762610530273,0.03125681505314414,0.034869203389165535
0.013723001891253838,-0.004881151269996588,0.03770701558721848,0.028116120899171853,0.151552558564942,0.2637678355390525,0.9129810998152886,0.26440371291290293,0.1436954003455473,0.025031024910380943
-0.006383116263281697,0.013488945087295645,-0.004587297093671457,0.037307031577015926,0.028582440544713053,0.15082762610530273,0.26440371291290293,0.9114256143935789,0.26461624601865685,0.13902797420464827
0.005573936273002294,-0.005094845432954666,0.011722561972544066,-0.0025577461487997317,0.03407125244876459,0.03125681505314414,0.1436954003455473,0.26461624601865685,0.8891447924032079,0.23956438847728995
-0.00427586476543164,0.0063220021044777764,-0.006206027802623609,0.012802373468549729,-0.00482063068604296,0.034869203389165535,0.025031024910380943,0.13902797420464827,0.23956438847728995,0.8454810809365412
