0.8814147443057702,0.2595627386133953,-0.20563478378644984,-0.3050857984408437,-0.14877278555496906,0.03775864099171062,0.12105079025899357,0.09439114914542446,0.010225345876697631,-0.07721467272941651
0.2595627386133953,0.8810145093376477,0.25627595093592215,-0.21014329809557486,-0.3058716986697256,-0.14114944932359128,0.05159576364794711,0.12832175957411898,0.07882606483802054,-0.029199968775067066
-0.20563478378644984,0.25627595093592215,0.8810826838006807,0.26286685383508396,-0.19965437141619763,-0.3019616291262447,-0.15552959732260338,0.02070750925991216,0.1068907663925365,0.10518982071766257
-0.3050857984408437,-0.21014329809557486,0.26286685383508396,0.9005961063147346,0.2813227953870012,-0.20838403489478963,-0.3524244392524084,-0.21965311947975694,0.016856432658932954,0.22712481596198386
-0.14877278555496906,-0.3058716986697256,-0.19965437141619763,0.2813227953870012,0.909661300455813,0.2595421106765834,-0.2613657083143478,-0.3948733986281633,-0.1836018861541546,0.1586671041180176
0.03775864099171062,-0.14114944932359128,-0.3019616291262447,-0.20838403489478963,0.2595421106765834,0.8917682307106649,0.273649699982643,-0.20334453721742224,-0.32917155817531074,-0.19211071790022866
0.12105079025899357,0.05159576364794711,-0.15552959732260338,-0.3524244392524084,-0.2613657083143478,0.273649699982643,1.0189784975640446,0.45087197877241353,-0.168532177207667,-0.6225141596436176
0.09439114914542446,0.12832175957411898,0.02070750925991216,-0.21965311947975694,-0.3948733986281633,-0.20334453721742224,0.45087197877241353,1.1902206515894276,0.37742978595222776,-0.6245698951635867
0.010225345876697631,0.07882606483802054,0.1068907663925365,0.016856432658932954,-0.1836018861541546,-0.32917155817531074,-0.168532177207667,0.37742978595222776,1.0032005944606521,0.22080314714734556
-0.07721467272941651,-0.029199968775067066,0.10518982071766257,0.22712481596198386,0.1586671041180176,-0.19211071790022866,-0.6225141596436176,-0.6245698951635867,0.22080314714734556,1.6499796861667326
