2.8343676607671062,1.7699213971902774,1.5255586966775436,1.2855492254657668,1.064559286667112,0.858959549810897,0.6657860640528477,0.48224344017246684,0.3057029698524133,0.1325002295939293
1.7699213971902774,2.7750823507951297,1.7030637795576988,1.4501615867083009,1.2005219033390904,0.9686717182765769,0.750824610419631,0.5438387275369451,0.34474935320419614,0.14942402579344533
1.5255586966775436,1.7030637795576988,2.6996852408261174,1.61803645742161,1.3542740187128812,1.0923869473744094,0.8467250769591796,0.6133013622499663,0.3887829962333498,0.16850943996334244
1.2855492254657668,1.4501615867083009,1.61803645742161,2.60379767281979,1.5099015019021804,1.232327358704831,0.954864483198131,0.6916364597942884,0.4384408984998708,0.1900325682329666
1.064559286667112,1.2005219033390904,1.3542740187128812,1.5099015019021804,2.481851013327734,1.3723790166636007,1.0772396256877328,0.7799669332092769,0.49444167362103525,0.2143047655274897
0.858959549810897,0.9686717182765769,1.0923869473744094,1.232327358704831,1.3723790166636007,2.326763255901895,1.1974824630116387,0.880003015544107,0.5575851378747294,0.24167740708187374
0.6657860640528477,0.750824610419631,0.8467250769591796,0.954864483198131,1.0772396256877328,1.1974824630116387,2.1295278003960623,0.9750535366827435,0.629217201602039,0.2725361766247586
0.48224344017246684,0.5438387275369451,0.6133013622499663,0.6916364597942884,0.7799669332092769,0.880003015544107,0.9750535366827435,1.878687367150276,0.6922340729515267,0.30775945614665345
0.3057029698524133,0.34474935320419614,0.3887829962333498,0.4384408984998708,0.49444167362103525,0.5575851378747294,0.629217201602039,0.6922340729515267,1.5598133482595813,0.3297371864262906
0.1325002295939293,0.14942402579344533,0.16850943996334244,0.1900325682329666,0.2143047655274897,0.24167740708187374,0.2725361766247586,0.30775945614665345,0.3297371864262906,1.150196129225627
