0.283663518770951,0.02499058033638782,0.0018841404519534095,0.0005974825527247542,-2.5431537701549736e-05,2.5191366984382028e-05,-4.803209227721446e-06,1.6394443749895536e-06,-4.270676774549088e-07,1.1206493321089192e-07
0.02499058033638782,0.28366351877065477,0.024990580337478776,0.001884140448372329,0.000597482567813179,-2.5431572729298883e-05,2.519163873939541e-05,-4.80301171634926e-06,1.6479423353932353e-06,-3.845503822336468e-07
0.0018841404519534095,0.024990580337478776,0.2836635187666263,0.024990580350621325,0.001884140392305927,0.0005974826933548668,-2.543260261233429e-05,2.5190687704272202e-05,-4.836097776426182e-06,1.4772879468179341e-06
0.0005974825527247542,0.001884140448372329,0.024990580350621325,0.2836635187231342,0.024990580530859955,0.0018841399538015358,0.0005974858522520461,-2.5431187658961288e-05,2.528563654783236e-05,-4.383305095646402e-06
-2.5431537701549736e-05,0.000597482567813179,0.001884140392305927,0.024990580530859955,0.2836635179311783,0.024990582152272567,0.0018841247456039252,0.0005974652743922294,-2.594818913864768e-05,2.2458297117320965e-05
2.5191366984382028e-05,-2.5431572729298883e-05,0.0005974826933548668,0.0018841399538015358,0.024990582152272567,0.2836635126582021,0.024990604791796864,0.0018840750067678587,0.0005978852923900874,-2.5519262307546856e-05
-4.803209227721446e-06,2.519163873939541e-05,-2.543260261233429e-05,0.0005974858522520461,0.0018841247456039252,0.024990604791796864,0.283663183648736,0.024989810005864373,0.0018713695778837514,0.0005202769802937123
1.6394443749895536e-06,-4.80301171634926e-06,2.5190687704272202e-05,-2.5431187658961288e-05,0.0005974652743922294,0.0018840750067678587,0.024989810005864373,0.28365832827986803,0.024946348799605084,0.0015458366667284085
-4.270676774549088e-07,1.6479423353932353e-06,-4.836097776426182e-06,2.528563654783236e-05,-2.594818913864768e-05,0.0005978852923900874,0.0018713695778837514,0.024946348799605084,0.2831121368546094,0.021348804125802683
1.1206493321089192e-07,-3.845503822336468e-07,1.4772879468179341e-06,-4.383305095646402e-06,2.2458297117320965e-05,-2.5519262307546856e-05,0.0005202769802937123,0.0015458366667284085,0.021348804125802683,0.2583126643922172
