4.473260160151787,0.9511575981859446,-1.2722792823902196,-1.0482241049304937,0.04869846561948955,0.4831760006683762,0.21012315888070013,-0.10146399739727399,-0.11781214265635875,-0.0069737278164932765
0.9511575981859446,4.4711818331678845,0.9505047261329294,-1.2683360176361917,-1.0423910298097345,0.04630513154942838,0.467428729132635,0.19805641532430213,-0.07947178745647551,-0.0663627793041654
-1.2722792823902196,0.9505047261329294,4.468325605775702,0.9488072621274131,-1.263803085666988,-1.0335595361226417,0.04590864998216933,0.44716085040911047,0.17649963074168143,-0.05784011898191111
-1.0482241049304937,-1.2683360176361917,0.9488072621274131,4.4575920871281856,0.9407309336983181,-1.2486484795687338,-0.9986423366924356,0.05055433383546641,0.373908733039231,0.08494116936298744
0.04869846561948955,-1.0423910298097345,-1.263803085666988,0.9407309336983181,4.438469939989417,0.937686116874576,-1.2090869657127317,-0.9479910429990066,0.017826544190983073,0.22393821283704451
0.4831760006683762,0.04630513154942838,-1.0335595361226417,-1.2486484795687338,0.937686116874576,4.401072123745147,0.9031038028234997,-1.1634205484052893,-0.8197694180282435,0.05730211872486406
0.21012315888070013,0.467428729132635,0.04590864998216933,-0.9986423366924356,-1.2090869657127317,0.9031038028234997,4.273946840259713,0.8399560379139601,-0.9479316388555935,-0.43933072590747746
-0.10146399739727399,0.19805641532430213,0.44716085040911047,0.05055433383546641,-0.9479910429990066,-1.1634205484052893,0.8399560379139601,4.101477956725796,0.7907256786795688,-0.6152220043225607
-0.11781214265635875,-0.07947178745647551,0.17649963074168143,0.373908733039231,0.017826544190983073,-0.8197694180282435,-0.9479316388555935,0.7907256786795688,3.563131582644602,0.3050327012633577
-0.0069737278164932765,-0.0663627793041654,-0.05784011898191111,0.08494116936298744,0.22393821283704451,0.05730211872486406,-0.43933072590747746,-0.6152220043225607,0.3050327012633577,2.278208387319868
