3.662659089758294,2.0795279500041755,1.0395090253854604,0.3233061811613836,-0.05052015231811191,-0.17809786696923796,-0.17077911830796613,-0.11251023523243947,-0.05228830826373844,-0.012589955521670176
2.0795279500041755,3.6619749986686614,2.078476303799733,1.0383302460748474,0.32272295724572025,-0.049102659291952795,-0.17260880743257928,-0.15904779160889784,-0.09381051699507167,-0.030206724393082165
1.0395090253854604,2.078476303799733,3.660192924430447,2.0762000437743997,1.0365596752219304,0.32365193957500926,-0.04190811290190241,-0.15482562041115178,-0.1277835385843444,-0.052149180149375696
0.3233061811613836,1.0383302460748474,2.0762000437743997,3.6568592234095307,2.072742389158038,1.035493985036299,0.3296200193824733,-0.02239860509758703,-0.11553900532757372,-0.06808179719110075
-0.05052015231811191,0.32272295724572025,1.0365596752219304,2.072742389158038,3.651743481068107,2.067344743460278,1.0336013155711905,0.3382938285574481,0.006846727613477904,-0.05594110406678811
-0.17809786696923796,-0.049102659291952795,0.32365193957500926,1.035493985036299,2.067344743460278,3.6393571733888255,2.0465700895277243,1.0073938549300223,0.3185743043707297,0.019410741488694067
-0.17077911830796613,-0.17260880743257928,-0.04190811290190241,0.3296200193824733,1.0336013155711905,2.0465700895277243,3.58596081770776,1.9505499386017078,0.8762803236725494,0.19941542378324945
-0.11251023523243947,-0.15904779160889784,-0.15482562041115178,-0.02239860509758703,0.3382938285574481,1.0073938549300223,1.9505499386017078,3.3844011743962144,1.6336970181061994,0.5093296555766178
-0.05228830826373844,-0.09381051699507167,-0.1277835385843444,-0.11553900532757372,0.006846727613477904,0.3185743043707297,0.8762803236725494,1.6336970181061994,2.834925446114765,0.9126568259522692
-0.012589955521670176,-0.030206724393082165,-0.052149180149375696,-0.06808179719110075,-0.05594110406678811,0.019410741488694067,0.19941542378324945,0.5093296555766178,0.9126568259522692,1.7622238655698887
