10.188787061945224,8.682157534944572,7.668651091437152,6.668233385240229,5.683069029732932,4.709343406373878,3.745616006058995,2.7899283672860733,1.8394909414158467,0.8944275854477801
8.682157534944572,9.562010602887005,8.02599508284834,6.981738136294817,5.949097545984505,4.930272705140967,3.92113619072567,2.920745648938584,1.9257121635448806,0.9363635598829172
7.668651091437152,8.02599508284834,8.875084415123343,7.3068766755916705,6.228886096130992,5.161006872496673,4.105110921820997,3.057592346149925,2.0160112376973767,0.9802422890243838
6.668233385240229,6.981738136294817,7.3068766755916705,8.122265126480366,6.5187428568745975,5.403862212148455,4.297174579177384,3.2010978076694205,2.1104583429067656,1.0262326458069924
5.683069029732932,5.949097545984505,6.228886096130992,6.5187428568745975,7.2971601805455935,5.655017350550885,4.499507788976264,3.3507545036440156,2.2095339627980204,1.0742496819266596
4.709343406373878,4.930272705140967,5.161006872496673,5.403862212148455,5.655017350550885,6.393006390502187,4.7083329708841335,3.5087887041285226,2.312778829334097,1.1248232745731919
3.745616006058995,3.92113619072567,4.105110921820997,4.297174579177384,4.499507788976264,4.7083329708841335,5.401790726787841,3.6710114649450585,2.421987184854797,1.1770451377366122
2.7899283672860733,2.920745648938584,3.057592346149925,3.2010978076694205,3.3507545036440156,3.5087887041285226,3.6710114649450585,4.316218269594996,2.5336586679180297,1.23342327976097
1.8394909414158467,1.9257121635448806,2.0160112376973767,2.1104583429067656,2.2095339627980204,2.312778829334097,2.421987184854797,2.5336586679180297,3.124612363118813,1.2884057132151425
0.8944275854477801,0.9363635598829172,0.9802422890243838,1.0262326458069924,1.0742496819266596,1.1248232745731919,1.1770451377366122,1.23342327976097,1.2884057132151425,1.8232808461199457
