1.1341438099699295,0.5296431507621994,0.25932711309295786,0.1222959353146125,0.053221191060173936,0.01875307724934062,0.001929363070412395,-0.005761983756479579,-0.008371308075885799,-0.0073887057480367165
0.5296431507621994,1.133425705366331,0.52881928488151,0.2583941370678807,0.12126374584794442,0.0521283516933235,0.01769743682189255,0.0011284668963312035,-0.005852138939745533,-0.006823335606613128
0.25932711309295786,0.52881928488151,1.1324791601454904,0.5277447106886307,0.2571999025190673,0.11998821193588166,0.05087222536434578,0.016687653675143688,0.0008438260459590653,-0.00443447668144613
0.1222959353146125,0.2583941370678807,0.5277447106886307,1.131253927890564,0.5263723523729935,0.2557121472780626,0.11847610029958311,0.04954764885372724,0.016004501865879817,0.0017358192941338895
0.053221191060173936,0.12126374584794442,0.2571999025190673,0.5263723523729935,1.1296953609521658,0.5246390533900837,0.25385843366400307,0.11664542057763261,0.048063995045529245,0.015552198829552936
0.01875307724934062,0.0521283516933235,0.11998821193588166,0.2557121472780626,0.5246390533900837,1.1276798838685953,0.5223030894578007,0.2511660098806422,0.11357168487764098,0.04461349689242629
0.001929363070412395,0.01769743682189255,0.05087222536434578,0.11847610029958311,0.25385843366400307,0.5223030894578007,1.1246179248102521,0.5180750737453098,0.24495417663432084,0.1038269612240069
-0.005761983756479579,0.0011284668963312035,0.016687653675143688,0.04954764885372724,0.11664542057763261,0.2511660098806422,0.5180750737453098,1.1175619187734436,0.5056934928141069,0.22239794546898395
-0.008371308075885799,-0.005852138939745533,0.0008438260459590653,0.016004501865879817,0.048063995045529245,0.11357168487764098,0.24495417663432084,0.5056934928141069,1.0930772446462456,0.45749788758234944
-0.0073887057480367165,-0.006823335606613128,-0.00443447668144613,0.0017358192941338895,0.015552198829552936,0.04461349689242629,0.1038269612240069,0.22239794546898395,0.45749788758234944,0.9940613463524268
