12.065936970745856,-6.561312120752498,-1.4153165371965475,5.894165475242902,-4.745983360021979,0.7060561911739982,2.2395323339499034,-2.398345183757834,0.9814690661261142,-0.018096254107329776
-6.561312120752498,11.874913479633365,-6.323742710421543,-1.4794144199926687,5.656300651638225,-4.331555203047973,0.4634361072024506,2.0041410627867515,-1.7424511591352927,0.4040017588156164
-1.4153165371965475,-6.323742710421543,11.440793427957237,-6.053686838295989,-1.2546741822970358,4.977396090891459,-3.707892906384265,0.5385358656356255,1.0456374801172164,-0.5297428338763651
5.894165475242902,-1.4794144199926687,-6.053686838295989,11.158010836905111,-6.035926793630611,-0.8911880520041991,4.454087563513256,-3.4881176359002035,0.9546261131477216,0.17303620883369072
-4.745983360021979,5.656300651638225,-1.2546741822970358,-6.035926793630611,10.825378076592624,-5.603689353864696,-1.0282707079761935,4.049400323880861,-2.7445902886843863,0.48907315615227825
0.7060561911739982,-4.331555203047973,4.977396090891459,-0.8911880520041991,-5.603689353864696,9.73349795652779,-4.697748655416009,-0.774210099589123,2.458068029639455,-0.9086758367386935
2.2395323339499034,0.4634361072024506,-3.707892906384265,4.454087563513256,-1.0282707079761935,-4.697748655416009,8.677957274472378,-4.491422175362576,0.3903512152723367,0.5765045704160072
-2.398345183757834,2.0041410627867515,0.5385358656356255,-3.4881176359002035,4.049400323880861,-0.774210099589123,-4.491422175362576,8.046267966110724,-3.9073148100111723,0.4549866000963752
0.9814690661261142,-1.7424511591352927,1.0456374801172164,0.9546261131477216,-2.7445902886843863,2.458068029639455,0.3903512152723367,-3.9073148100111723,5.647163947975513,-1.4152836907516448
-0.018096254107329776,0.4040017588156164,-0.5297428338763651,0.17303620883369072,0.48907315615227825,-0.9086758367386935,0.5765045704160072,0.4549866000963752,-1.4152836907516448,2.137757694968329
