0.3803593210581372,0.20961272674762566,0.12652365136910654,0.07514406662545545,0.044651223707012556,0.026819845662636052,0.016622794153076614,0.011146817924215777,0.008718535944525674,0.00771528540323878
0.20961272674762566,0.38045651025915145,0.209777468791708,0.1268028952116167,0.07561735683187554,0.04545308795238866,0.028175807257115017,0.01889453844824447,0.014778533447047163,0.013077962942901047
0.12652365136910654,0.209777468791708,0.3807357587847594,0.21025080534485158,0.12760515302649855,0.07697656910408202,0.047751531416209685,0.032026562147053114,0.02505053282660872,0.022168041592048316
0.07514406662545545,0.1268028952116167,0.21025080534485158,0.3815380817048963,0.2116106619374133,0.12990906796327373,0.0808725154913531,0.0542787023645469,0.04246119435669597,0.037575977681376535
0.044651223707012556,0.07561735683187554,0.12760515302649855,0.2116106619374133,0.38384290174645536,0.2155155657803471,0.13651230429739847,0.09193540789852886,0.07196430961562585,0.06369020121384814
0.026819845662636052,0.04545308795238866,0.07697656910408202,0.12990906796327373,0.2155155657803471,0.3904587210075429,0.22670298632215372,0.1552553860098379,0.12189859926157362,0.10792824493349949
0.016622794153076614,0.028175807257115017,0.047751531416209685,0.0808725154913531,0.13651230429739847,0.22670298632215372,0.40937673279855374,0.2583973898617963,0.20592051852604035,0.18268969690245784
0.011146817924215777,0.01889453844824447,0.032026562147053114,0.0542787023645469,0.09193540789852886,0.1552553860098379,0.2583973898617963,0.46247377424018604,0.3432561057102813,0.3075684073096315
0.008718535944525674,0.014778533447047163,0.02505053282660872,0.04246119435669597,0.07196430961562585,0.12189859926157362,0.20592051852604035,0.3432561057102813,0.5979304914990519,0.504095511247914
0.00771528540323878,0.013077962942901047,0.022168041592048316,0.037575977681376535,0.06369020121384814,0.10792824493349949,0.18268969690245784,0.3075684073096315,0.504095511247914,0.7765660332811901
