0.24184747649568406,-0.06028018925820995,0.029238392641850165,-0.012935378373411832,0.005045066019409555,-0.0015666393590967327,0.00022409295994849944,0.0001690048672823289,-0.00017745861415554694,3.872446704247576e-05
-0.06028018925820995,0.24184706789738034,-0.060279695549142406,0.02923809463319724,-0.012936133709201644,0.0050490161564934214,-0.0015785389936938971,0.0002536010627973667,0.00010379726800627381,-4.5519697843154216e-05
0.029238392641850165,-0.060279695549142406,0.24184619895665896,-0.060278317739006604,0.029236235873203533,-0.012934404155045605,0.005049589823268835,-0.0015872290080103171,0.0002838977193887882,2.349448556895676e-05
-0.012935378373411832,0.02923809463319724,-0.060278317739006604,0.2418421791235986,-0.06026851387187743,0.02921482189606311,-0.012891505417630792,0.00497036481528388,-0.001453603308589465,8.451833328603535e-05
0.005045066019409555,-0.012936133709201644,0.029236235873203533,-0.06026851387187743,0.24181258512460008,-0.06019505251368498,0.029052369990008955,-0.012562607691871536,0.004356427668970077,-0.00040471231348424084
-0.0015666393590967327,0.0050490161564934214,-0.012934404155045605,0.02921482189606311,-0.06019505251368498,0.24161917047201464,-0.059750470172788034,0.028123405158658278,-0.010774579520721396,0.0011921910967329806
0.00022409295994849944,-0.0015785389936938971,0.005049589823268835,-0.012891505417630792,0.029052369990008955,-0.059750470172788034,0.24057300648283858,-0.05752455644604618,0.023766736276170063,-0.002922422460256719
0.0001690048672823289,0.0002536010627973667,-0.0015872290080103171,0.00497036481528388,-0.012562607691871536,0.028123405158658278,-0.05752455644604618,0.2357727192481765,-0.04801492955203747,0.006406263891356943
-0.00017745861415554694,0.00010379726800627381,0.0002838977193887882,-0.001453603308589465,0.004356427668970077,-0.010774579520721396,0.023766736276170063,-0.04801492955203747,0.21673307743896641,-0.012873558267431959
3.872446704247576e-05,-4.5519697843154216e-05,2.349448556895676e-05,8.451833328603535e-05,-0.00040471231348424084,0.0011921910967329806,-0.002922422460256719,0.006406263891356943,-0.012873558267431959,0.15114835072654526
