1.6479146369971907,-0.9605255786668365,0.4417442670028855,0.05211057090788832,-0.3892777056893035,0.5145435024637036,-0.45137487099146206,0.28008613463289767,-0.10144335647107634,-0.0018281286646953422
-0.9605255786668365,1.622065041257013,-0.9343936374007303,0.42339057731473434,0.05509538969679921,-0.37224790636302424,0.4779556408275199,-0.401879874670092,0.22995862056919286,-0.06612355151505034
0.4417442670028855,-0.9343936374007303,1.5782231834449352,-0.8821963077216441,0.3770539172468503,0.07973987570405267,-0.3622873654383677,0.42811861706547,-0.3180243246428532,0.12994153551321103
0.05211057090788832,0.42339057731473434,-0.8821963077216441,1.5002335519380456,-0.7964363192555788,0.3083216027398338,0.10594541968077707,-0.3275284386538985,0.32846228297349955,-0.1687740885521039
-0.3892777056893035,0.05509538969679921,0.3770539172468503,-0.7964363192555788,1.3921923865145147,-0.6943333139782416,0.24535429461712432,0.10072400978897057,-0.23924978771979888,0.1644983247961929
0.5145435024637036,-0.37224790636302424,0.07973987570405267,0.3083216027398338,-0.6943333139782416,1.2804086264086385,-0.6053000028888996,0.21226974254195663,0.05403587716408568,-0.10801773522828546
-0.45137487099146206,0.4779556408275199,-0.3622873654383677,0.10594541968077707,0.24535429461712432,-0.6053000028888996,1.18670042524014,-0.5349360987922032,0.1927845689103269,0.004275050061901771
0.28008613463289767,-0.401879874670092,0.42811861706547,-0.3275284386538985,0.10072400978897057,0.21226974254195663,-0.5349360987922032,1.0919286078626964,-0.43933360448143877,0.12588964121542545
-0.10144335647107634,0.22995862056919286,-0.3180243246428532,0.32846228297349955,-0.23924978771979888,0.05403587716408568,0.1927845689103269,-0.43933360448143877,0.9315375147063091,-0.24837655440766088
-0.0018281286646953422,-0.06612355151505034,0.12994153551321103,-0.1687740885521039,0.1644983247961929,-0.10801773522828546,0.004275050061901771,0.12588964121542545,-0.24837655440766088,0.6459127246007992
