15.188301507334067,13.131292218231291,11.689486000834707,10.093720629323965,8.59975972979614,7.072005969396054,5.590278444030697,4.075410197765161,2.6391471129465995,1.0644531747048538
13.131292218231291,14.143576883832225,12.045227361915675,10.557661772281547,8.919983040844215,7.370607804582903,5.809672379556188,4.242693939181143,2.744277986578868,1.107176254219251
11.689486000834707,12.045227361915675,13.014527783595236,10.868624752618242,9.337452556398983,7.642238319936167,6.058219614983702,4.40896788605633,2.858453873898257,1.1525758815428317
10.093720629323965,10.557661772281547,10.868624752618242,11.788333683516752,9.597058779450542,8.005778383002227,6.274769707542669,4.598074637604012,2.9673064297592897,1.1978429076682986
8.59975972979614,8.919983040844215,9.337452556398983,9.597058779450542,10.469566602966772,8.216264985123562,6.5872258534239885,4.761431241425325,3.1011613664151776,1.2490191142018499
7.072005969396054,7.370607804582903,7.642238319936167,8.005778383002227,8.216264985123562,9.023178439431083,6.731663810286294,5.000613672795238,3.197723662157678,1.2938087592217382
5.590278444030697,5.809672379556188,6.058219614983702,6.274769707542669,6.5872258534239885,6.731663810286294,7.496597012978448,5.105980948862014,3.3867071064099417,1.3579356694096882
4.075410197765161,4.242693939181143,4.40896788605633,4.598074637604012,4.761431241425325,5.000613672795238,5.105980948862014,5.753227203454449,3.399849798053656,1.3883255816407198
2.6391471129465995,2.744277986578868,2.858453873898257,2.9673064297592897,3.1011613664151776,3.197723662157678,3.3867071064099417,3.399849798053656,4.034048090082878,1.495248349282988
1.0644531747048538,1.107176254219251,1.1525758815428317,1.1978429076682986,1.2490191142018499,1.2938087592217382,1.3579356694096882,1.3883255816407198,1.495248349282988,1.6906035844736336
