0.8106997853572808,0.38992723501148957,0.07595979450188436,-0.08589033845933675,-0.11412854194045795,-0.07531691420094434,-0.02680040716067683,0.0030042949272271694,0.010633340309185304,0.005879034496085671
0.38992723501148957,0.8107766243305613,0.3901465928108914,0.07629182347089364,-0.08563883870667767,-0.11434217273796159,-0.07643534827661921,-0.028927348471223274,0.0006945847570662331,0.010348118197417443
0.07595979450188436,0.3901465928108914,0.8108778284558057,0.38985171035863364,0.07534723862451664,-0.08715630320472216,-0.1156327636549437,-0.0757931513229625,-0.024262829515012692,0.01017125856824792
-0.08589033845933675,0.07629182347089364,0.38985171035863364,0.8093708641116151,0.38700304534939717,0.0722757580761342,-0.08748630025273571,-0.10893056839553455,-0.05912447851024802,-0.001135817217963438
-0.11412854194045795,-0.08563883870667767,0.07534723862451664,0.38700304534939717,0.8049292073967389,0.38342972378413037,0.07463901043739868,-0.07318627184380117,-0.0808389805466983,-0.027469736351860542
-0.07531691420094434,-0.11434217273796159,-0.08715630320472216,0.0722757580761342,0.38342972378413037,0.8039541753174673,0.389827746570488,0.09215923825279113,-0.04730247283247991,-0.0622559277649133
-0.02680040716067683,-0.07643534827661921,-0.1156327636549437,-0.08748630025273571,0.07463901043739868,0.389827746570488,0.8133410380383244,0.3964591727381201,0.08498632798549365,-0.08043811161689249
0.0030042949272271694,-0.028927348471223274,-0.0757931513229625,-0.10893056839553455,-0.07318627184380117,0.09215923825279113,0.3964591727381201,0.7863520728663769,0.316417232210082,-0.03872414791423372
0.010633340309185304,0.0006945847570662331,-0.024262829515012692,-0.05912447851024802,-0.0808389805466983,-0.04730247283247991,0.08498632798549365,0.316417232210082,0.6143619455038193,0.10431528557568144
0.005879034496085671,0.010348118197417443,0.01017125856824792,-0.001135817217963438,-0.027469736351860542,-0.0622559277649133,-0.08043811161689249,-0.03872414791423372,0.10431528557568144,0.41370549447779836
