0.5401478846250644,-0.15731331167890072,0.008639865360881868,0.03319283918813328,-0.03072868635662294,0.017796877263599617,-0.00731071385854142,0.0016485603333132566,0.0004301119112757264,-0.0005187969608078672
-0.15731331167890072,0.5401455549631178,-0.1573107398705521,0.008640332820731665,0.033181323320059956,-0.030692187688493817,0.01772006102688729,-0.007196535653495123,0.0015662450321948813,0.00026172517303081307
0.008639865360881868,-0.1573107398705521,0.5401397891268316,-0.15730151979231638,0.008631992412313558,0.033173358857301535,-0.030633389776008105,0.017555308336655136,-0.006876190883576709,0.0011386714547230365
0.03319283918813328,0.008640332820731665,-0.15730151979231638,0.5401073067197882,-0.15722917246234724,0.008517125396847925,0.03327527397746536,-0.030527536812300908,0.016808448896418898,-0.004801632757881445
-0.03072868635662294,0.033181323320059956,0.008631992412313558,-0.15722917246234724,0.5398989360290756,-0.1568162040651832,0.007950361760867147,0.03356123790571621,-0.029283720685330573,0.011563159008624747
0.017796877263599617,-0.030692187688493817,0.033173358857301535,0.008517125396847925,-0.1568162040651832,0.5389700260182054,-0.15532550870401873,0.006589086027824388,0.032316146275480934,-0.01986942866557163
-0.00731071385854142,0.01772006102688729,-0.030633389776008105,0.03327527397746536,0.007950361760867147,-0.15532550870401873,0.5362061316554778,-0.15190458993421146,0.005913672259390258,0.02131354490654056
0.0016485603333132566,-0.007196535653495123,0.017555308336655136,-0.030527536812300908,0.03356123790571621,0.006589086027824388,-0.15190458993421146,0.5300982763199019,-0.14483540164240588,0.006053169281251367
0.0004301119112757264,0.0015662450321948813,-0.006876190883576709,0.016808448896418898,-0.029283720685330573,0.032316146275480934,0.005913672259390258,-0.14483540164240588,0.5091975413386828,-0.1026856018198905
-0.0005187969608078672,0.00026172517303081307,0.0011386714547230365,-0.004801632757881445,0.011563159008624747,-0.01986942866557163,0.02131354490654056,0.006053169281251367,-0.1026856018198905,0.3684399543700939
