1.068410263413763,-0.14253564187543308,0.010611956785698188,0.005551268396655833,-0.00473436205218217,0.0027362255840899926,-0.0014604716460295177,0.0007883839116850723,-0.000454434519831478,0.000166316434401074
-0.14253564187543308,1.0684085810830366,-0.1425322929569947,0.01060529754129938,0.005564469471297328,-0.004760303124727923,0.002785916089460754,-0.001548352072772708,0.0009012523965306827,-0.0003308268546808075
0.010611956785698188,-0.1425322929569947,1.0684019145802326,-0.14251903674926364,0.01057901871013838,0.00561611010874478,-0.0048592261900196505,0.0029608942305682654,-0.0017732553776776592,0.0006564414574041727
0.005551268396655833,0.01060529754129938,-0.14251903674926364,1.0683755547300882,-0.14246678071123703,0.010476325552349588,0.005812855802118146,-0.005207388434476052,0.0034093569445725553,-0.0012934508055367252
-0.00473436205218217,0.005564469471297328,0.01057901871013838,-0.14246678071123703,1.0682719572310115,-0.14226316586041968,0.01008608119127253,0.006504289921654451,-0.0061034113978077195,0.002497479646547453
0.0027362255840899926,-0.004760303124727923,0.00561611010874478,0.010476325552349588,-0.14226316586041968,1.0678716185299222,-0.14149505757841405,0.008720333800581967,0.0083044816328219,-0.004532634681001421
-0.0014604716460295177,0.002785916089460754,-0.0048592261900196505,0.005812855802118146,0.01008608119127253,-0.14149505757841405,1.066393197194511,-0.138839021866248,0.005048003578481742,0.006551699688052498
0.0007883839116850723,-0.001548352072772708,0.0029608942305682654,-0.005207388434476052,0.006504289921654451,0.008720333800581967,-0.138839021866248,1.061463190115537,-0.13103879494263074,0.0008285577009637528
-0.000454434519831478,0.0009012523965306827,-0.0017732553776776592,0.0034093569445725553,-0.0061034113978077195,0.0083044816328219,0.005048003578481742,-0.13103879494263074,1.0432054403493851,-0.07942419368477396
0.000166316434401074,-0.0003308268546808075,0.0006564414574041727,-0.0012934508055367252,0.002497479646547453,-0.004532634681001421,0.006551699688052498,0.0008285577009637528,-0.07942419368477396,0.6982512673334281
