2.400728778551682,1.1238814418906489,0.6601928903554615,0.40151273940283644,0.24540453560213898,0.15017007734074037,0.09203005989594519,0.05652308493663971,0.03384325769373899,0.005704136345754209
1.1238814418906489,2.400759404743084,1.1239315294914702,0.6602748002762705,0.40164661798351164,0.24562248091148325,0.15051417862914102,0.09244184942279382,0.05534957234373798,0.009328933752296913
0.6601928903554615,1.1239315294914702,2.400841320503449,1.1240654890608839,0.6604937519824017,0.40200305659278834,0.24618524108610018,0.15118763690037007,0.09052259343970637,0.015257196663270675
0.40151273940283644,0.6602748002762705,1.1240654890608839,2.4010603890446753,1.1244235480547644,0.6610766476708101,0.40292335418018255,0.24728653485044427,0.1480485859862304,0.024952964451794072
0.24540453560213898,0.40164661798351164,0.6604937519824017,1.1244235480547644,2.401645622314758,1.1253762655355526,0.6625808033291501,0.40472294826174493,0.24215064521240465,0.04081355919879816
0.15017007734074037,0.24562248091148325,0.40200305659278834,0.6610766476708101,1.1253762655355526,2.4031965472083057,1.1278245016031632,0.6655051850759638,0.39629800883195343,0.06679560180131537
0.09203005989594519,0.15051417862914102,0.24618524108610018,0.40292335418018255,0.6625808033291501,1.1278245016031632,2.4070566658263837,1.1323772860958274,0.6514162623025684,0.1098089288608984
0.05652308493663971,0.09244184942279382,0.15118763690037007,0.24728653485044427,0.40472294826174493,0.6655051850759638,1.1323772860958274,2.4116895264720903,1.1055404053812843,0.18652377400575085
0.03384325769373899,0.05534957234373798,0.09052259343970637,0.1480485859862304,0.24215064521240465,0.39629800883195343,0.6514162623025684,1.1055404053812843,2.3213736794892847,0.38989065367380527
0.005704136345754209,0.009328933752296913,0.015257196663270675,0.024952964451794072,0.04081355919879816,0.06679560180131537,0.1098089288608984,0.18652377400575085,0.38989065367380527,1.6973858451909491
