0.8710597129837114,-0.21565997980026524,0.3475469066095872,-0.0756001802646561,0.1773269259235074,-0.02162565780496618,0.08744478842947193,-0.0045671917993011435,0.03484712469683754,-0.0024220354081656136
-0.21565997980026524,0.8689120352190446,-0.2171776105652014,0.34402302021888875,-0.07750295641144023,0.17140425437619425,-0.023650868154923562,0.07720943537747468,-0.005780764592506341,0.016610977470802032
0.3475469066095872,-0.2171776105652014,0.8661623147814922,-0.21926586536560147,0.3395460959706006,-0.08021027921515321,0.16394925678794955,-0.026765257117448937,0.06446138663020634,-0.008363843210155859
-0.0756001802646561,0.34402302021888875,-0.21926586536560147,0.8602840811622582,-0.22163745527591322,0.32947416692223347,-0.08208998384468477,0.1461685168585333,-0.02590768906278029,0.03207120213332047
0.1773269259235074,-0.07750295641144023,0.3395460959706006,-0.22163745527591322,0.8527486469637626,-0.22412486636391935,0.3164303061636079,-0.08346730447112295,0.12288795192830707,-0.02282308487895194
-0.02162565780496618,0.17140425437619425,-0.08021027921515321,0.32947416692223347,-0.22412486636391935,0.8351135044676274,-0.2244021841400848,0.2845755677708405,-0.07633735259520197,0.06351980598190599
0.08744478842947193,-0.023650868154923562,0.16394925678794955,-0.08208998384468477,0.3164303061636079,-0.2244021841400848,0.8115693952071278,-0.21926333545836957,0.24072743994503543,-0.056530218912873936
-0.0045671917993011435,0.07720943537747468,-0.026765257117448937,0.1461685168585333,-0.08346730447112295,0.2845755677708405,-0.21926333545836957,0.7526782879863009,-0.19585212754205805,0.12852030995596878
0.03484712469683754,-0.005780764592506341,0.06446138663020634,-0.02590768906278029,0.12288795192830707,-0.07633735259520197,0.24072743994503543,-0.19585212754205805,0.6677002913730008,-0.1331162900388249
-0.0024220354081656136,0.016610977470802032,-0.008363843210155859,0.03207120213332047,-0.02282308487895194,0.06351980598190599,-0.056530218912873936,0.12852030995596878,-0.1331162900388249,0.44956481185735725
