3.429471975091198,-1.439731776419868,0.9534268792874235,-0.633439295162174,0.4199566114794549,-0.2770436955865534,0.18068495964906983,-0.11468836112798386,0.06796381511454579,-0.032652349723062954
-1.439731776419868,3.4287444168316523,-1.4386386440422245,0.9517844838099833,-0.6309716499258913,0.41624905559782477,-0.2714732146914721,0.17231549397382873,-0.1021133989411052,0.04905908251347986
0.9534268792874235,-1.4386386440422245,3.4271020213542123,-1.436170998805943,0.9480769279284758,-0.6254011690428032,0.4078795910971266,-0.2588983675322989,0.15342202649714576,-0.07370965941127008
-0.633439295162174,0.9517844838099833,-1.436170998805943,3.4233944654727058,-1.4306005179230392,0.9397074634457969,-0.6128263236483421,0.3889862964457911,-0.23051155348168068,0.11074634119106588
0.4199566114794549,-0.6309716499258913,0.9480769279284758,-1.4306005179230392,3.4150250009902994,-1.418025672555645,0.920814171445874,-0.5844397692621153,0.3463360411160477,-0.1663927386184197
-0.2770436955865534,0.41624905559782477,-0.6254011690428032,0.9397074634457969,-1.418025672555645,3.3961317090304295,-1.3896391221521556,0.878164306251959,-0.5203591621005951,0.24999962872729747
0.18068495964906983,-0.2714732146914721,0.4078795910971266,-0.6128263236483421,0.920814171445874,-1.3896391221521556,3.3534818497300303,-1.3255591010210506,0.7818852994754759,-0.3756168700504145
-0.11468836112798386,0.17231549397382873,-0.2588983675322989,0.3889862964457911,-0.5844397692621153,0.878164306251959,-1.3255591010210506,3.2572037101409235,-1.1809030390280495,0.5644149558846193
0.06796381511454579,-0.1021133989411052,0.15342202649714576,-0.23051155348168068,0.3463360411160477,-0.5203591621005951,0.7818852994754759,-1.1809030390280495,3.039860966782195,-0.854179995986054
-0.032652349723062954,0.04905908251347986,-0.07370965941127008,0.11074634119106588,-0.1663927386184197,0.24999962872729747,-0.3756168700504145,0.5644149558846193,-0.854179995986054,2.5508312922209564
