0.9460336180087283,-0.03902446570204782,0.001740849732662275,0.023743133244800152,-0.02920349991650423,0.01887682075115179,-0.0034720516688737154,-0.007251769727729774,0.009333089461463178,-0.005146405992026505
-0.03902446570204782,0.9452431870891822,-0.0381582957946815,0.0013572057427751949,0.02315416375687275,-0.027588120676568063,0.016859695484684266,-0.0022472218568448652,-0.006471693913904442,0.006139635241686613
0.001740849732662275,-0.0381582957946815,0.9440694690164191,-0.037337098919600596,0.0016174623693956868,0.021482059722439516,-0.024986372056306126,0.014674813514704062,-0.0021734440680908095,-0.0033904699384556926
0.023743133244800152,0.0013572057427751949,-0.037337098919600596,0.9431679081181326,-0.03693552906814513,0.0022264798842189827,0.019804537407117614,-0.022887811482682104,0.013396016083938287,-0.0029769476170707406
-0.02920349991650423,0.02315416375687275,0.0016174623693956868,-0.03693552906814513,0.9420684529840778,-0.03556367827557128,0.0013946951004833188,0.01927182107303463,-0.020713837128540996,0.010299159234003274
0.01887682075115179,-0.027588120676568063,0.021482059722439516,0.0022264798842189827,-0.03556367827557128,0.9387243297914359,-0.0316122390177673,-0.0007404537833095243,0.017272089305310347,-0.01400483606111583
-0.0034720516688737154,0.016859695484684266,-0.024986372056306126,0.019804537407117614,0.0013946951004833188,-0.0316122390177673,0.9328947440754171,-0.027017942878514126,-0.0003680925365344192,0.009851487615725352
-0.007251769727729774,-0.0022472218568448652,0.014674813514704062,-0.022887811482682104,0.01927182107303463,-0.0007404537833095243,-0.027017942878514126,0.927834372431224,-0.024741913140619964,0.0030108917119591756
0.009333089461463178,-0.006471693913904442,-0.0021734440680908095,0.013396016083938287,-0.020713837128540996,0.017272089305310347,-0.0003680925365344192,-0.024741913140619964,0.9232244295427973,-0.01986078206248661
-0.005146405992026505,0.006139635241686613,-0.0033904699384556926,-0.0029769476170707406,0.010299159234003274,-0.01400483606111583,0.009851487615725352,0.0030108917119591756,-0.01986078206248661,0.9095434720093516
