3.489832010444798,-1.2429349749242125,1.3422987473529724,-0.9337449357674028,0.7807620290113702,-0.583138994040796,0.44192530930688945,-0.30946417781978386,0.19525390893249958,-0.08825492115449679
-1.2429349749242125,3.474177646898536,-1.2235764373521998,1.3183586602068929,-0.9041413512446692,0.744148845612405,-0.537873236537138,0.3859174514691358,-0.24028424791717065,0.1094862629130759
1.3422987473529724,-1.2235764373521998,3.450238065452542,-1.1939721298330042,1.281748177908323,-0.8588693480692023,0.6881588234690754,-0.46864721329540765,0.300274514169399,-0.13446962820708414
-0.9337449357674028,1.3183586602068929,-1.1939721298330042,3.4136259157174003,-1.1487025105818747,1.2257492494711055,-0.7896639185783589,0.6024570768275899,-0.3629845763939529,0.16875681047868185
0.7807620290113702,-0.9041413512446692,1.281748177908323,-1.1487025105818747,3.3576324852913575,-1.0794892206165398,1.1400768694059094,-0.683933378240963,0.4711332842117474,-0.2021138653799116
-0.583138994040796,0.744148845612405,-0.8588693480692023,1.2257492494711055,-1.0794892206165398,3.271941976724379,-0.9737845984923452,1.0086562468612772,-0.5232865641089387,0.26747804058563335
0.44192530930688945,-0.537873236537138,0.6881588234690754,-0.7896639185783589,1.1400768694059094,-0.9737845984923452,3.1405811289903798,-0.8130523246624013,0.805320278966081,-0.2840149290100351
-0.30946417781978386,0.3859174514691358,-0.46864721329540765,0.6024570768275899,-0.683933378240963,1.0086562468612772,-0.8130523246624013,2.937048066595644,-0.5740624744192582,0.47589645551383214
0.19525390893249958,-0.24028424791717065,0.300274514169399,-0.3629845763939529,0.4711332842117474,-0.5232865641089387,0.805320278966081,-0.5740624744192582,2.608274119593651,-0.25609136697710244
-0.08825492115449679,0.1094862629130759,-0.13446962820708414,0.16875681047868185,-0.2021138653799116,0.26747804058563335,-0.2840149290100351,0.47589645551383214,-0.25609136697710244,1.97667180365419
