2.349383625478059,0.5549148339445257,-0.25478062544911745,-0.18224932551969222,0.027045121576506854,0.04908206994564977,0.0028067711565736477,-0.011023965770925933,-0.0027522239542643883,0.0008999843529023405
0.5549148339445257,2.349387623831569,0.5549234324460179,-0.2547904423520477,-0.18229260606760617,0.0270518628017212,0.049266504255651995,0.002923304569263613,-0.011696148931584438,-0.0037610147655730763
-0.25478062544911745,0.5549234324460179,2.3493571771820005,0.5548639959099938,-0.2547109590065415,-0.18198432855953475,0.02696427496083375,0.047921830436083473,0.002232796235948441,-0.0066707871251844506
-0.18224932551969222,-0.2547904423520477,0.5548639959099938,2.349351266000164,0.5551053975134477,-0.25449743898171945,-0.18281636732112483,0.02542882954341784,0.05016349242452751,0.010344136770154036
0.027045121576506854,-0.18229260606760617,-0.2547109590065415,0.5551053975134477,2.349211304936336,0.55399653342939,-0.25478648208877563,-0.17845270988387354,0.030042647582652758,0.035713888161853294
0.04908206994564977,0.0270518628017212,-0.18198432855953475,-0.25449743898171945,0.55399653342939,2.347459066424127,0.5572143034263493,-0.24501332118212912,-0.18411855147819758,-0.014849407659783044
0.0028067711565736477,0.049266504255651995,0.02696427496083375,-0.18281636732112483,-0.25478648208877563,0.5572143034263493,2.35117549371077,0.5468051890197169,-0.2685488540543299,-0.15946281408644367
-0.011023965770925933,0.002923304569263613,0.047921830436083473,0.02542882954341784,-0.17845270988387354,-0.24501332118212912,0.5468051890197169,2.3025687898832157,0.5518266794681164,-0.06341431152556608
-0.0027522239542643883,-0.011696148931584438,0.002232796235948441,0.05016349242452751,0.030042647582652758,-0.18411855147819758,-0.2685488540543299,0.5518266794681164,2.4039240261871515,0.61041616243482
0.0008999843529023405,-0.0037610147655730763,-0.0066707871251844506,0.010344136770154036,0.035713888161853294,-0.014849407659783044,-0.15946281408644367,-0.06341431152556608,0.61041616243482,1.6006763372222752
