0.4601409002287821,-0.19886228207519913,-0.019692300939815208,0.07510331619450564,-0.038673426213549196,-0.000680309669441116,0.012495975280416668,-0.0071160229616122235,0.0007278096310689683,0.0005215153345685938
-0.19886228207519913,0.46011746144436655,-0.19882759585885407,-0.01968391588706023,0.07497868037727667,-0.038465512083330516,-0.0006798305408770072,0.011842448286924583,-0.005889321761637431,0.0004737814667687913
-0.019692300939815208,-0.19882759585885407,0.4600185686228848,-0.19875061913566405,-0.01951816499798215,0.07442555260531689,-0.03794627144489721,8.056095399053216e-05,0.00878355084203376,-0.0025273973397471113
0.07510331619450564,-0.01968391588706023,-0.19875061913566405,0.4598475824743332,-0.19867090057194958,-0.0191312715468842,0.07344821440503504,-0.03732394104096925,0.001978774896595984,0.0032626973008293486
-0.038673426213549196,0.07497868037727667,-0.01951816499798215,-0.19867090057194958,0.45917748413361664,-0.19766178255406108,-0.018924368835935693,0.0698918278169274,-0.03128970207619197,0.0018015606949348894
-0.000680309669441116,-0.038465512083330516,0.07442555260531689,-0.0191312715468842,-0.19766178255406108,0.45606657049793525,-0.19498283508986175,-0.014194125608196113,0.052593039970812154,-0.01362711801094952
0.012495975280416668,-0.0006798305408770072,-0.03794627144489721,0.07344821440503504,-0.018924368835935693,-0.19498283508986175,0.4503824421144561,-0.19270938651403868,-0.0006246843712931888,0.019955146245063657
-0.0071160229616122235,0.011842448286924583,8.056095399053216e-05,-0.03732394104096925,0.0698918278169274,-0.014194125608196113,-0.19270938651403868,0.4312619678390888,-0.16391152790595387,0.0052718011571424184
0.0007278096310689683,-0.005889321761637431,0.00878355084203376,0.001978774896595984,-0.03128970207619197,0.052593039970812154,-0.0006246843712931888,-0.16391152790595387,0.3345473102191283,-0.07254522995792642
0.0005215153345685938,0.0004737814667687913,-0.0025273973397471113,0.0032626973008293486,0.0018015606949348894,-0.01362711801094952,0.019955146245063657,0.0052718011571424184,-0.07254522995792642,0.14432955420532068
