0.9578707165877386,0.1401161668434091,0.514629625404166,0.10007210133326164,0.301069920361375,0.06613571584953828,0.16702474730171818,0.038132757889821005,0.07676958127068628,0.01424843479439345
0.1401161668434091,0.9549746453004574,0.13793348337959938,0.509903484494556,0.09671328747184024,0.2933438691561076,0.06099690113705369,0.15437139006199865,0.030325545018743953,0.056006373343952684
0.514629625404166,0.13793348337959938,0.9489001281506699,0.13466356841863003,0.4999041368540561,0.09187384473473373,0.2768479891313317,0.053946452294569236,0.1270966855402274,0.02026771030969695
0.10007210133326164,0.509903484494556,0.13466356841863003,0.9411682158109016,0.129674632907122,0.4872310419189929,0.08431997068732827,0.25603488749686365,0.04261603993128474,0.0928443019793444
0.301069920361375,0.09671328747184024,0.4999041368540561,0.129674632907122,0.9246821918951803,0.12237214655387939,0.45998952839083596,0.07383612031980069,0.2109166446532251,0.027961012912126458
0.06613571584953828,0.2933438691561076,0.09187384473473373,0.4872310419189929,0.12237214655387939,0.9038525161852188,0.111465561555668,0.4256813307119458,0.057757510997542665,0.15428389961020156
0.16702474730171818,0.06099690113705369,0.2768479891313317,0.08431997068732827,0.45998952839083596,0.111465561555668,0.8587621443784105,0.09609782461152896,0.3508703670985436,0.036847370346593925
0.038132757889821005,0.15437139006199865,0.053946452294569236,0.25603488749686365,0.07383612031980069,0.4256813307119458,0.09609782461152896,0.8020825312796518,0.07399227790369972,0.2570151114177911
0.07676958127068628,0.030325545018743953,0.1270966855402274,0.04261603993128474,0.2109166446532251,0.057757510997542665,0.3508703670985436,0.07399227790369972,0.6777375183769634,0.04501760387768985
0.01424843479439345,0.056006373343952684,0.02026771030969695,0.0928443019793444,0.027961012912126458,0.15428389961020156,0.036847370346593925,0.2570151114177911,0.04501760387768985,0.5218204256816977
