1.2066272616665632,-0.06203967320600347,0.2839983443402768,-0.12662701277631747,0.12048346155808204,-0.07751114432381724,0.05818937369738602,-0.03865481820050237,0.024417412352380714,-0.012443725271739
-0.06203967320600347,1.2059183559360775,-0.06107934106611872,0.2826995528276911,-0.12486425683242455,0.11810909957591445,-0.07426047941415553,0.05389239959957772,-0.03253366465676378,0.017011179062396402
0.2839983443402768,-0.06107934106611872,1.20461737565812,-0.05931998505867811,0.2803112936869442,-0.1216485626713339,0.11370309871054732,-0.0684463420786503,0.045580088035682205,-0.02255893439469651
-0.12662701277631747,0.2826995528276911,-0.05931998505867811,1.2022377323570739,-0.05609090741307088,0.2759599974930558,-0.11569676674173374,0.1058199593020708,-0.05726307550218671,0.0319205746970236
0.12048346155808204,-0.12486425683242455,0.2803112936869442,-0.05609090741307088,1.1978525208359874,-0.05019179413219638,0.2678615190233955,-0.10505537842931933,0.09047105588874421,-0.03921673751545389
-0.07751114432381724,0.11810909957591445,-0.1216485626713339,0.2759599974930558,-0.05019179413219638,1.189887546407594,-0.039343026233896586,0.25336027468594036,-0.08487599488172237,0.06473427492214082
0.05818937369738602,-0.07426047941415553,0.11370309871054732,-0.11569676674173374,0.2678615190233955,-0.039343026233896586,1.1748607777568854,-0.019979970142915464,0.22428677484930376,-0.053816962068959154
-0.03865481820050237,0.05389239959957772,-0.0684463420786503,0.1058199593020708,-0.10505537842931933,0.25336027468594036,-0.019979970142915464,1.1478559479110602,0.014292447987306934,0.17122250269020975
0.024417412352380714,-0.03253366465676378,0.045580088035682205,-0.05726307550218671,0.09047105588874421,-0.08487599488172237,0.22428677484930376,0.014292447987306934,1.0866485786145765,0.054125175544639706
-0.012443725271739,0.017011179062396402,-0.02255893439469651,0.0319205746970236,-0.03921673751545389,0.06473427492214082,-0.053816962068959154,0.17122250269020975,0.054125175544639706,0.9396412636827031
