3.14200898913183,0.4895213717414649,0.4768410435639038,0.3986990619493168,0.3297735279566427,0.265791057797402,0.20590332241818288,0.14918319308447195,0.0947580941242228,0.04179487624369367
0.4895213717414649,3.1244061196273,0.46959549873406065,0.4542856065083406,0.3731670443262309,0.30087211842271644,0.23307560637364128,0.16887050873160894,0.1072630653961589,0.04731043404414141
0.4768410435639038,0.46959549873406065,3.1018506825717096,0.4440634811115932,0.4253841969597727,0.3404515932482235,0.2638392965704596,0.19115567153374796,0.1214182941612382,0.05355386481753964
0.3986990619493168,0.4542856065083406,0.4440634811115932,3.072949273023877,0.4113480300170518,0.3883513754989425,0.29853164916509517,0.2163873002982555,0.13744131542102997,0.06062123398287465
0.3297735279566427,0.3731670443262309,0.4253841969597727,0.4113480300170518,3.035916451543388,0.36942808637593905,0.34089936876249105,0.24481754015740106,0.155584404222231,0.06862103892909074
0.265791057797402,0.30087211842271644,0.3404515932482235,0.3883513754989425,0.36942808637593905,2.9884644453324727,0.3157139655515722,0.28009675243355414,0.1759906576565655,0.0776818937254585
0.20590332241818288,0.23307560637364128,0.2638392965704596,0.29853164916509517,0.34089936876249105,0.3157139655515722,2.9276618149540528,0.24688739895303513,0.20218676328774307,0.08781244077767694
0.14918319308447195,0.16887050873160894,0.19115567153374796,0.2163873002982555,0.24481754015740106,0.28009675243355414,0.24688739895303513,2.8497522014016248,0.1587007368658631,0.10225667393867224
0.0947580941242228,0.1072630653961589,0.1214182941612382,0.13744131542102997,0.155584404222231,0.1759906576565655,0.20218676328774307,0.1587007368658631,2.749812071086185,0.04830451141035124
0.04179487624369367,0.04731043404414141,0.05355386481753964,0.06062123398287465,0.06862103892909074,0.0776818937254585,0.08781244077767694,0.10225667393867224,0.04830451141035124,2.5605767121592224
