1.621675906758157,-0.14260228114672982,0.13183902536945116,-0.09880268278409525,0.07445304188546303,-0.05543436448644162,0.04044208313879309,-0.028384773569378206,0.018383510966974395,-0.009798087096835776
-0.14260228114672982,1.6210148914110074,-0.14173760038688565,0.13070792785591706,-0.0973230828339237,0.07251756300270476,-0.052902533734350936,0.03713041256565396,-0.0240476534500407,0.012816975346550921
0.13183902536945116,-0.14173760038688565,1.6198837938961483,-0.14025800046280235,0.12877244842310737,-0.09479126362848088,0.06920564997685544,-0.04857050447065295,0.03145698253862099,-0.016766012710973693
-0.09880268278409525,0.13070792785591706,-0.14025800046280235,1.6179483144997322,-0.13772618054079766,0.12546055050542282,-0.09045891721505271,0.06353887935543169,-0.041149034102240634,0.021931796752362204
0.07445304188546303,-0.0973230828339237,0.12877244842310737,-0.13772618054079766,1.6146364155824309,-0.13339385380904778,0.11979336491071604,-0.08304615794205547,0.05383078085588111,-0.028689022809869656
-0.05543436448644162,0.07251756300270476,-0.09479126362848088,0.12546055050542282,-0.13339385380904778,1.6089692574440193,-0.12598055394288218,0.11009666440876435,-0.07034688053621838,0.03753215456214931
0.04044208313879309,-0.052902533734350936,0.06920564997685544,-0.09045891721505271,0.11979336491071604,-0.12598055394288218,1.599271802804874,-0.11329612491376402,0.09348497133561692,-0.04901727595014705
-0.028384773569378206,0.03713041256565396,-0.04857050447065295,0.06353887935543169,-0.08304615794205547,0.11009666440876435,-0.11329612491376402,1.5826808234843308,-0.09155868259666955,0.0657768714681882
0.018383510966974395,-0.0240476534500407,0.03145698253862099,-0.041149034102240634,0.05383078085588111,-0.07034688053621838,0.09348497133561692,-0.09155868259666955,1.5544037826462538,-0.05125322120569255
-0.009798087096835776,0.012816975346550921,-0.016766012710973693,0.021931796752362204,-0.028689022809869656,0.03753215456214931,-0.04901727595014705,0.0657768714681882,-0.05125322120569255,1.5869336047904226
