2.1813223413465934,-0.0974788961371176,0.3124975171853755,-0.21552983348520768,0.19006710516475483,-0.15380286478920135,0.12336400163624793,-0.09491432497717159,0.06672189300485497,-0.047460150622712076
-0.0974788961371176,2.1747727102817382,-0.08997432862176594,0.3038997949244146,-0.20567496078560563,0.178793675606369,-0.14080122540356146,0.10886642223794896,-0.07642355980467352,0.05438421260610072
0.3124975171853755,-0.08997432862176594,2.166173976582984,-0.0801230580076034,0.2926080820865234,-0.19275786171073533,0.16389641124134913,-0.12418983011102191,0.0876800243266322,-0.06228553188320521
-0.21552983348520768,0.3038997949244146,-0.0801230580076034,2.154887718732443,-0.06718653180569495,0.2778094249310186,-0.17569051516863637,0.1448656342207947,-0.09991579680525045,0.07148969992271037
0.19006710516475483,-0.20567496078560563,0.2926080820865234,-0.06718653180569495,2.1400596411942088,-0.0502239615858944,0.2582468296573172,-0.1538755636911933,0.11704939988382375,-0.081324607314407
-0.15380286478920135,0.178793675606369,-0.19275786171073533,0.2778094249310186,-0.0502239615858944,2.12065571886772,-0.02784391997995183,0.2332988506514829,-0.12202180842328843,0.09593988430712931
0.12336400163624793,-0.14080122540356146,0.16389641124134913,-0.17569051516863637,0.2582468296573172,-0.02784391997995183,2.0948519690716614,0.0009621347548288768,0.19671997388624024,-0.09693235163864627
-0.09491432497717159,0.10886642223794896,-0.12418983011102191,0.1448656342207947,-0.1538755636911933,0.2332988506514829,0.0009621347548288768,2.0628885208231496,0.04248875451782607,0.17222239861471797
0.06672189300485497,-0.07642355980467352,0.0876800243266322,-0.09991579680525045,0.11704939988382375,-0.12202180842328843,0.19671997388624024,0.04248875451782607,2.0134985553971783,0.09055924438235767
-0.047460150622712076,0.05438421260610072,-0.06228553188320521,0.07148969992271037,-0.081324607314407,0.09593988430712931,-0.09693235163864627,0.17222239861471797,0.09055924438235767,2.052571693287243
