2.96890194703535,0.9767511590801938,-0.6887667578292103,-1.3650324236283677,-0.7802139909514039,0.22480749098421787,0.6959488290452919,0.42968711968354645,-0.04592638534248947,-0.17887441419652167
0.9767511590801938,2.8911684132342694,0.9403450240466324,-0.6370368674141194,-1.2542717316735978,-0.705771010456449,0.17949265095632377,0.5455339168485955,0.29730590483462604,-0.023749653207903326
-0.6887667578292103,0.9403450240466324,2.8317373163955546,0.9112533458088263,-0.599068778175021,-1.170002341237836,-0.6473899039119864,0.1472090419763426,0.4316666030777988,0.19455510763046202
-1.3650324236283677,-0.6370368674141194,0.9112533458088263,2.7302311088554614,0.8200492048609875,-0.5864529165576531,-1.0396959097360363,-0.4992797145707738,0.170051256608019,0.27456988165665036
-0.7802139909514039,-1.2542717316735978,-0.599068778175021,0.8200492048609875,2.567847809862335,0.7301880398191443,-0.4957646295476958,-0.8128510848385877,-0.3276718344837628,0.10132882218742237
0.22480749098421787,-0.705771010456449,-1.170002341237836,-0.5864529165576531,0.7301880398191443,2.4389636959240297,0.6807873809356997,-0.39620432339135814,-0.6256103318958608,-0.21702186895832865
0.6959488290452919,0.17949265095632377,-0.6473899039119864,-1.0396959097360363,-0.4957646295476958,0.6807873809356997,2.2630253134581224,0.5214214192331468,-0.37595284169446175,-0.4001744683495189
0.42968711968354645,0.5455339168485955,0.1472090419763426,-0.4992797145707738,-0.8128510848385877,-0.39620432339135814,0.5214214192331468,1.9376070884669707,0.31196794814521855,-0.23116361203139565
-0.04592638534248947,0.29730590483462604,0.4316666030777988,0.170051256608019,-0.3276718344837628,-0.6256103318958608,-0.37595284169446175,0.31196794814521855,1.6486826524884597,0.21127262448241618
-0.17887441419652167,-0.023749653207903326,0.19455510763046202,0.27456988165665036,0.10132882218742237,-0.21702186895832865,-0.4001744683495189,-0.23116361203139565,0.21127262448241618,1.34032936671072
