1.7136162115489995,-0.7410284391862464,0.5629379594123504,-0.3592137444703759,0.24120413091424275,-0.1590721085582929,0.10497797481629363,-0.06844645688223937,0.04378207339750333,-0.025521691993167527
-0.7410284391862464,1.7134575242167134,-0.7407895635365616,0.562578229063105,-0.358672727118888,0.24038698252591967,-0.1578549672218536,0.10308173460359786,-0.06590443659904127,0.03842429103860658
0.5629379594123504,-0.7407895635365616,1.7130979393435977,-0.740248053010539,0.5617638247404423,-0.35744264847422946,0.23855482466039676,-0.15500035437259624,0.09925595457887257,-0.05783542330564889
-0.3592137444703759,0.562578229063105,-0.740248053010539,1.7122824628523896,-0.7390216090943035,0.5599114429323732,-0.35468338442871966,0.23425675356548015,-0.14923516863969782,0.08712328478076037
0.24120413091424275,-0.358672727118888,0.5617638247404423,-0.7390216090943035,1.7104379829962963,-0.7362355568637085,0.5557624236105265,-0.3482154718053416,0.2256048996991061,-0.13089663795623915
-0.1590721085582929,0.24038698252591967,-0.35744264847422946,0.5599114429323732,-0.7362355568637085,1.7062307257740013,-0.7299650749082234,0.5460120484738997,-0.33505608404967824,0.19835527044355022
0.10497797481629363,-0.1578549672218536,0.23855482466039676,-0.35468338442871966,0.5557624236105265,-0.7299650749082234,1.6969095677547523,-0.7153506102781717,0.5268585924898398,-0.29227812066206865
-0.06844645688223937,0.10308173460359786,-0.15500035437259624,0.23425675356548015,-0.3482154718053416,0.5460120484738997,-0.7153506102781717,1.6745927536751464,-0.6832966581750071,0.4710474212257527
0.04378207339750333,-0.06590443659904127,0.09925595457887257,-0.14923516863969782,0.2256048996991061,-0.33505608404967824,0.5268585924898398,-0.6832966581750071,1.6420957374983225,-0.5572241648763961
-0.025521691993167527,0.03842429103860658,-0.05783542330564889,0.08712328478076037,-0.13089663795623915,0.19835527044355022,-0.29227812066206865,0.4710474212257527,-0.5572241648763961,1.658158584891798
