3.366251640764634,-0.2528552849238149,0.2562340622707898,-0.12162571908938753,0.06594360422316764,-0.03457061353582497,0.018009123824997073,-0.00890012343080553,0.0037393633129734786,0.0018321987715230379
-0.2528552849238149,3.366225998600224,-0.2528068747406069,0.2561426576588383,-0.12145322592960531,0.06561729830159471,-0.03396020011672994,0.0168076070929117,-0.0070591968766523985,-0.0034590474818957176
0.2562340622707898,-0.2528068747406069,3.3661346043716,-0.25263431075763354,0.25581700553278913,-0.12083718860356653,0.06446489101379038,-0.03169183787838524,0.013332121936626827,0.0065309925481742154
-0.12162571908938753,0.2561426576588383,-0.25263431075763354,3.3658087815248727,-0.25201943789289394,0.2546538486646298,-0.11866129356239155,0.06018195781246502,-0.025129463828659257,-0.012326028999265399
0.06594360422316764,-0.12145322592960531,0.25581700553278913,-0.25201943789289394,3.364648431613296,-0.24982439700282258,0.25054765799765266,-0.11057859162710088,0.047799712458164764,0.023307245624189746
-0.03457061353582497,0.06561729830159471,-0.12083718860356653,0.2546538486646298,-0.24982439700282258,3.3604960895056277,-0.24205648743564678,0.23525944585989123,-0.08713882109284989,-0.043686815165522565
0.018009123824997073,-0.03396020011672994,0.06446489101379038,-0.11866129356239155,0.25054765799765266,-0.24205648743564678,3.345966690486342,-0.21344096128149131,0.1915522656226209,0.0852317430386263
-0.00890012343080553,0.0168076070929117,-0.03169183787838524,0.06018195781246502,-0.11057859162710088,0.23525944585989123,-0.21344096128149131,3.289783250783426,-0.1261691763783445,-0.13693670506790162
0.0037393633129734786,-0.0070591968766523985,0.013332121936626827,-0.025129463828659257,0.047799712458164764,-0.08713882109284989,0.1915522656226209,-0.1261691763783445,3.1664265405457064,0.4673382831667564
0.0018321987715230379,-0.0034590474818957176,0.0065309925481742154,-0.012326028999265399,0.023307245624189746,-0.043686815165522565,0.0852317430386263,-0.13693670506790162,0.4673382831667564,1.8137034052310945
