2.202679706715783,0.43432244783860374,-0.3530849355299731,-0.3338515488705178,-0.09139291324165105,0.044386212778331526,0.051910570427885425,0.016273047334294723,-0.004815369982234181,-0.002212751778239017
0.43432244783860374,2.202622846792266,0.4342900031632416,-0.3529559053128619,-0.3334841235311413,-0.0911006801157402,0.04371686237431922,0.049582507762693004,0.01391670286764414,-0.001579284023865543
-0.3530849355299731,0.4342900031632416,2.2024713955757136,0.4340989121869978,-0.3528206530714464,-0.332564038177242,-0.08972913675501847,0.04331463336597481,0.04411076509204749,0.0043907373738016646
-0.3338515488705178,-0.3529559053128619,0.4340989121869978,2.201651467833293,0.4331169693090884,-0.35198370837116455,-0.32755344109681395,-0.08260186501720536,0.040443411280630136,0.014121430062324386
-0.09139291324165105,-0.3334841235311413,-0.3528206530714464,0.4331169693090884,2.1992355455270007,0.4316502061165578,-0.3466770132510899,-0.3119912750307611,-0.0696852357489261,0.013167019961802782
0.044386212778331526,-0.0911006801157402,-0.332564038177242,-0.35198370837116455,0.4316502061165578,2.193464596704027,0.42515371111541833,-0.3399603606500351,-0.2764927326703246,-0.021871365180148532
0.051910570427885425,0.04371686237431922,-0.08972913675501847,-0.32755344109681395,-0.3466770132510899,0.42515371111541833,2.1624563146302482,0.38553144691694885,-0.3132605208227245,-0.08839226143583079
0.016273047334294723,0.049582507762693004,0.04331463336597481,-0.08260186501720536,-0.3119912750307611,-0.3399603606500351,0.38553144691694885,2.060683827351068,0.3178078878138287,-0.10153053474976165
-0.004815369982234181,0.01391670286764414,0.04411076509204749,0.040443411280630136,-0.0696852357489261,-0.2764927326703246,-0.3132605208227245,0.3178078878138287,1.834901092078809,0.09884454131593162
-0.002212751778239017,-0.001579284023865543,0.0043907373738016646,0.014121430062324386,0.013167019961802782,-0.021871365180148532,-0.08839226143583079,-0.10153053474976165,0.09884454131593162,0.6778375318363434
