3.2953111800162085,-1.0671148327743645,0.4418239599834546,-0.19556028526368305,0.09217424827314148,-0.04576196441201897,0.0235827246462725,-0.012390318291764743,0.006428930895394274,-0.002956439378136091
-1.0671148327743645,3.295304701857235,-1.0671031478248012,0.4418028150987842,-0.19552181690423992,0.09210364999949304,-0.0456305720966331,0.023332788129985148,-0.011899164559598281,0.005418970417985246
0.4418239599834546,-1.0671031478248012,3.2952836230084563,-1.067064997367518,0.4417333893603724,-0.19539434644572112,0.09186623924206704,-0.04517846447052637,0.022442917308832896,-0.010065383652893545
-0.19556028526368305,0.4418028150987842,-1.067064997367518,3.295214555141686,-1.066939249732214,0.4415023329823125,-0.19496349273640617,0.0910442498978824,-0.043556288096409664,0.019088276511524466
0.09217424827314148,-0.19552181690423992,0.4417333893603724,-1.066939249732214,3.294985438195468,-1.066517732605671,0.440714780246828,-0.193456498785897,0.08805748261357278,-0.03734467559329144
-0.04576196441201897,0.09210364999949304,-0.19539434644572112,0.4415023329823125,-1.066517732605671,3.2942083959208164,-1.0650613368692412,0.4379146370134997,-0.18786910020240846,0.07633424847733253
0.0235827246462725,-0.0456305720966331,0.09186623924206704,-0.19496349273640617,0.440714780246828,-1.0650613368692412,3.291465212558168,-1.059748147740178,0.42720278401260703,-0.16509540174594084
-0.012390318291764743,0.023332788129985148,-0.04517846447052637,0.0910442498978824,-0.193456498785897,0.4379146370134997,-1.059748147740178,3.281062045058286,-1.0384604864149445,0.38110065992372244
0.006428930895394274,-0.011899164559598281,0.022442917308832896,-0.043556288096409664,0.08805748261357278,-0.18786910020240846,0.42720278401260703,-1.0384604864149445,3.2366327958793373,-0.9399397610454926
-0.002956439378136091,0.005418970417985246,-0.010065383652893545,0.019088276511524466,-0.03734467559329144,0.07633424847733253,-0.16509540174594084,0.38110065992372244,-0.9399397610454926,3.01218957070256
