0.7877877031786609,0.5345739244540639,0.483202842682932,0.39875159342659877,0.33804554128524006,0.2739781254347877,0.21745785811468155,0.16247048150026636,0.11028393189215457,0.059913324003256885
0.5345739244540639,0.771165007825638,0.5158453914116551,0.4621102284163938,0.3749776383267616,0.31129101795692243,0.24377745940755657,0.18357033849634932,0.12399820009735088,0.06759958347341669
0.483202842682932,0.5158453914116551,0.7500637783229682,0.4920807585652614,0.4353241826443365,0.3448342759081566,0.2772630625937751,0.2055997130664958,0.14021787236192754,0.07592022835726239
0.39875159342659877,0.4621102284163938,0.4920807585652614,0.7232991677018665,0.4619142019002358,0.401374656743799,0.3065139552391893,0.23426000782123937,0.15678892293162233,0.08604055126848215
0.33804554128524006,0.3749776383267616,0.4353241826443365,0.4619142019002358,0.6892963100423991,0.42365158971026295,0.35817646543121384,0.25805789737101476,0.17921333327382985,0.09579188747605502
0.2739781254347877,0.31129101795692243,0.3448342759081566,0.401374656743799,0.42365158971026295,0.6462308108912292,0.3750519501758655,0.3036153006399006,0.19617826977642072,0.11042018319066865
0.21745785811468155,0.24377745940755657,0.2772630625937751,0.3065139552391893,0.35817646543121384,0.3750519501758655,0.5913395011721222,0.31352956115755315,0.23361417729245493,0.11885322929906598
0.16247048150026636,0.18357033849634932,0.2055997130664958,0.23426000782123937,0.25805789737101476,0.3036153006399006,0.31352956115755315,0.5221597953988992,0.2353156927139201,0.14612407018580625
0.11028393189215457,0.12399820009735088,0.14021787236192754,0.15678892293162233,0.17921333327382985,0.19617826977642072,0.23361417729245493,0.2353156927139201,0.43262595908595697,0.13759707534893945
0.059913324003256885,0.06759958347341669,0.07592022835726239,0.08604055126848215,0.09579188747605502,0.11042018319066865,0.11885322929906598,0.14612407018580625,0.13759707534893945,0.3206840551127061
