0.36836914982001906,-0.07200910321138279,0.05691279749984092,0.0057410807720568065,0.01658405015186217,0.008180164930529234,0.007280230694572679,0.004624922465374694,0.0032088717074204615,0.00144371114881654
-0.07200910321138279,0.36827038993571304,-0.07213937015223529,0.0567399864593901,0.005514790144860015,0.01627889498459756,0.007795382326044565,0.006716556487361975,0.004045719048826474,0.0019471568386052408
0.05691279749984092,-0.07213937015223529,0.368098515970926,-0.0723672314813778,0.05644117556453028,0.0051131523110417125,0.015768601018025775,0.007059945342261731,0.005928140928312653,0.002454374388104103
0.0057410807720568065,0.0567399864593901,-0.0723672314813778,0.36779599357356224,-0.07276264819087266,0.05590575365597075,0.004444474318339647,0.014768760806237229,0.0060873994599528886,0.0035982012825993325
0.01658405015186217,0.005514790144860015,0.05644117556453028,-0.07276264819087266,0.36727527191960324,-0.07345596636941853,0.05500543840595125,0.003207514182038486,0.01327621685696264,0.003689899402149163
0.008180164930529234,0.01627889498459756,0.0051131523110417125,0.05590575365597075,-0.07345596636941853,0.366316732948842,-0.0745953334137234,0.053118703081196816,0.0018572872567739777,0.008066585434007173
0.007280230694572679,0.007795382326044565,0.015768601018025775,0.004444474318339647,0.05500543840595125,-0.0745953334137234,0.3646606059876253,-0.0763321001023553,0.049470356764416884,0.0010936890940672762
0.004624922465374694,0.006716556487361975,0.007059945342261731,0.014768760806237229,0.003207514182038486,0.053118703081196816,-0.0763321001023553,0.3600988824998897,-0.0755647191188148,0.030116343365978425
0.0032088717074204615,0.004045719048826474,0.005928140928312653,0.0060873994599528886,0.01327621685696264,0.0018572872567739777,0.049470356764416884,-0.0755647191188148,0.3443625083042316,-0.046148428549051955
0.00144371114881654,0.0019471568386052408,0.002454374388104103,0.0035982012825993325,0.003689899402149163,0.008066585434007173,0.0010936890940672762,0.030116343365978425,-0.046148428549051955,0.2183996873775756
