1.9764738515008,-0.800171843677378,0.47443591551910674,-0.28761337235040874,0.1743360737584,-0.1052296960925331,0.06276946513270244,-0.03620383670464251,0.01882609252377373,-0.006757541436984309
-0.800171843677378,1.9763127449672742,-0.7999067452867614,0.4739997000860931,-0.2868955864546635,0.1731549697221469,-0.10328625714115797,0.05957287326098236,-0.030978053665620127,0.011119433342178468
0.47443591551910674,-0.7999067452867614,1.9758765295316278,-0.7991889593179176,0.472818594133375,-0.28495209743340116,0.16995707000327526,-0.09802631304015175,0.05097392545230876,-0.018296861269551587
-0.28761337235040874,0.4739997000860931,-0.7991889593179176,1.9746954234657559,-0.7972454671548703,0.46962061204455396,-0.2796900013212322,0.16130191073042466,-0.08387687314307299,0.030107212915087236
0.1743360737584,-0.2868955864546635,0.472818594133375,-0.7972454671548703,1.9714974365135531,-0.7919832360083231,0.4609619124990866,-0.26544806766581086,0.13801922114175613,-0.04954100557106169
-0.1052296960925331,0.1731549697221469,-0.28495209743340116,0.46962061204455396,-0.7919832360083231,1.962838527939231,-0.7777354985553402,0.43752706146927284,-0.22713680466815842,0.08151995337240658
0.06276946513270244,-0.10328625714115797,0.16995707000327526,-0.2796900013212322,0.4609619124990866,-0.7777354985553402,1.939394692818277,-0.7391747874793395,0.37448787243467396,-0.13416519626301993
-0.03620383670464251,0.05957287326098236,-0.09802631304015175,0.16130191073042466,-0.26544806766581086,0.43752706146927284,-0.7391747874793395,1.875969366216541,-0.6354818637403856,0.22142851064874577
0.01882609252377373,-0.030978053665620127,0.05097392545230876,-0.08387687314307299,0.13801922114175613,-0.22713680466815842,0.37448787243467396,-0.6354818637403856,1.7063137546341758,-0.3816406067034763
-0.006757541436984309,0.011119433342178468,-0.018296861269551587,0.030107212915087236,-0.04954100557106169,0.08151995337240658,-0.13416519626301993,0.22142851064874577,-0.3816406067034763,1.2367900020335778
