4.3434129954132725,-0.4519125828579691,2.0072863772955953,-0.34000093092752687,1.1774721122801322,-0.23174669527082511,0.6490974431007097,-0.13548956929604816,0.2854580542452908,-0.049928520163459646
-0.4519125828579691,4.333250743425434,-0.44256122341091353,1.9909967585528192,-0.3255417141129421,1.151323974501083,-0.20945597480081443,0.6070609148332548,-0.1012447532913138,0.21776906295277765
2.0072863772955953,-0.44256122341091353,4.301954180496274,-0.42913817304836865,1.9397681561360574,-0.30670945534431565,1.067252311671386,-0.18387699992320272,0.46872245423626974,-0.06816933822047974
-0.34000093092752687,1.9909967585528192,-0.42913817304836865,4.275734499776637,-0.40857915329879835,1.8974928356170868,-0.27536698879190313,0.9989649804541614,-0.1363600476882223,0.35820314884610394
1.1774721122801322,-0.3255417141129421,1.9397681561360574,-0.40857915329879835,4.191782062538567,-0.38011431657066796,1.7595523199078729,-0.2374548375215258,0.7717061718250134,-0.08887109456044473
-0.23174669527082511,1.151323974501083,-0.30670945534431565,1.8974928356170868,-0.38011431657066796,4.123296043070871,-0.3374066241124929,1.6483698433607792,-0.17395958009509085,0.5908057726009697
0.6490974431007097,-0.20945597480081443,1.067252311671386,-0.27536698879190313,1.7595523199078729,-0.3374066241124929,3.896368346414718,-0.28190308789001817,1.2740294030547246,-0.10731012948129016
-0.13548956929604816,0.6070609148332548,-0.18387699992320272,0.9989649804541614,-0.2374548375215258,1.6483698433607792,-0.28190308789001817,3.714916152414686,-0.20193551419047745,0.9771625700027304
0.2854580542452908,-0.1012447532913138,0.46872245423626974,-0.1363600476882223,0.7717061718250134,-0.17395958009509085,1.2740294030547246,-0.20193551419047745,3.0966029950310614,-0.11136228212245897
-0.049928520163459646,0.21776906295277765,-0.06816933822047974,0.35820314884610394,-0.08887109456044473,0.5908057726009697,-0.10731012948129016,0.9771625700027304,-0.11136228212245897,2.608131101839099
