0.5023986052880322,0.03640501811192422,-0.03229047921595097,-0.011687395223165392,0.0013529247081073075,0.0017374793198786666,0.0002221721428069038,-0.00016327040228065264,-6.276301252072818e-05,4.38104964501358e-06
0.03640501811192422,0.5023986032633009,0.03640501539846719,-0.03229046766610988,-0.011687352103432719,0.0013529091340431405,0.0017370998209369792,0.00022160823264460316,-0.00016120628915399052,-5.441375769609648e-05
-0.03229047921595097,0.03640501539846719,0.502398581478675,0.03640499784491842,-0.03229032220959371,-0.01168694440275142,0.001352466657970005,0.001732974282343067,0.00021770255942991131,-0.0001347182046309888
-0.011687395223165392,-0.03229046766610988,0.03640499784491842,0.502398455470954,0.03640491144362086,-0.032289453308953886,-0.011684659263001242,0.0013495499014962698,0.0017090560085753395,0.00019792107960354732
0.0013529247081073075,-0.011687352103432719,-0.03229032220959371,0.03640491144362086,0.5023971136618122,0.03640317278970666,-0.0322816906722353,-0.011656371214977916,0.0013378218136561914,0.0014573413201793841
0.0017374793198786666,0.0013529091340431405,-0.01168694440275142,-0.032289453308953886,0.03640317278970666,0.5023868730514397,0.036398692469768304,-0.032206449517881916,-0.011482935882009342,0.0010407601619200498
0.0002221721428069038,0.0017370998209369792,0.001352466657970005,-0.011684659263001242,-0.0322816906722353,0.036398692469768304,0.5023155020595476,0.03630527367739268,-0.03179526408558492,-0.009973752285377405
-0.00016327040228065264,0.00022160823264460316,0.001732974282343067,0.0013495499014962698,-0.011656371214977916,-0.032206449517881916,0.03630527367739268,0.5015327294620484,0.03564129063061748,-0.026629177697149533
-6.276301252072818e-05,-0.00016120628915399052,0.00021770255942991131,0.0017090560085753395,0.0013378218136561914,-0.011482935882009342,-0.03179526408558492,0.03564129063061748,0.49697563933734457,0.0327540100073045
4.38104964501358e-06,-5.441375769609648e-05,-0.0001347182046309888,0.00019792107960354732,0.0014573413201793841,0.0010407601619200498,-0.009973752285377405,-0.026629177697149533,0.0327540100073045,0.44964959405979743
