2.021096442381211,0.41095201875168674,0.09420085071792278,0.019092381405925972,0.005259447128042638,0.0005972763773456348,0.0004108601283578908,9.038651896160131e-06,-0.00013600502856416055,0.00015181398013229067
0.41095201875168674,2.0210912154223455,0.41096099937702124,0.09418548377370006,0.01911895992242941,0.005214761104291409,0.0006781526639455472,0.0002909418933816057,0.00030001036218314396,-0.00025121290488251913
0.09420085071792278,0.41096099937702124,2.021075784588836,0.4109873993615649,0.09413980428816274,0.019195678051269205,0.005075532851811717,0.0008829758611645732,-0.00021447964535891323,0.00047321759952790525
0.019092381405925972,0.09418548377370006,0.4109873993615649,2.021030599676111,0.4110654995226366,0.09400826651424701,0.01943268992808029,0.00471959192496536,0.0017230666186770014,-0.0006223047631642755
0.005259447128042638,0.01911895992242941,0.09413980428816274,0.4110654995226366,2.0208952333688144,0.4112918129615184,0.09359279288934397,0.02002360517238376,0.0031546237166210096,0.001924254855717066
0.0005972763773456348,0.005214761104291409,0.019195678051269205,0.09400826651424701,0.4112918129615184,2.020509396771029,0.4119655457924809,0.0924886727424607,0.02215368385071663,0.0005598117554964881
0.0004108601283578908,0.0006781526639455472,0.005075532851811717,0.01943268992808029,0.09359279288934397,0.4119655457924809,2.019175853686158,0.4134545259566773,0.08632639378109694,0.016460168527619626
9.038651896160131e-06,0.0002909418933816057,0.0008829758611645732,0.00471959192496536,0.02002360517238376,0.0924886727424607,0.4134545259566773,2.014789558674417,0.4127238128765428,0.05032978122994726
-0.00013600502856416055,0.00030001036218314396,-0.00021447964535891323,0.0017230666186770014,0.0031546237166210096,0.02215368385071663,0.08632639378109694,0.4127238128765428,1.9650448919095902,0.26806100390760307
0.00015181398013229067,-0.00025121290488251913,0.00047321759952790525,-0.0006223047631642755,0.001924254855717066,0.0005598117554964881,0.016460168527619626,0.05032978122994726,0.26806100390760307,1.2821466630468812
