1.1581810093612455,0.431567518313873,0.20469378739040733,0.10893108929181117,0.06150438135040291,0.0355451984260707,0.02051374707223557,0.011437508053115945,0.00563762403020583,0.0015989739961993167
0.431567518313873,1.1581269897703113,0.4314766453656615,0.20454095773175018,0.10867422016535672,0.06107329890367903,0.03482441880941154,0.019319552989009763,0.009504146753751653,0.002695514200881906
0.20469378739040733,0.4314766453656615,1.1579741213436208,0.43121955224431724,0.20410884821035413,0.10794904971298075,0.05986081233011688,0.03281562146463509,0.01606763008273438,0.004556587289686522
0.10893108929181117,0.20454095773175018,0.43121955224431724,1.157541744693754,0.43049283837054214,0.20288928464932504,0.10590999761635436,0.05648284627589899,0.02734827511222108,0.007753905872320745
0.06150438135040291,0.10867422016535672,0.20410884821035413,0.43049283837054214,1.1563203405023503,0.4284431514348001,0.19946255509916522,0.10023418297486286,0.04730063041393101,0.013403854979037923
0.0355451984260707,0.06107329890367903,0.10794904971298075,0.20288928464932504,0.4284431514348001,1.1528809282150485,0.4226940581650104,0.18994433771853075,0.08485332641785931,0.024017364833575718
0.02051374707223557,0.03482441880941154,0.05986081233011688,0.10590999761635436,0.19946255509916522,0.4226940581650104,1.1432753213054592,0.40680828025406374,0.16434587675758625,0.04640977503130687
0.011437508053115945,0.019319552989009763,0.03281562146463509,0.05648284627589899,0.10023418297486286,0.18994433771853075,0.40680828025406374,1.1170747087990347,0.36488560296698175,0.10265752887533369
0.00563762403020583,0.009504146753751653,0.01606763008273438,0.02734827511222108,0.04730063041393101,0.08485332641785931,0.16434587675758625,0.36488560296698175,1.0512372770613199,0.2733538102028914
0.0015989739961993167,0.002695514200881906,0.004556587289686522,0.007753905872320745,0.013403854979037923,0.024017364833575718,0.04640977503130687,0.10265752887533369,0.2733538102028914,0.9474419731578037
