5.37215683788214,-3.03161964647505,1.3276800630423062,-0.1349533040391886,-0.5353240770085874,0.7771171577420383,-0.7270058060311985,0.5227236659882175,-0.28121582614814084,0.09094050615914889
-3.03161964647505,5.367339493379313,-3.02709230016248,1.3252574157846624,-0.13717545906968032,-0.5254949895858141,0.7569919269661471,-0.6953270753933294,0.4812575005220368,-0.23656820763754022
1.3276800630423062,-3.02709230016248,5.3573248308974595,-3.0106718599918643,1.303010926122219,-0.1121841407288077,-0.5467113470646947,0.763984717200857,-0.6742063086953861,0.4167735375869073
-0.1349533040391886,1.3252574157846624,-3.0106718599918643,5.3213760391184,-2.9520338135900746,1.2239035825471989,-0.023763617777541546,-0.6210572590358656,0.7869609649818301,-0.5964439171684841
-0.5353240770085874,-0.13717545906968032,1.303010926122219,-2.9520338135900746,5.217538360085639,-2.802886643034616,1.0450742418826149,0.14617590146727746,-0.7155960595590781,0.7123939325703239
0.7771171577420383,-0.5254949895858141,-0.1121841407288077,1.2239035825471989,-2.802886643034616,4.99407495087933,-2.523345806164879,0.7619605420926637,0.3368526924904456,-0.6728407160834288
-0.7270058060311985,0.7569919269661471,-0.5467113470646947,-0.023763617777541546,1.0450742418826149,-2.523345806164879,4.63040431412459,-2.1348571928357325,0.4643701189893269,0.36644555266077183
0.5227236659882175,-0.6953270753933294,0.763984717200857,-0.6210572590358656,0.14617590146727746,0.7619605420926637,-2.1348571928357325,4.18742225845962,-1.7482474838541333,0.3145371283001219
-0.28121582614814084,0.4812575005220368,-0.6742063086953861,0.7869609649818301,-0.7155960595590781,0.3368526924904456,0.4643701189893269,-1.7482474838541333,3.775181986468544,-1.433734747495644
0.09094050615914889,-0.23656820763754022,0.4167735375869073,-0.5964439171684841,0.7123939325703239,-0.6728407160834288,0.36644555266077183,0.3145371283001219,-1.433734747495644,3.273302497092126
