2.2300863381430625,1.0789397639321159,0.9101029199836692,0.6457086386968733,0.5347970114857231,0.37304682692589697,0.29605031998803244,0.1932297297619767,0.13285288865677608,0.06153329954018312
1.0789397639321159,2.223552859375681,1.0710102826713936,0.8993409990974337,0.6327024063879252,0.5170673420528699,0.351717277633402,0.2668369433827533,0.15825704306938007,0.08470932710055097
0.9101029199836692,1.0710102826713936,2.2128480569919247,1.0580012812204176,0.8817089101122348,0.6113634020772286,0.48802089954920763,0.3167203672698238,0.21897935172369037,0.10087123565366363
0.6457086386968733,0.8993409990974337,1.0580012812204176,2.195118521808872,1.0366670011645631,0.8524959918923676,0.5763826223111694,0.4398785123722549,0.25937588629882763,0.1396268236120598
0.5347970114857231,0.6327024063879252,0.8817089101122348,1.0366670011645631,2.1660718502702725,1.0016781616516255,0.80463761821148,0.5190106219667808,0.3610118555489024,0.16532071871495496
0.37304682692589697,0.5170673420528699,0.6113634020772286,0.8524959918923676,1.0016781616516255,2.117929853835073,0.9443199115222265,0.7252864242569113,0.4250024034132223,0.23019347424086906
0.29605031998803244,0.351717277633402,0.48802089954920763,0.5763826223111694,0.80463761821148,0.9443199115222265,2.039062530392384,0.8502882346125796,0.5952946805375136,0.27088310038948943
0.1932297297619767,0.2668369433827533,0.3167203672698238,0.4398785123722549,0.5190106219667808,0.7252864242569113,0.8502882346125796,1.908245286360661,0.6962089523791245,0.37958567043120245
0.13285288865677608,0.15825704306938007,0.21897935172369037,0.25937588629882763,0.3610118555489024,0.4250024034132223,0.5952946805375136,0.6962089523791245,1.693944609163503,0.44373364956251593
0.06153329954018312,0.08470932710055097,0.10087123565366363,0.1396268236120598,0.16532071871495496,0.23019347424086906,0.27088310038948943,0.37958567043120245,0.44373364956251593,1.3381775280319426
