3.8285508761301004,-2.510619574679318,0.6598502912062779,0.8957277816015636,-1.6426020662655563,1.5378750991362107,-0.9039306001203099,0.19381139040222028,0.24780241946205944,-0.32400130007317074
-2.510619574679318,3.7687616589003317,-2.389570724834685,0.5173957766636665,0.9957145548332655,-1.636038750994753,1.3923577575055859,-0.6455003985862031,-0.08646226943107117,0.41746350647508657
0.6598502912062779,-2.389570724834685,3.5479266313191347,-2.1456658437461402,0.3643296344036292,0.9511929465672015,-1.3499720682578127,0.9265265371078746,-0.17201866082638917,-0.3340349627610185
0.8957277816015636,0.5173957766636665,-2.1456658437461402,3.290235210736176,-1.9980801091728218,0.43731686951716253,0.6201746573822884,-0.8396001083545284,0.4312645819148751,0.056091036834805465
-1.6426020662655563,0.9957145548332655,0.3643296344036292,-1.9980801091728218,3.2235646605177886,-2.072666238969436,0.6632623100186364,0.3048661102860708,-0.5622479445556736,0.34289116028410915
1.5378750991362107,-1.636038750994753,0.9511929465672015,0.43731686951716253,-2.072666238969436,3.263089598092446,-2.045679424542049,0.5609511799553486,0.4567013154859987,-0.7044708587452917
-0.9039306001203099,1.3923577575055859,-1.3499720682578127,0.6201746573822884,0.6632623100186364,-2.045679424542049,2.9119373180074017,-1.4369354026006205,-0.08806068278030303,0.8358076186546898
0.19381139040222028,-0.6455003985862031,0.9265265371078746,-0.8396001083545284,0.3048661102860708,0.5609511799553486,-1.4369354026006205,1.9307628606430915,-0.44792990042767533,-0.5943108757092627
0.24780241946205944,-0.08646226943107117,-0.17201866082638917,0.4312645819148751,-0.5622479445556736,0.4567013154859987,-0.08806068278030303,-0.44792990042767533,0.9811294521133535,-0.024425816330162248
-0.32400130007317074,0.41746350647508657,-0.3340349627610185,0.056091036834805465,0.34289116028410915,-0.7044708587452917,0.8358076186546898,-0.5943108757092627,-0.024425816330162248,0.879275830502018
