9.648333073304874,-5.9300787161396045,2.868562201672335,-0.5238826786410034,-0.8341275508525944,1.3030985675912887,-1.1596066931675097,0.7186462271169571,-0.2525153145763494,-0.04238568670041626
-5.9300787161396045,9.619484260732532,-5.900376412320169,2.8511310784121133,-0.5375559101242038,-0.7686268581858131,1.1711862585577841,-0.9649972214676623,0.49756550414726236,-0.08511989043365342
2.868562201672335,-5.900376412320169,9.585951005248123,-5.875330761816546,2.853664177525735,-0.590519818467709,-0.6460115359713928,0.975469587696914,-0.7238548630468362,0.28400237178969184
-0.5238826786410034,2.8511310784121133,-5.875330761816546,9.558349008070024,-5.855832388722053,2.8584358211165,-0.6384847739813908,-0.5396060308429121,0.8093752092910501,-0.5236050794615081
-0.8341275508525944,-0.5375559101242038,2.853664177525735,-5.855832388722053,9.506722901607082,-5.768184383278175,2.744297204929128,-0.528062222376767,-0.5915158986303337,0.7275411911483468
1.3030985675912887,-0.7686268581858131,-0.590519818467709,2.8584358211165,-5.768184383278175,9.287036050885138,-5.403962547208388,2.2796396190199983,-0.09239556445114332,-0.7695062902047313
-1.1596066931675097,1.1711862585577841,-0.6460115359713928,-0.6384847739813908,2.744297204929128,-5.403962547208388,8.624845233548237,-4.493311224541266,1.329193005088647,0.48874889844001923
0.7186462271169571,-0.9649972214676623,0.975469587696914,-0.5396060308429121,-0.528062222376767,2.2796396190199983,-4.493311224541266,7.304715718805149,-3.0232342644012373,0.2648925728053374
-0.2525153145763494,0.49756550414726236,-0.7238548630468362,0.8093752092910501,-0.5915158986303337,-0.09239556445114332,1.329193005088647,-3.0232342644012373,5.548554751639876,-1.5516478833202112
-0.04238568670041626,-0.08511989043365342,0.28400237178969184,-0.5236050794615081,0.7275411911483468,-0.7695062902047313,0.48874889844001923,0.2648925728053374,-1.5516478833202112,4.001841368246651
