1.1943396274943219,0.293724690918296,0.3859673293339372,0.2837760386034146,0.24432477138945452,0.20209845724926273,0.17598554501921357,0.13727678004946484,0.1856472262168763,-0.09715169429127213
0.293724690918296,1.1975945419055944,0.2977421815466068,0.3908251495676959,0.2900699414814506,0.2506949724344298,0.21562082845846783,0.16877997343006887,0.228021782590623,-0.11933360442839913
0.3859673293339372,0.2977421815466068,1.202553169827377,0.3037384057372188,0.39859224819592665,0.2979381218456593,0.26736203806358033,0.20682462506153948,0.28037700041824,-0.14670517623345797
0.2837760386034146,0.3908251495676959,0.3037384057372188,1.2098023970923126,0.3131358272803719,0.40808314234445353,0.3181887459142808,0.25632005384095746,0.34346283127341015,-0.1798320392833372
0.24432477138945452,0.2900699414814506,0.39859224819592665,0.3131358272803719,1.2219537108395686,0.32553040158064817,0.43390673634074317,0.3056069825596744,0.4261347075097478,-0.22262433201037185
0.20209845724926273,0.2506949724344298,0.2979381218456593,0.40808314234445353,0.32553040158064817,1.2341101416309515,0.3533069014041993,0.41433477054477047,0.5060957678482119,-0.26644142855401465
0.17598554501921357,0.21562082845846783,0.26736203806358033,0.3181887459142808,0.43390673634074317,0.3533069014041993,1.2847494124980907,0.3464663730063082,0.6946795369908338,-0.3568857921334372
0.13727678004946484,0.16877997343006887,0.20682462506153948,0.25632005384095746,0.3056069825596744,0.41433477054477047,0.3464663730063082,1.2044035454999293,0.5485812995590401,-0.3149074470737112
0.1856472262168763,0.228021782590623,0.28037700041824,0.34346283127341015,0.4261347075097478,0.5060957678482119,0.6946795369908338,0.5485812995590401,2.0477640273607047,-0.9034995047828844
-0.09715169429127213,-0.11933360442839913,-0.14670517623345797,-0.1798320392833372,-0.22262433201037185,-0.26644142855401465,-0.3568857921334372,-0.3149074470737112,-0.9034995047828844,1.1491948635592786
