3.508282298675821,2.5473352125084165,1.4350508417072674,0.5598819192162343,0.0318218964446767,-0.19794852121860215,-0.2322934744511648,-0.1693442004532918,-0.08033903383665833,-0.00965923977799195
2.5473352125084165,3.505489500624956,2.5436252623053313,1.4316221714181137,0.559364382243948,0.03848078088220311,-0.1788068610467479,-0.19640082406228138,-0.11767201367434857,-0.025526320794003257
1.4350508417072674,2.5436252623053313,3.50059903348863,2.5391724535359366,1.4311199837206656,0.5684697482002226,0.06417251390496925,-0.13102639286332463,-0.12810835875704285,-0.046034408583101205
0.5598819192162343,1.4316221714181137,2.5391724535359366,3.496663857508613,2.5390359457022025,1.4399941426888987,0.5926802651218437,0.10850841516570042,-0.06852837810798643,-0.06398040178541683
0.0318218964446767,0.559364382243948,1.4311199837206656,2.5390359457022025,3.4974757412222126,2.541542185116685,1.4448344500289416,0.5998249203053455,0.1163750634510245,-0.0641297630613836
-0.19794852121860215,0.03848078088220311,0.5684697482002226,1.4399941426888987,2.541542185116685,3.483382024635779,2.497714962430988,1.35994682031378,0.4742277461432297,-0.022386201167834123
-0.2322934744511648,-0.1788068610467479,0.06417251390496925,0.5926802651218437,1.4448344500289416,2.497714962430988,3.3540283787247125,2.252411784111027,1.0033547742495805,0.09034151312405224
-0.1693442004532918,-0.19640082406228138,-0.13102639286332463,0.10850841516570042,0.5998249203053455,1.35994682031378,2.252411784111027,2.8930091594398415,1.5873994080015437,0.2957797972009768
-0.08033903383665833,-0.11767201367434857,-0.12810835875704285,-0.06852837810798643,0.1163750634510245,0.4742277461432297,1.0033547742495805,1.5873994080015437,1.9401899388139463,0.5840979474998655
-0.00965923977799195,-0.025526320794003257,-0.046034408583101205,-0.06398040178541683,-0.0641297630613836,-0.022386201167834123,0.09034151312405224,0.2957797972009768,0.5840979474998655,0.9009433846831433
