2.460643934089374,-0.29467487343472515,-0.19063518796055215,0.025839710121157083,0.01763723358915934,-0.002260184782952921,-0.0016306386432211664,0.00019730491721474776,0.00014718453575398075,-1.9071414538013868e-05
-0.29467487343472515,2.4606439310991646,-0.29467487284238136,-0.1906351553055925,0.025839705858646277,0.017636877125112575,-0.002260162287915209,-0.0016267490723597684,0.0001973214058721918,0.00010476097117533837
-0.19063518796055215,-0.29467487284238136,2.460643904211139,-0.29467488111336615,-0.19063486258693668,0.025839815778688005,0.01763369175794432,-0.0022615756586817646,-0.0015921005002311032,0.0002150700150124655
0.025839710121157083,-0.1906351553055925,-0.29467488111336615,2.4606435474772397,-0.2946748149149098,-0.19063096713056488,0.025839355977731626,0.01759117193426206,-0.002259422939925653,-0.0011281795602096248
0.01763723358915934,0.025839705858646277,-0.19063486258693668,-0.2946748149149098,2.4606403591667045,-0.294675751599846,-0.19059625436347158,0.025851909558267216,0.017213394856989788,-0.0024217806828553652
-0.002260184782952921,0.017636877125112575,0.025839815778688005,-0.19063096713056488,-0.294675751599846,2.46059780723887,-0.29466839953083673,-0.1901316332303997,0.02580299702365032,0.012142344922575536
-0.0016306386432211664,-0.002260162287915209,0.01763369175794432,0.025839355977731626,-0.19059625436347158,-0.29466839953083673,2.4602196799923233,-0.2947740464564262,-0.186014402185697,0.02723249338277465
0.00019730491721474776,-0.0016267490723597684,-0.0022615756586817646,0.01759117193426206,0.025851909558267216,-0.1901316332303997,-0.2947740464564262,2.455144810660332,-0.2939633685124341,-0.1306067588760417
0.00014718453575398075,0.0001973214058721918,-0.0015921005002311032,-0.002259422939925653,0.017213394856989788,0.02580299702365032,-0.186014402185697,-0.2939633685124341,2.4102915559621403,-0.3058252188162137
-1.9071414538013868e-05,0.00010476097117533837,0.0002150700150124655,-0.0011281795602096248,-0.0024217806828553652,0.012142344922575536,0.02723249338277465,-0.1306067588760417,-0.3058252188162137,1.8051458136208465
