3.327613055141645,-0.6523711923255624,0.3156349128253647,-0.013350124526353445,0.05166049819667794,0.014253507652289978,0.013531022972989496,0.006444791091886519,0.003764737344502377,0.0009539271013233113
-0.6523711923255624,3.327577300029335,-0.6524292932633255,0.3155401340641696,-0.013503466183570024,0.05140803322608872,0.013853053898130196,0.012843870580234071,0.005449946939651099,0.0017204148963132532
0.3156349128253647,-0.6524292932633255,3.3274828656076867,-0.6525832651205974,0.3152907592891331,-0.013913120236688142,0.05075510050956507,0.012743832573312009,0.011201354794502672,0.0022169439631897266
-0.013350124526353445,0.3155401340641696,-0.6525832651205974,3.327231554010603,-0.6529893744592783,0.31462044501147124,-0.014970592228460367,0.048920107780414585,0.0101541719951407,0.005619509330361211
0.05166049819667794,-0.013503466183570024,0.3152907592891331,-0.6529893744592783,3.3265721338625363,-0.6540667845648875,0.3128832191266673,-0.017851329594769705,0.04442089598869727,0.0021850840622305856
0.014253507652289978,0.05140803322608872,-0.013913120236688142,0.31462044501147124,-0.6540667845648875,3.3247736312797445,-0.65683537513054,0.307834093792808,-0.024183184898662197,0.0276092292340964
0.013531022972989496,0.013853053898130196,0.05075510050956507,-0.014970592228460367,0.3128832191266673,-0.65683537513054,3.320069171729734,-0.6637980275599948,0.2941155503342719,-0.03823905486229072
0.006444791091886519,0.012843870580234071,0.012743832573312009,0.048920107780414585,-0.017851329594769705,0.307834093792808,-0.6637980275599948,3.304411971221174,-0.6743058247182727,0.22527885398097855
0.003764737344502377,0.005449946939651099,0.011201354794502672,0.0101541719951407,0.04442089598869727,-0.024183184898662197,0.2941155503342719,-0.6743058247182727,3.24647972588604,-0.6273836190583473
0.0009539271013233113,0.0017204148963132532,0.0022169439631897266,0.005619509330361211,0.0021850840622305856,0.0276092292340964,-0.03823905486229072,0.22527885398097855,-0.6273836190583473,2.7734152478268
