3.9508641492544054,1.0199163375563605,1.1349745626698957,0.7059483078552796,0.5185093568571624,0.35287770149578523,0.23679213609054656,0.1465745610396064,0.07079336890380726,0.015581654245255452
1.0199163375563605,3.946706254653451,1.0140858747070167,1.1268028975810986,0.6944777344627088,0.5024823049425677,0.3301719132383757,0.20594478238852984,0.09916086085376061,0.021856015232915874
1.1349745626698957,1.0140858747070167,3.938530406988595,1.0026270596580658,1.1107180813416841,0.6720037993497123,0.4706419085020106,0.2869195894352744,0.1394423073868749,0.03060511785739511
0.7059483078552796,1.1268028975810986,1.0026270596580658,3.9224702992149476,0.980083662417732,1.0792189262371412,0.6273818087668905,0.4100058091894365,0.19378061724101195,0.043074676787081906
0.5185093568571624,0.6944777344627088,1.1107180813416841,0.980083662417732,3.890825179453235,0.9358720176531785,1.0165669520784895,0.5423341095731268,0.27898270769216693,0.05970451041570374
0.35287770149578523,0.5024823049425677,0.6720037993497123,1.0792189262371412,0.9358720176531785,3.82903548793666,0.8484002105746495,0.8974525819281098,0.3604590054019366,0.08661720015576639
0.23679213609054656,0.3301719132383757,0.4706419085020106,0.6273818087668905,1.0165669520784895,0.8484002105746495,3.704827204168799,0.680845464441421,0.634736535235791,0.10919874317659135
0.1465745610396064,0.20594478238852984,0.2869195894352744,0.4100058091894365,0.5423341095731268,0.8974525819281098,0.680845464441421,3.472203327579644,0.3449880373686629,0.2047020227795775
0.07079336890380726,0.09916086085376061,0.1394423073868749,0.19378061724101195,0.27898270769216693,0.3604590054019366,0.634736535235791,0.3449880373686629,2.8644000562638183,0.06961659031792787
0.015581654245255452,0.021856015232915874,0.03060511785739511,0.043074676787081906,0.05970451041570374,0.08661720015576639,0.10919874317659135,0.2047020227795775,0.06961659031792787,1.0981247207362705
