0.9431663913136421,0.641401959929383,0.4928957064199937,0.37030199627026383,0.2773739973794857,0.20459723227581997,0.14710098311618686,0.10050549617707843,0.061387051182696564,0.02676949356748904
0.641401959929383,0.9401838124201346,0.6374884693879301,0.4877607448857666,0.3635643530371491,0.2685332973045329,0.19299782046996555,0.13187816073915756,0.0805463224166739,0.03512481441480202
0.4928957064199937,0.6374884693879301,0.9350488574803828,0.6307508023901176,0.4789201729877681,0.35196432603019734,0.25331351870737306,0.17302370960646082,0.1056893861091478,0.04608729238601257
0.37030199627026383,0.4877607448857666,0.6307508023901176,0.9262082430469472,0.6191509286693295,0.4636995676284198,0.33199418331376196,0.2271051112024871,0.1386610263185848,0.06047467641793906
0.2773739973794857,0.3635643530371491,0.4789201729877681,0.6191509286693295,0.9109879120480818,0.5991797972322234,0.43749649287402703,0.2976059048323291,0.18201703674524203,0.0793362163318243
0.20459723227581997,0.2685332973045329,0.35196432603019734,0.4636995676284198,0.5991797972322234,0.8847830676239807,0.5647978961598188,0.3923740213093466,0.23844618800410255,0.10416531427797876
0.14710098311618686,0.19299782046996555,0.25331351870737306,0.33199418331376196,0.43749649287402703,0.5647978961598188,0.839672010716551,0.5055970440068125,0.31474416577574443,0.13634798636537254
0.10050549617707843,0.13187816073915756,0.17302370960646082,0.2271051112024871,0.2976059048323291,0.3923740213093466,0.5055970440068125,0.7619685287884107,0.40376417189880615,0.18052209354484636
0.061387051182696564,0.0805463224166739,0.1056893861091478,0.1386610263185848,0.18201703674524203,0.23844618800410255,0.31474416577574443,0.40376417189880615,0.6282213587690834,0.2289140736609053
0.02676949356748904,0.03512481441480202,0.04608729238601257,0.06047467641793906,0.0793362163318243,0.10416531427797876,0.13634798636537254,0.18052209354484636,0.2289140736609053,0.39257944610294115
