4.808935349569224,1.8914540444700112,-0.8089752328553419,-0.9843807142302932,-0.13893683812971255,0.27482841401232333,0.16101645320694036,-0.022217446981487875,-0.053803926409727,-0.012907131727316948
1.8914540444700112,4.808534927493429,1.8912949453240666,-0.8079965919870782,-0.9827046878657427,-0.13973837766936406,0.2689191436156933,0.15606815723218487,-0.010987744271909992,-0.025407118558091746
-0.8089752328553419,1.8912949453240666,4.807766752532734,1.890812827899839,-0.8063377091137249,-0.9792402106413323,-0.14032678490736739,0.25802424648029904,0.14433472948872272,0.006491487240205854
-0.9843807142302932,-0.8079965919870782,1.890812827899839,4.804298884616714,1.8879433429576167,-0.7997049930146527,-0.9626239831241592,-0.13926432275094774,0.2105697237640674,0.08258771508659493
-0.13893683812971255,-0.9827046878657427,-0.8063377091137249,1.8879433429576167,4.795885038152857,1.8859699487188393,-0.7774491691112275,-0.929335775158136,-0.16345652596037785,0.08298294794878314
0.27482841401232333,-0.13973837766936406,-0.9792402106413323,-0.7997049930146527,1.8859699487188393,4.773980524590802,1.864699252173279,-0.7394407199881696,-0.8199497394159426,-0.13986448701248877
0.16101645320694036,0.2689191436156933,-0.14032678490736739,-0.9626239831241592,-0.7774491691112275,1.864699252173279,4.682382268068692,1.8139597027592678,-0.5332952382796647,-0.41634644921393793
-0.022217446981487875,0.15606815723218487,0.25802424648029904,-0.13926432275094774,-0.929335775158136,-0.7394407199881696,1.8139597027592678,4.508143470301897,1.7476084868884236,-0.10389483032249416
-0.053803926409727,-0.010987744271909992,0.14433472948872272,0.2105697237640674,-0.16345652596037785,-0.8199497394159426,-0.5332952382796647,1.7476084868884236,3.821149480672295,1.0935809446795726
-0.012907131727316948,-0.025407118558091746,0.006491487240205854,0.08258771508659493,0.08298294794878314,-0.13986448701248877,-0.41634644921393793,-0.10389483032249416,1.0935809446795726,1.7528636897692327
