3.5053715419620226,-1.0657241473758545,-0.03402890115327865,0.5063689302750836,-0.5668023713698933,0.4270198615463363,-0.23770216127725063,0.08153102443517699,0.009871270100004683,-0.03401086438941565
-1.0657241473758545,3.504650623837502,-1.0654474934362095,-0.03311529365819557,0.5033385954525053,-0.5609184301723412,0.4184543183720987,-0.2285839186308872,0.07706292728400345,0.0008620583820622537
-0.03402890115327865,-1.0654474934362095,3.5043636565400282,-1.0653229888681102,-0.03278941278517086,0.5021989193897898,-0.5586652251721401,0.4151269624944991,-0.22496799185982458,0.07513314383232743
0.5063689302750836,-0.03311529365819557,-1.0653229888681102,3.501957392377056,-1.0592832048638328,-0.04318467168706184,0.5157705906219414,-0.5706720473069866,0.41579316109014897,-0.1993947163649787
-0.5668023713698933,0.5033385954525053,-0.03278941278517086,-1.0592832048638328,3.4853445978880506,-1.0293732544134555,-0.08397557131320982,0.5548938627104627,-0.5806514222063484,0.35298397246716834
0.4270198615463363,-0.5609184301723412,0.5021989193897898,-0.04318467168706184,-1.0293732544134555,3.4304044681633106,-0.9530690013985356,-0.15945879896802073,0.5796013395162698,-0.4738000994382059
-0.23770216127725063,0.4184543183720987,-0.5586652251721401,0.5157705906219414,-0.08397557131320982,-0.9530690013985356,3.3227218731582266,-0.84374885980811,-0.20167442917428613,0.44175490951489654
0.08153102443517699,-0.2285839186308872,0.4151269624944991,-0.5706720473069866,0.5548938627104627,-0.15945879896802073,-0.84374885980811,3.207230223653853,-0.7890424613586589,-0.08260643188820661
0.009871270100004683,0.07706292728400345,-0.22496799185982458,0.41579316109014897,-0.5806514222063484,0.5796013395162698,-0.20167442917428613,-0.7890424613586589,3.1595441681112715,-0.7882294912239249
-0.03401086438941565,0.0008620583820622537,0.07513314383232743,-0.1993947163649787,0.35298397246716834,-0.4738000994382059,0.44175490951489654,-0.08260643188820661,-0.7882294912239249,2.8864451242464346
