3.6862511533030826,-2.243896677421206,1.5367534855462173,-1.049933931723827,0.7148086460077645,-0.4830106087138488,0.321035216891056,-0.2054689313776512,0.1196292776090696,-0.05163372066494631
-2.243896677421206,3.68405623265245,-2.2406936406995186,1.532079310092767,-1.043112931016603,0.704854796994684,-0.46848507806744377,0.29983978304913034,-0.17457440616904363,0.0753488301879652
1.5367534855462173,-2.2406936406995186,3.679382057193069,-2.233872639850721,1.5221254578942405,-1.0285873289626817,0.6836577628107762,-0.43755468752771276,0.2547555570138788,-0.10995617083165574
-1.049933931723827,1.532079310092767,-2.233872639850721,3.669428204800574,-2.2193470331667258,1.500928319532598,-0.9976546030911544,0.6385211987345657,-0.371763502164435,0.16045848959612707
0.7148086460077645,-1.043112931016603,1.5221254578942405,-2.2193470331667258,3.6482310600953505,-2.1884141558719317,1.4557883483980176,-0.9317870423702536,0.5425124530867548,-0.23415626482786991
-0.4830106087138488,0.704854796994684,-1.0285873289626817,1.500928319532598,-2.1884141558719317,3.6030908814984772,-2.1225416429613033,1.3596681773408288,-0.7916820035386198,0.34170292889194237
0.321035216891056,-0.46848507806744377,0.6836577628107762,-0.9976546030911544,1.4557883483980176,-2.1225416429613033,3.5069639255352434,-1.9822746463033512,1.1552145647542362,-0.49864231196600783
-0.2054689313776512,0.29983978304913034,-0.43755468752771276,0.6385211987345657,-0.9317870423702536,1.3596681773408288,-1.9822746463033512,3.3022884174447604,-1.6839382397521552,0.7275976021097481
0.1196292776090696,-0.17457440616904363,0.2547555570138788,-0.371763502164435,0.5425124530867548,-0.7916820035386198,1.1552145647542362,-1.6839382397521552,2.867414520906736,-1.0602415050975598
-0.05163372066494631,0.0753488301879652,-0.10995617083165574,0.16045848959612707,-0.23415626482786991,0.34170292889194237,-0.49864231196600783,0.7275976021097481,-1.0602415050975598,1.9644858749432603
