2.910769634298356,0.7437503170001252,0.14313632109911834,0.004046681649123233,-0.009454162798223677,-0.004433816306862964,-0.0011898134512539765,-0.00017078062766039446,1.7944105688261033e-05,1.7630030255058962e-05
0.7437503170001252,2.910769634120465,0.7437503169151443,0.1431363228970395,0.00404669272444794,-0.009454124198092164,-0.004433743148139267,-0.0011898995122385362,-0.00017219247367003984,1.1196907497641103e-05
0.14313632109911834,0.7437503169151443,2.9107696326489076,0.7437503098223521,0.14313630226249557,0.004046668575331633,-0.009453995064216437,-0.004432717387140767,-0.0011858474186204704,-0.00016276570566751264
0.004046681649123233,0.1431363228970395,0.7437503098223521,2.91076957029091,0.7437500538208165,0.1431356754730674,0.004046452542340402,-0.009447196761412027,-0.004392183097566406,-0.0010473595871142495
-0.009454162798223677,0.00404669272444794,0.14313630226249557,0.7437500538208165,2.9107684110476337,0.7437468790032022,0.14313282706071084,0.004071139678048609,-0.009273663181670088,-0.0037429218896735256
-0.004433816306862964,-0.009454124198092164,0.004046668575331633,0.1431356754730674,0.7437468790032022,2.910758767725549,0.7437338076092619,0.1431832540859652,0.004518167433585794,-0.0074331059808816855
-0.0011898134512539765,-0.004433743148139267,-0.009453995064216437,0.004046452542340402,0.14313282706071084,0.7437338076092619,2.910722481511035,0.7436989798927568,0.14345278700492264,0.006460384677215583
-0.00017078062766039446,-0.0011898995122385362,-0.004432717387140767,-0.009447196761412027,0.004071139678048609,0.1431832540859652,0.7436989798927568,2.909885423430032,0.7394919985818298,0.13075719369633731
1.7944105688261033e-05,-0.00017219247367003984,-0.0011858474186204704,-0.004392183097566406,-0.009273663181670088,0.004518167433585794,0.14345278700492264,0.7394919985818298,2.883068069194663,0.6441584457076729
1.7630030255058962e-05,1.1196907497641103e-05,-0.00016276570566751264,-0.0010473595871142495,-0.0037429218896735256,-0.0074331059808816855,0.006460384677215583,0.13075719369633731,0.6441584457076729,2.515325324114053
