2.1322101664966624,0.2512587152085147,-0.13369216747708104,-0.03611862680215931,0.00854935846838499,0.0041308059197271065,-0.000365681857226387,-0.0004117473105039604,-6.677498137179727e-06,4.0144409955984084e-05
0.2512587152085147,2.1322101658069013,0.251258716189778,-0.1336921588076974,-0.036118628111207376,0.008549261579965627,0.004130714215397627,-0.00036471550226988773,-0.0004096791889511898,-1.5052473507981479e-05
-0.13369216747708104,0.251258716189778,2.1322101783491023,0.25125871912245823,-0.13369229369218338,-0.036118808134733046,0.008550549560315479,0.004134107042103895,-0.0003751808580007166,-0.0004584983231284555
-0.03611862680215931,-0.1336921588076974,0.25125871912245823,2.132210086106463,0.251258585802691,-0.1336914240693975,-0.036116387750888865,0.008543625476828402,0.004099873639302851,-0.00033643725127646034
0.00854935846838499,-0.036118628111207376,-0.13369229369218338,0.251258585802691,2.132211425239406,0.2512615204205706,-0.13370295449945999,-0.03616132828374646,0.008621360436112235,0.004679833307795241
0.0041308059197271065,0.008549261579965627,-0.036118808134733046,-0.1336914240693975,0.2512615204205706,2.1322050643740713,0.25122224188690234,-0.1336759379461529,-0.03569925999840673,0.00882997662134318
-0.000365681857226387,0.004130714215397627,0.008550549560315479,-0.036116387750888865,-0.13370295449945999,0.25122224188690234,2.1322890006745725,0.2517466518933489,-0.13402575926941546,-0.04185644628410981
-0.0004117473105039604,-0.00036471550226988773,0.004134107042103895,0.008543625476828402,-0.03616132828374646,-0.1336759379461529,0.2517466518933489,2.1325658970328916,0.24627588220019428,-0.14306643614412928
-6.677498137179727e-06,-0.0004096791889511898,-0.0003751808580007166,0.004099873639302851,0.008621360436112235,-0.03569925999840673,-0.13402575926941546,0.24627588220019428,2.1304257260769104,0.3041680254392426
4.0144409955984084e-05,-1.5052473507981479e-05,-0.0004584983231284555,-0.00033643725127646034,0.004679833307795241,0.00882997662134318,-0.04185644628410981,-0.14306643614412928,0.3041680254392426,2.2933752885068124
