1.5842138277148037,-0.11185867673124517,-0.5266484509044298,-0.08245448410459902,0.16031576751432064,0.06410694905122107,-0.03949071790026613,-0.028335054778154213,0.007330343582991956,0.004022941320201153
-0.11185867673124517,1.584137961132889,-0.11178793558113043,-0.5263783542442793,-0.08248028969474754,0.1595062262281081,0.0636381126522262,-0.037431717213004055,-0.0255750253330726,0.0031478535876074167
-0.5266484509044298,-0.11178793558113043,1.5837998232522867,-0.11222285909413318,-0.5256791516151881,-0.08073436898387358,0.15862985236623905,0.05792791410095101,-0.03870220613384864,-0.00968179316389958
-0.08245448410459902,-0.5263783542442793,-0.11222285909413318,1.5827150962217833,-0.1116768662859865,-0.522130434761371,-0.07994876594485212,0.14875001726499493,0.048978277386787006,-0.01574482185090211
0.16031576751432064,-0.08248028969474754,-0.5256791516151881,-0.1116768662859865,1.5810316126378468,-0.11441060789385446,-0.5190316406575993,-0.06984645420269099,0.14645650411957015,0.017805876592265003
0.06410694905122107,0.1595062262281081,-0.08073436898387358,-0.522130434761371,-0.11441060789385446,1.5687845542448076,-0.11463040526794777,-0.48325930908617115,-0.04514018707042789,0.058155786231942605
-0.03949071790026613,0.0636381126522262,0.15862985236623905,-0.07994876594485212,-0.5190316406575993,-0.11463040526794777,1.5595480617745128,-0.12019850660426692,-0.459914296818602,-0.013106550793708743
-0.028335054778154213,-0.037431717213004055,0.05792791410095101,0.14875001726499493,-0.06984645420269099,-0.48325930908617115,-0.12019850660426692,1.4508838394922392,-0.17695848564868358,-0.17938467722950266
0.007330343582991956,-0.0255750253330726,-0.03870220613384864,0.048978277386787006,0.14645650411957015,-0.04514018707042789,-0.459914296818602,-0.17695848564868358,1.344235202873596,-0.08221881279917728
0.004022941320201153,0.0031478535876074167,-0.00968179316389958,-0.01574482185090211,0.017805876592265003,0.058155786231942605,-0.013106550793708743,-0.17938467722950266,-0.08221881279917728,0.5851770112086341
