1.2417599663501968,-0.2880086193772758,0.3008935231814664,-0.22887270274132648,0.19423844259414058,-0.15201312272335177,0.11737106180908102,-0.08304671857223825,0.0529113547578601,-0.01833984394580249
-0.2880086193772758,1.2332143826141224,-0.2781335131282165,0.2894640195463481,-0.21569471525461406,0.17890277571030086,-0.13456502513266855,0.0964091308609927,-0.061027924189542636,0.02124129066685008
0.3008935231814664,-0.2781335131282165,1.2218028868664512,-0.26492583912991946,0.274235681954507,-0.19797342433286338,0.15873922491481884,-0.11034425422832878,0.0709578200381617,-0.024449732870899306
-0.22887270274132648,0.2894640195463481,-0.26492583912991946,1.2065161590362705,-0.24730080616690941,0.25372411793654104,-0.17463847769639565,0.13069918137511422,-0.08090593060900024,0.028568411929177574
0.19423844259414058,-0.21569471525461406,0.274235681954507,-0.24730080616690941,1.1861939242743518,-0.22365374489903722,0.2268125007636589,-0.14232788545145691,0.09670369069698648,-0.03218196691208305
-0.15201312272335177,0.17890277571030086,-0.19797342433286338,0.25372411793654104,-0.22365374489903722,1.1586684105287774,-0.19235517851057063,0.18915810869019975,-0.10291719906797667,0.0395796591947707
0.11737106180908102,-0.13456502513266855,0.15873922491481884,-0.17463847769639565,0.2268125007636589,-0.19235517851057063,1.1230045666137574,-0.14966301721013656,0.14389799654893976,-0.03910123878206882
-0.08304671857223825,0.0964091308609927,-0.11034425422832878,0.13069918137511422,-0.14232788545145691,0.18915810869019975,-0.14966301721013656,1.0712901392876302,-0.09648717798609004,0.06387680726459237
0.0529113547578601,-0.061027924189542636,0.0709578200381617,-0.08090593060900024,0.09670369069698648,-0.10291719906797667,0.14389799654893976,-0.09648717798609004,1.0121969463087206,-0.021482312911185276
-0.01833984394580249,0.02124129066685008,-0.024449732870899306,0.028568411929177574,-0.03218196691208305,0.0395796591947707,-0.03910123878206882,0.06387680726459237,-0.021482312911185276,0.8763773769252264
