0.7477101268699766,-0.41958051692437265,0.2769846800860346,-0.17620595494827976,0.11427730923689747,-0.07337802463031437,0.047385950396525725,-0.030501806831415866,0.019791043602510737,-0.012572379373593453
-0.41958051692437265,0.7477134181841525,-0.4195859040240325,0.276992213105145,-0.1762201193579667,0.11429192983309902,-0.07342267538818145,0.04738981596635517,-0.030702873072199252,0.01952172048063513
0.2769846800860346,-0.4195859040240325,0.7477222195782023,-0.41959825665458894,0.2770152901473628,-0.1762443080624233,0.11436414978860368,-0.07343142966288954,0.047711454857195676,-0.03028393971820422
-0.17620595494827976,0.276992213105145,-0.41959825665458894,0.747739428165948,-0.41963082800916873,0.27704838423644884,-0.17634773515439317,0.11436952998662123,-0.07390227580737725,0.0470637790432679
0.11427730923689747,-0.1762201193579667,0.2770152901473628,-0.41963082800916873,0.7477996741301023,-0.4196954706699105,0.2772347900591854,-0.17638055378773684,0.11518510425969336,-0.07288913233382642
-0.07337802463031437,0.11429192983309902,-0.1762443080624233,0.27704838423644884,-0.4196954706699105,0.7478604549994143,-0.41990773519251107,0.277212803920068,-0.17739405435065098,0.11363566981073728
0.047385950396525725,-0.07342267538818145,0.11436414978860368,-0.17634773515439317,0.2772347900591854,-0.41990773519251107,0.7484197041850462,-0.4200909843851839,0.2795385525848615,-0.17491974391426496
-0.030501806831415866,0.04738981596635517,-0.07343142966288954,0.11436952998662123,-0.17638055378773684,0.277212803920068,-0.4200909843851839,0.7480562219802775,-0.42145803994855363,0.27590407403489536
0.019791043602510737,-0.030702873072199252,0.047711454857195676,-0.07390227580737725,0.11518510425969336,-0.17739405435065098,0.2795385525848615,-0.42145803994855363,0.7568641438864863,-0.4152016046368227
-0.012572379373593453,0.01952172048063513,-0.03028393971820422,0.0470637790432679,-0.07288913233382642,0.11363566981073728,-0.17491974391426496,0.27590407403489536,-0.4152016046368227,0.7489851700424328
