0.5911325490200179,-0.1070031795486769,0.1658256174473763,-0.07873646311032792,0.06995046412141823,-0.04363266258629136,0.03388348607164078,-0.025030219199388293,0.01968571455608216,-0.020429384802724593
-0.1070031795486769,0.5914713608191106,-0.10748100977625655,0.1665427405874185,-0.07970252289375471,0.0715157949789697,-0.045464790814638514,0.03759012415659255,-0.027731449188871188,0.030178580090109736
0.1658256174473763,-0.10748100977625655,0.5921471897091953,-0.1084903445197557,0.16791428689947702,-0.08189328430323808,0.07415003130127279,-0.05057898275897919,0.04169949621834282,-0.04180813991472138
-0.07873646311032792,0.1665427405874185,-0.1084903445197557,0.5936671698902919,-0.11052555231674745,0.17124508968991903,-0.08571835462177502,0.08211419532454894,-0.055982183127931545,0.0646646402850432
0.06995046412141823,-0.07970252289375471,0.16791428689947702,-0.11052555231674745,0.5964644210724517,-0.11490976645237233,0.17670541707699036,-0.09575535535702298,0.09122313215232807,-0.08251473853880996
-0.04363266258629136,0.0715157949789697,-0.08189328430323808,0.17124508968991903,-0.11490976645237233,0.6038426215200687,-0.1229369018866494,0.19481449701753137,-0.10563152598241328,0.14596707139669846
0.03388348607164078,-0.045464790814638514,0.07415003130127279,-0.08571835462177502,0.17670541707699036,-0.1229369018866494,0.6150578283670416,-0.1400376154732494,0.2172070540355533,-0.14363410677063482
-0.025030219199388293,0.03759012415659255,-0.05057898275897919,0.08211419532454894,-0.09575535535702298,0.19481449701753137,-0.1400376154732494,0.6622306939507928,-0.15207128134306727,0.3741609773746974
0.01968571455608216,-0.027731449188871188,0.04169949621834282,-0.055982183127931545,0.09122313215232807,-0.10563152598241328,0.2172070540355533,-0.15207128134306727,0.7301107854571947,-0.12419077335298069
-0.020429384802724593,0.030178580090109736,-0.04180813991472138,0.0646646402850432,-0.08251473853880996,0.14596707139669846,-0.14363410677063482,0.3741609773746974,-0.12419077335298069,1.3235058948793792
