5.4143727995491115,3.8283139737568357,2.80935596449036,2.043637390534934,1.4743368810504005,1.0474920967717896,0.7219039327674407,0.46606800213272737,0.25471920996013625,0.058880817052987644
3.8283139737568357,5.4008652102700845,3.80990323447812,2.7842622691726313,2.0094348670510493,1.427718919058884,0.9839491597790108,0.6352470473492755,0.3471803028442392,0.08025409609091208
2.80935596449036,3.80990323447812,5.3757715156228025,3.7757007226537835,2.737644495302826,1.945894946921612,1.3411103894531609,0.8658364979908667,0.47320403663933286,0.10938570864476492
2.043637390534934,2.7842622691726313,3.7757007226537835,5.32915375639935,3.712161057235142,2.651040075344534,1.8278481905763253,1.1801237445355546,0.6449731280185114,0.14909185892023286
1.4743368810504005,2.0094348670510493,2.737644495302826,3.712161057235142,5.242549656400665,3.594119865221402,2.490143208485565,1.6084245700745539,0.8790885999767363,0.20321085240210388
1.0474920967717896,1.427718919058884,1.945894946921612,2.651040075344534,3.594119865221402,5.081659779278098,3.3748178013475885,2.191069327015045,1.1981146062579116,0.27697172178351803
0.7219039327674407,0.9839491597790108,1.3411103894531609,1.8278481905763253,2.490143208485565,3.3748178013475885,4.782738593379429,2.9671633251987464,1.6317975822529234,0.3774607615778486
0.46606800213272737,0.6352470473492755,0.8658364979908667,1.1801237445355546,1.6084245700745539,2.191069327015045,2.9671633251987464,4.226802587809739,2.2045204246548202,0.5136820206974937
0.25471920996013625,0.3471803028442392,0.47320403663933286,0.6449731280185114,0.8790885999767363,1.1981146062579116,1.6317975822529234,2.2045204246548202,3.181558530155938,0.68741754499012
0.058880817052987644,0.08025409609091208,0.10938570864476492,0.14909185892023286,0.20321085240210388,0.27697172178351803,0.3774607615778486,0.5136820206974937,0.68741754499012,1.22402902381458
