3.8608512818735816,-1.142886413305489,0.7134675462628883,-0.4728165105290666,0.3144515473395385,-0.20821074924360858,0.13632661556823253,-0.08692586006720332,0.05182112935430854,-0.02458480036124546
-1.142886413305489,3.8602996601067963,-1.142060703809128,0.7122315613208986,-0.47096639326279466,0.31168213721106186,-0.2040650599556574,0.13011731112589375,-0.07756981875563743,0.036800402768449494
0.7134675462628883,-1.142060703809128,3.8590636752101988,-1.1402105873608448,0.7094621648102329,-0.46682092914211026,0.30547655356652276,-0.19477049989464482,0.11611247556671903,-0.05508565129852387
-0.4728165105290666,0.7122315613208986,-1.1402105873608448,3.856294279822253,-1.1360651434720936,0.7032569179853264,-0.45753193831364103,0.2915637473173438,-0.1738069947714317,0.08245647128081851
0.3144515473395385,-0.47096639326279466,0.7094621648102329,-1.1360651434720936,3.8500890607664364,-1.1267766530553587,0.689352442551214,-0.436706181236885,0.2601839736556739,-0.1234283019061284
-0.20821074924360858,0.31168213721106186,-0.46682092914211026,0.7032569179853264,-1.1267766530553587,3.8361852721662517,-1.105963273041024,0.6581787212480812,-0.3897345151306427,0.1847762633058222
0.13632661556823253,-0.2040650599556574,0.30547655356652276,-0.45753193831364103,0.689352442551214,-1.105963273041024,3.8050285388468263,-1.059297738193648,0.5878674599395044,-0.2769073506658497
-0.08692586006720332,0.13011731112589375,-0.19477049989464482,0.2915637473173438,-0.436706181236885,0.6581787212480812,-1.059297738193648,3.735137454205447,-0.9540423500085824,0.4197862134976685
0.05182112935430854,-0.07756981875563743,0.11611247556671903,-0.1738069947714317,0.2601839736556739,-0.3897345151306427,0.5878674599395044,-0.9540423500085824,3.5774487555020205,-0.7157809000019522
-0.02458480036124546,0.036800402768449494,-0.05508565129852387,0.08245647128081851,-0.1234283019061284,0.1847762633058222,-0.2769073506658497,0.4197862134976685,-0.7157809000019522,3.441148902543861
