3.799851745325661,-0.927912134813965,-0.06574909749866793,0.125626669438997,-0.03351029815255708,-0.0032005681975713026,0.004801786437148665,-0.0012032215920899465,-0.00011336451653884147,6.89611358183299e-05
-0.927912134813965,3.799851727071264,-0.9279121065746403,-0.06574901682200743,0.12562618420195037,-0.033509610096331105,-0.003198242228942455,0.004788919411742164,-0.001186638323341628,-4.687023287609246e-05
-0.06574909749866793,-0.9279121065746403,3.7998512585090216,-0.9279109999909962,-0.06574805229955545,0.12561353676938217,-0.033481542166956396,-0.0031669881906867653,0.004448446442674785,-0.00047812715763320115
0.125626669438997,-0.06574901682200743,-0.9279109999909962,3.7998473331027,-0.9279094752850894,-0.06571752296377864,0.12551148112240726,-0.033457567148222164,-0.002327861699884208,0.00180301285327865
-0.03351029815255708,0.12562618420195037,-0.06574805229955545,-0.9279094752850894,3.799834326914584,-0.9278853549688142,-0.0656716337981938,0.12516373818104792,-0.03285828392963559,-0.0009687322154685225
-0.0032005681975713026,-0.033509610096331105,0.12561353676938217,-0.06571752296377864,-0.9278853549688142,3.799492614966023,-0.9271097407167634,-0.06487724674312355,0.11595605065915587,-0.013244794567043652
0.004801786437148665,-0.003198242228942455,-0.033481542166956396,0.12551148112240726,-0.0656716337981938,-0.9271097407167634,3.7968361506185406,-0.9263160670325943,-0.04352672845259262,0.047011181112627545
-0.0012032215920899465,0.004788919411742164,-0.0031669881906867653,-0.033457567148222164,0.12516373818104792,-0.06487724674312355,-0.9263160670325943,3.787463394470782,-0.9062178196071629,-0.0183294895347074
-0.00011336451653884147,-0.001186638323341628,0.004448446442674785,-0.002327861699884208,-0.03285828392963559,0.11595605065915587,-0.04352672845259262,-0.9062178196071629,3.53912825482481,-0.3654221600210109
6.89611358183299e-05,-4.687023287609246e-05,-0.00047812715763320115,0.00180301285327865,-0.0009687322154685225,-0.013244794567043652,0.047011181112627545,-0.0183294895347074,-0.3654221600210109,1.7474444947010455
