153.88019971760014,129.72408561673024,94.35257194777833,63.34779006107175,40.21114519432769,24.172508465242245,13.416028567254545,6.301166008734804,1.8468617190082872,0.13420097977590906
129.72408561673024,153.64687234686775,129.33537101186562,93.71804847880473,62.339320446803804,38.66660349835622,21.934586690795374,10.463729424521942,3.1041832810272076,0.22694542518431457
94.35257194777833,129.33537101186562,152.99924166736227,128.2781045995853,92.03749046446742,59.764970977485675,34.935529544275845,17.009999150996276,5.124396449635328,0.3775059426156525
63.34779006107175,93.71804847880473,128.2781045995853,151.27303450638018,125.53380804786926,87.83270558249131,53.66868964813237,26.883918050622793,8.266504945274955,0.6150214964578349
40.21114519432769,62.339320446803804,92.03749046446742,125.53380804786926,146.90926502700756,118.84564339846203,78.13127702347523,40.84447807755443,12.928353189697335,0.9749027507517665
24.172508465242245,38.66660349835622,59.764970977485675,87.83270558249131,118.84564339846203,136.6541327502416,103.96004978110209,58.429810624550555,19.34075462720545,1.487496220593166
13.416028567254545,21.934586690795374,34.935529544275845,53.66868964813237,78.13127702347523,103.96004978110209,115.02425434115558,75.27704656593734,26.977411056256717,2.14245234855652
6.301166008734804,10.463729424521942,17.009999150996276,26.883918050622793,40.84447807755443,58.429810624550555,75.27704656593734,76.85567649606367,33.07510266638832,2.795551449119956
1.8468617190082872,3.1041832810272076,5.124396449635328,8.266504945274955,12.928353189697335,19.34075462720545,26.977411056256717,33.07510266638832,29.283042299235827,2.94592338036863
0.13420097977590906,0.22694542518431457,0.3775059426156525,0.6150214964578349,0.9749027507517665,1.487496220593166,2.14245234855652,2.795551449119956,2.94592338036863,1.3345921191909074
