2.0290992605538354,-0.3505036126026626,0.17466189667294157,-0.10885048976487455,0.0719011483059723,-0.047851709562727295,0.0314906217364468,-0.020059363336330224,0.011733317121766116,-0.0050989273860750535
-0.3505036126026626,2.0289279384767034,-0.35025010952966273,0.1742867900486006,-0.10829543761815424,0.07107976049902032,-0.04663572286397108,0.02968724057035697,-0.017362437323711483,0.0075449101073345026
0.17466189667294157,-0.35025010952966273,2.0285528332414895,-0.3496950690834484,0.17346548652245536,-0.10708004060118742,0.06928048029098474,-0.043967280617884456,0.025696617603767936,-0.011164792536611776
-0.10885048976487455,0.1742867900486006,-0.3496950690834484,2.027731543986963,-0.34847979227518955,0.171667072198935,-0.10441765663040531,0.06533198976489502,-0.03806227247391272,0.016525225040228717
0.0719011483059723,-0.10829543761815424,0.17346548652245536,-0.34847979227518955,2.025933276287266,-0.34581864330515055,0.16772747760090212,-0.09857489002131839,0.05659345764980091,-0.024485755800232618
-0.047851709562727295,0.07107976049902032,-0.10708004060118742,0.171667072198935,-0.34581864330515055,2.021995188073702,-0.33998856485200946,0.1590803405097469,-0.08563783069648591,0.03646463546560945
0.0314906217364468,-0.04663572286397108,0.06928048029098474,-0.10441765663040531,0.16772747760090212,-0.33998856485200946,2.0133635272817756,-0.32718186115831593,0.13989049291565786,-0.05557684605926528
-0.020059363336330224,0.02968724057035697,-0.043967280617884456,0.06533198976489502,-0.09857489002131839,0.1590803405097469,-0.32718186115831593,1.9943326801572785,-0.2984601247650488,0.09348880251181026
0.011733317121766116,-0.017362437323711483,0.025696617603767936,-0.03806227247391272,0.05659345764980091,-0.08563783069648591,0.13989049291565786,-0.2984601247650488,1.9495645294619113,-0.21646306939578358
-0.0050989273860750535,0.0075449101073345026,-0.011164792536611776,0.016525225040228717,-0.024485755800232618,0.03646463546560945,-0.05557684605926528,0.09348880251181026,-0.21646306939578358,1.7356317738886573
