1.7139333176763236,0.4209279637863892,0.1386922178910697,0.027111756428311196,0.015367095947966328,-0.00044172658180294467,0.0028166682472195517,-0.0009267743044870427,0.0005817654599552969,-9.949194458985263e-05
0.4209279637863892,1.7139213070968264,0.4209469894899802,0.1386621899773461,0.027159537527891447,0.015292439720640483,-0.0003202593200861086,0.0026362537617735937,-0.000599754063696383,0.0002108944279008083
0.1386922178910697,0.4209469894899802,1.713891140507471,0.4209945008794891,0.13858623524323965,0.0272769740748006,0.015096938943130269,-4.5075789292515276e-05,0.002080369056083858,-0.00014509570574122005
0.027111756428311196,0.1386621899773461,0.4209945008794891,1.7138159597213478,0.4211134426769112,0.13839798142535345,0.027574653004080883,0.014625250755394378,0.0006988829789521408,0.0008948042452478345
0.015367095947966328,0.027159537527891447,0.13858623524323965,0.4211134426769112,1.7136233865037718,0.4214027208108668,0.1378858479934517,0.028193065069762963,0.012969785613492362,0.0009305253303707663
-0.00044172658180294467,0.015292439720640483,0.0272769740748006,0.13839798142535345,0.4214027208108668,1.7131353596191907,0.4220680176717898,0.13645610754997511,0.029125382918602255,0.006803675472390473
0.0028166682472195517,-0.0003202593200861086,0.015096938943130269,0.027574653004080883,0.1378858479934517,0.4220680176717898,1.7115710806598445,0.4227386717209721,0.12903022903486472,0.01842571739643248
-0.0009267743044870427,0.0026362537617735937,-4.5075789292515276e-05,0.014625250755394378,0.028193065069762963,0.13645610754997511,0.4227386717209721,1.7048960609056965,0.4134993505108343,0.07380743348012128
0.0005817654599552969,-0.000599754063696383,0.002080369056083858,0.0006988829789521408,0.012969785613492362,0.029125382918602255,0.12903022903486472,0.4134993505108343,1.6454827264909808,0.2463818231326646
-9.949194458985263e-05,0.0002108944279008083,-0.00014509570574122005,0.0008948042452478345,0.0009305253303707663,0.006803675472390473,0.01842571739643248,0.07380743348012128,0.2463818231326646,1.0122579097934319
