2.931860642905532,-0.06775121187931835,-1.5614244680487608,0.13165621317278692,0.9966431238506366,-0.13703435815209142,-0.5823635028832049,0.10562216130734463,0.2608290538891175,-0.04554449238934041
-0.06775121187931835,2.910779404176579,-0.06338860762124643,-1.5309202904926276,0.12274964597433072,0.9527183606541623,-0.12036666416828373,-0.5194310145219985,0.07602172339461355,0.17113598759048768
-1.5614244680487608,-0.06338860762124643,2.8688543277377065,-0.0663131194450311,-1.469297337795422,0.12194180299724075,0.8625645219827183,-0.11173796331598365,-0.38815178687483587,0.052546092378420874
0.13165621317278692,-1.5309202904926276,-0.0663131194450311,2.8244354964053366,-0.05836279097750535,-1.4049215150902032,0.10498502541376747,0.769714046040822,-0.0792433081155375,-0.2548956126396377
0.9966431238506366,0.12274964597433072,-1.469297337795422,-0.05836279097750535,2.7335583054463464,-0.06249695789474185,-1.2715291392280825,0.10002064812484518,0.5748277597138483,-0.05587910252808302
-0.13703435815209142,0.9527183606541623,0.12194180299724075,-1.4049215150902032,-0.06249695789474185,2.639648788263206,-0.048688084929586276,-1.1351791597377807,0.0685420600329894,0.37780117676091984
-0.5823635028832049,-0.12036666416828373,0.8625645219827183,0.10498502541376747,-1.2715291392280825,-0.048688084929586276,2.443211987242401,-0.05268124635788194,-0.8472513544406155,0.050607896117532136
0.10562216130734463,-0.5194310145219985,-0.11173796331598365,0.769714046040822,0.10002064812484518,-1.1351791597377807,-0.05268124635788194,2.2439153361163386,-0.030374713076334395,-0.5573086536547092
0.2608290538891175,0.07602172339461355,-0.38815178687483587,-0.0792433081155375,0.5748277597138483,0.0685420600329894,-0.8472513544406155,-0.030374713076334395,1.820525402197465,-0.02806463205434359
-0.04554449238934041,0.17113598759048768,0.052546092378420874,-0.2548956126396377,-0.05587910252808302,0.37780117676091984,0.050607896117532136,-0.5573086536547092,-0.02806463205434359,1.3958370533100746
