2.7274799174240196,-1.5774525256840992,1.2931861430129628,-1.094024298114356,0.9198887987960405,-0.7573374445460807,0.6024496412695333,-0.453262613271605,0.30812965210635546,-0.16490416752177628
-1.5774525256840992,2.669664122652313,-1.5137781908385213,1.223059557556955,-1.016791356422376,0.8348279618723125,-0.6636483822595579,0.49922295647651627,-0.3393589637125166,0.1816153652977649
1.2931861430129628,-1.5137781908385213,2.5995375952236044,-1.4365455989387876,1.1380005143491667,-0.9231112088098821,0.7316452826652498,-0.5499616304811947,0.3737773706099472,-0.20002508566554986
-1.094024298114356,1.223059557556955,-1.4365455989387876,2.5144788668697817,-1.342867349286026,1.034827567778156,-0.8094728277216214,0.6064384694732761,-0.41180463173476617,0.22032571255851624
0.9198887987960405,-1.016791356422376,1.1380005143491667,-1.342867349286026,2.411307628684695,-1.2292392664567662,0.9096735635078355,-0.6715782865427352,0.4542823830838786,-0.24280872376080637
-0.7573374445460807,0.8348279618723125,-0.9231112088098821,1.034827567778156,-1.2292392664567662,2.286162894052932,-1.09140060324864,0.7578040163654967,-0.5040064635800536,0.2681872978172735
0.6024496412695333,-0.6636483822595579,0.7316452826652498,-0.8094728277216214,0.9096735635078355,-1.09140060324864,2.1343436436250416,-0.9241319720794574,0.573263682408598,-0.2991789727250246
-0.453262613271605,0.49922295647651627,-0.5499616304811947,0.6064384694732761,-0.6715782865427352,0.7578040163654967,-0.9241319720794574,1.9500762177722355,-0.7209495886324838,0.34829556007232215
0.30812965210635546,-0.3393589637125166,0.3737773706099472,-0.41180463173476617,0.4542823830838786,-0.5040064635800536,0.573263682408598,-0.7209495886324838,1.7265888846703243,-0.47621379563079935
-0.16490416752177628,0.1816153652977649,-0.20002508566554986,0.22032571255851624,-0.24280872376080637,0.2681872978172735,-0.2991789727250246,0.34829556007232215,-0.47621379563079935,1.4719746339002662
