0.17184699163996556,0.08917304732261425,0.047435246961434016,0.002755333861535502,-0.03294453370732525,-0.052246617487234526,-0.0533616865522411,-0.03966914457718444,-0.018016564827665865,0.003635157638068057
0.08917304732261425,0.16473843549569644,0.08178554131588053,0.041851026593526394,0.0010251501641004755,-0.02940522050099762,-0.04321963623850499,-0.04017302097379545,-0.02516887259713284,-0.006110846373300501
0.047435246961434016,0.08178554131588053,0.15811404736334572,0.07803127191646855,0.042738022342637176,0.007394154613460782,-0.018108597662278923,-0.029113959770927764,-0.026695227879640654,-0.016386904256030805
0.002755333861535502,0.041851026593526394,0.07803127191646855,0.15771464696116116,0.08189704934234071,0.05075447145783725,0.01821265833658013,-0.006970731435377376,-0.020819995544082478,-0.024330238076621245
-0.03294453370732525,0.0010251501641004755,0.042738022342637176,0.08189704934234071,0.16414018438438666,0.08961976244503271,0.05783568163582361,0.022441310686184397,-0.007499575703402156,-0.027078743845770296
-0.052246617487234526,-0.02940522050099762,0.007394154613460782,0.05075447145783725,0.08961976244503271,0.16925388244791845,0.09001978899458028,0.05228989019173665,0.011154910373478665,-0.02260344381701153
-0.0533616865522411,-0.04321963623850499,-0.018108597662278923,0.01821265833658013,0.05783568163582361,0.09001978899458028,0.16127482966063217,0.07399845104748236,0.030981463775944112,-0.010495725741113031
-0.03966914457718444,-0.04017302097379545,-0.029113959770927764,-0.006970731435377376,0.022441310686184397,0.05228989019173665,0.07399845104748236,0.13695714057204053,0.046492023436826596,0.007530260978583437
-0.018016564827665865,-0.02516887259713284,-0.026695227879640654,-0.020819995544082478,-0.007499575703402156,0.011154910373478665,0.030981463775944112,0.046492023436826596,0.10978432280750364,0.027633575813335736
0.003635157638068057,-0.006110846373300501,-0.016386904256030805,-0.024330238076621245,-0.027078743845770296,-0.02260344381701153,-0.010495725741113031,0.007530260978583437,0.027633575813335736,0.10208981674029907
