1.424431745880659,0.4788805025961268,0.32654882498118704,0.23179014790759062,0.16461154687432866,0.11587840899932672,0.08003303233507701,0.05308128435137389,0.03203526181250477,0.014644296883661673
0.4788805025961268,1.4236030419331591,0.4777257315244738,0.3249396903886322,0.22954787360130055,0.1614870203074757,0.11152457086146372,0.0739670900740538,0.04464006887149214,0.020406335912243754
0.32654882498118704,0.4777257315244738,1.4219939072935215,0.47548345660411856,0.32181515657721976,0.22519395094544997,0.15542009333382156,0.10307188439068093,0.06220454028191529,0.0284355518536976
0.23179014790759062,0.3249396903886322,0.47548345660411856,1.4188693727178525,0.4711295239806124,0.3157481120081125,0.21673989255810588,0.14364155944640367,0.08668116745450444,0.039624091686110544
0.16461154687432866,0.22954787360130055,0.32181515657721976,0.4711295239806124,1.4128023157431466,0.46267530379585564,0.30396766928265584,0.2003269063381381,0.12080165312265626,0.05521608126447368
0.11587840899932672,0.1614870203074757,0.22519395094544997,0.3157481120081125,0.46267530379585564,1.4010216716469905,0.44625969124087533,0.2810967782349145,0.16850033970930886,0.07695622343121654
0.08003303233507701,0.11152457086146372,0.15542009333382156,0.21673989255810588,0.30396766928265584,0.44625969124087533,1.3781475119010047,0.41439049330240624,0.23674839695642155,0.10740448428167897
0.05308128435137389,0.0739670900740538,0.10307188439068093,0.14364155944640367,0.2003269063381381,0.2810967782349145,0.41439049330240624,1.3337460723164258,0.35260263607267023,0.1516282418962789
0.03203526181250477,0.04464006887149214,0.06220454028191529,0.08668116745450444,0.12080165312265626,0.16850033970930886,0.23674839695642155,0.35260263607267023,1.2477646619080833,0.2341637163094974
0.014644296883661673,0.020406335912243754,0.0284355518536976,0.039624091686110544,0.05521608126447368,0.07695622343121654,0.10740448428167897,0.1516282418962789,0.2341637163094974,1.0847410418840568
