3.1785433963340815,-0.5960514412356955,-1.719845480248943,0.9580209193699107,0.8157138572947067,-0.8593747107398783,-0.2165534015672862,0.5176228316309579,-0.048326642862133146,-0.10651342465914473
-0.5960514412356955,3.1487783729628935,-0.5921332619383386,-1.679647769467353,0.9335947355816724,0.7704197721496404,-0.8035884476742572,-0.1788000827071001,0.42108860743195475,-0.05627874028245323
-1.719845480248943,-0.5921332619383386,3.0764452484591858,-0.5636717856260384,-1.5908631494025274,0.851669307933111,0.6835267590463869,-0.6470412260749749,-0.12964974431050827,0.1768863324854407
0.9580209193699107,-1.679647769467353,-0.5636717856260384,3.006294824304295,-0.570900330633983,-1.4883875784423097,0.8137168299812415,0.5566305033498209,-0.5337991554146841,-0.003647357210657871
0.8157138572947067,0.9335947355816724,-1.5908631494025274,-0.570900330633983,2.8842954927448505,-0.5033532598136194,-1.3478255485441073,0.6522535874666042,0.433990168248335,-0.24811454403789002
-0.8593747107398783,0.7704197721496404,0.851669307933111,-1.4883875784423097,-0.5033532598136194,2.7078161671094527,-0.515812228017447,-1.0927161376300845,0.549952976960373,0.12176120896906936
-0.2165534015672862,-0.8035884476742572,0.6835267590463869,0.8137168299812415,-1.3478255485441073,-0.515812228017447,2.5151462495091055,-0.40766384588557325,-0.871423129932485,0.29320346295466376
0.5176228316309579,-0.1788000827071001,-0.6470412260749749,0.5566305033498209,0.6522535874666042,-1.0927161376300845,-0.40766384588557325,2.1040096907001047,-0.36718176229287686,-0.3097725892855495
-0.048326642862133146,0.42108860743195475,-0.12964974431050827,-0.5337991554146841,0.433990168248335,0.549952976960373,-0.871423129932485,-0.36718176229287686,1.7724364241678945,-0.2685233595117873
-0.10651342465914473,-0.05627874028245323,0.1768863324854407,-0.003647357210657871,-0.24811454403789002,0.12176120896906936,0.29320346295466376,-0.3097725892855495,-0.2685233595117873,0.9328108642353334
