1.5642139269176318,0.6354641515648926,0.004231317538799654,-0.17449069317716145,-0.1141266043967767,-0.02523423225664518,0.015323723701574227,0.016585706969614613,0.006206522622950472,0.00013956568569270975
0.6354641515648926,1.564185383574875,0.635416300108327,0.004222561322274458,-0.17433947646187217,-0.1137441821399178,-0.024888582116679374,0.014755160176606576,0.01402672769381277,0.002304400371114014
0.004231317538799654,0.635416300108327,1.564076865972273,0.6353359323847672,0.004425023048238711,-0.1735813739432357,-0.11271014287102994,-0.025205911063756338,0.010311578389283486,0.004849066398515062
-0.17449069317716145,0.004222561322274458,0.6353359323847672,1.563921691926332,0.6352638251117578,0.0048139196831868845,-0.17242009748374093,-0.11140853496343923,-0.026347453604258338,0.0029954707637072833
-0.1141266043967767,-0.17433947646187217,0.004425023048238711,0.6352638251117578,1.563028495856113,0.6334488726779376,0.0038027481382078682,-0.1682609700283778,-0.09812864415628116,-0.010429838933385265
-0.02523423225664518,-0.1137441821399178,-0.1735813739432357,0.0048139196831868845,0.6334488726779376,1.5574211350208793,0.6269384820012115,0.00879152855390987,-0.13334092084712992,-0.034950154890509004
0.015323723701574227,-0.024888582116679374,-0.11271014287102994,-0.17242009748374093,0.0038027481382078682,0.6269384820012115,1.545932982133154,0.6236092495406224,0.04224711819476064,-0.043742661182172016
0.016585706969614613,0.014755160176606576,-0.025205911063756338,-0.11140853496343923,-0.1682609700283778,0.00879152855390987,0.6236092495406224,1.5203202188536324,0.5760872074258306,0.023749729950810535
0.006206522622950472,0.01402672769381277,0.010311578389283486,-0.026347453604258338,-0.09812864415628116,-0.13334092084712992,0.04224711819476064,0.5760872074258306,1.2900679941681263,0.2119458150300662
0.00013956568569270975,0.002304400371114014,0.004849066398515062,0.0029954707637072833,-0.010429838933385265,-0.034950154890509004,-0.043742661182172016,0.023749729950810535,0.2119458150300662,0.5110676679589008
