5.5242080744323925,0.1554868547912418,1.9582684781964559,0.27040665636946715,0.831144533397502,0.1926651459509956,0.35272207317093773,0.10059655532028515,0.1347953202580445,0.021030804223173057
0.1554868547912418,5.521551613961992,0.1529633363667653,1.952482129347604,0.2657921343646678,0.8183109407695109,0.1848134044715683,0.3236380395047178,0.08912319970216301,0.06723847849311425
1.9582684781964559,0.1529633363667653,5.518616499935326,0.1476065854730983,1.9467574465083435,0.254289530469461,0.8074200140259246,0.15974885097627706,0.30374676991367344,0.03350697867314589
0.27040665636946715,1.952482129347604,0.1476065854730983,5.505976123144621,0.1379042639669072,1.9186237995072934,0.23808017435388185,0.743401211155672,0.13709819427772402,0.15436500987031088
0.831144533397502,0.2657921343646678,1.9467574465083435,0.1379042639669072,5.4946165497687565,0.11732830783237064,1.8964273590966776,0.193951162213957,0.7010511528215504,0.04108740503356621
0.1926651459509956,0.8183109407695109,0.254289530469461,1.9186237995072934,0.11732830783237064,5.431734453231838,0.08379052062576489,1.7526368101909986,0.150036304058001,0.3637178172842537
0.35272207317093773,0.1848134044715683,0.8074200140259246,0.23808017435388185,1.8964273590966776,0.08379052062576489,5.386627304161858,0.014186557651148887,1.661348234495506,0.004975404683088307
0.10059655532028515,0.3236380395047178,0.15974885097627706,0.743401211155672,0.193951162213957,1.7526368101909986,0.014186557651148887,5.055981315305794,-0.06856520273946969,0.8809054239910967
0.1347953202580445,0.08912319970216301,0.30374676991367344,0.13709819427772402,0.7010511528215504,0.150036304058001,1.661348234495506,-0.06856520273946969,4.8561019159759855,-0.21724800537432404
0.021030804223173057,0.06723847849311425,0.03350697867314589,0.15436500987031088,0.04108740503356621,0.3637178172842537,0.004975404683088307,0.8809054239910967,-0.21724800537432404,3.001836209229557
