9.988367142116306,6.362638960299875,6.017916890498493,4.299868069301505,3.677762067883955,2.676052156624484,2.0904154940947173,1.4016393076963904,0.8986892588553936,0.3194318142952633
6.362638960299875,9.897856720403881,6.253794842180793,5.8817019199307765,4.13891406779565,3.471234881546221,2.4407721841843046,1.7725900464234434,1.0662452820352555,0.3952907997976626
6.017916890498493,6.253794842180793,9.76648625731957,6.0902449725471035,5.686978192924024,3.891729956272516,3.1851577697161004,2.062780165497846,1.3602551681230726,0.47475615825386486
4.299868069301505,5.8817019199307765,6.0902449725471035,9.561350034121059,5.84864026555332,5.3755314277794275,3.5393239859701247,2.7045849070235204,1.56284863382916,0.5952224406096613
3.677762067883955,4.13891406779565,5.686978192924024,5.84864026555332,9.272283268865971,5.484242255066633,4.949486588715254,2.9843993239834976,2.086218843779029,0.7014702194021618
2.676052156624484,3.471234881546221,3.891729956272516,5.3755314277794275,5.484242255066633,8.79813618939465,4.95509257086218,4.213921235280881,2.2412198723963126,0.903461750428969
2.0904154940947173,2.4407721841843046,3.1851577697161004,3.5393239859701247,4.949486588715254,4.95509257086218,8.165958929955378,4.156513915347911,3.28306532424062,1.023589795760253
1.4016393076963904,1.7725900464234434,2.062780165497846,2.7045849070235204,2.9843993239834976,4.213921235280881,4.156513915347911,7.012886800097343,3.057955592010397,1.3933692809989682
0.8986892588553936,1.0662452820352555,1.3602551681230726,1.56284863382916,2.086218843779029,2.2412198723963126,3.28306532424062,3.057955592010397,5.600809078245855,1.453423690136158
0.3194318142952633,0.3952907997976626,0.47475615825386486,0.5952224406096613,0.7014702194021618,0.903461750428969,1.023589795760253,1.3933692809989682,1.453423690136158,2.398976965736746
