1.3969153627618192,-0.570935829528394,0.4683408058683147,-0.38615295026656044,0.3165115609158079,-0.2553847744816567,0.20035517986821755,-0.14964218339597982,0.10156271864640343,-0.0539979571406044
-0.570935829528394,1.3860113903201112,-0.5583067700957229,0.45370864995901694,-0.36918763620880923,0.29681109062540995,-0.2324355286679389,0.1734455144095995,-0.11766416417747755,0.0625440780397188
0.4683408058683147,-0.5583067700957229,1.3713843222940572,-0.5413597002320456,0.4340592968505803,-0.3463703988791974,0.27023108203077306,-0.20126849442364028,0.13640818129192472,-0.07247210174408802
-0.38615295026656044,0.45370864995901694,-0.5413597002320456,1.3517492722583058,-0.5185937510357168,0.4076229890317009,-0.31557446728267347,0.2341204812811657,-0.15835627539024605,0.08404724999652387
0.3165115609158079,-0.36918763620880923,0.4340592968505803,-0.5185937510357168,1.3253531732804018,-0.48794200079382033,0.37191636033534464,-0.27370549312947035,0.1843647828077109,-0.09764386831005747
-0.2553847744816567,0.29681109062540995,-0.3463703988791974,0.4076229890317009,-0.48794200079382033,1.2897595797987966,-0.44647834969863387,0.32329630931367104,-0.21592585919593377,0.11385869725044723
0.20035517986821755,-0.2324355286679389,0.27023108203077306,-0.31557446728267347,0.37191636033534464,-0.44647834969863387,1.2414572937129909,-0.3898381611655407,0.2559827592903821,-0.13377917521718308
-0.14964218339597982,0.1734455144095995,-0.20126849442364028,0.2341204812811657,-0.27370549312947035,0.32329630931367104,-0.3898381611655407,1.17503704543367,-0.3108946895254735,0.15962709327273006
0.10156271864640343,-0.11766416417747755,0.13640818129192472,-0.15835627539024605,0.1843647828077109,-0.21592585919593377,0.2559827592903821,-0.3108946895254735,1.081192631966893,-0.19631236693023024
-0.0539979571406044,0.0625440780397188,-0.07247210174408802,0.08404724999652387,-0.09764386831005747,0.11385869725044723,-0.13377917521718308,0.15962709327273006,-0.19631236693023024,0.9411972739611107
