0.7571791085617992,0.06864136106563033,0.12995022242438023,-0.003250416347417573,0.030465502072489666,-0.0051822185935681145,0.007699275601117808,-0.002170109632350296,0.001763610717012872,-0.0002812849973055187
0.06864136106563033,0.7571712130036464,0.06865468915170068,0.12992453262056042,-0.0032090837392890342,0.030380619941803598,-0.0050573607242128844,0.007411355322881617,-0.0018130097807688627,0.0007446734890388275
0.12995022242438023,0.06865468915170068,0.7571461934729962,0.06869644875369138,0.12984282416042436,-0.0030803556160518275,0.03010890421529812,-0.004673183268957798,0.0064798183000107125,-0.00074331099318928
-0.003250416347417573,0.12992453262056042,0.06869644875369138,0.757061583356418,0.0688233283925386,0.12955736940628765,-0.002712932743285992,0.02910721662686925,-0.0037207052007925704,0.002750218088312866
0.030465502072489666,-0.0032090837392890342,0.12984282416042436,0.0688233283925386,0.7567886900630267,0.06919875347527221,0.12861515896814144,-0.0016879229903916553,0.025681302807111228,-0.0014658305496524867
-0.0051822185935681145,0.030380619941803598,-0.0030803556160518275,0.12955736940628765,0.06919875347527221,0.7557921002387564,0.07018912113721076,0.12493176467009313,0.0002529572479948944,0.010972074849137307
0.007699275601117808,-0.0050573607242128844,0.03010890421529812,-0.002712932743285992,0.12861515896814144,0.07018912113721076,0.7523441178641411,0.07227996925579809,0.11133718656312161,0.0006440239265888061
-0.002170109632350296,0.007411355322881617,-0.004673183268957798,0.02910721662686925,-0.0016879229903916553,0.12493176467009313,0.07227996925579809,0.7377304261252505,0.07202181516072045,0.0479091024269047
0.001763610717012872,-0.0018130097807688627,0.0064798183000107125,-0.0037207052007925704,0.025681302807111228,0.0002529572479948944,0.11133718656312161,0.07202181516072045,0.6787141516357923,0.033308253812336916
-0.0002812849973055187,0.0007446734890388275,-0.00074331099318928,0.002750218088312866,-0.0014658305496524867,0.010972074849137307,0.0006440239265888061,0.0479091024269047,0.033308253812336916,0.3794675591400285
