0.6930740333343575,-0.526730361910501,0.4347938762115745,-0.3555259580282469,0.2864398862914274,-0.22554850132945956,0.1711093348390289,-0.12156449885872843,0.07548591153357127,-0.031337624042372544
-0.526730361910501,0.6832134342933066,-0.51505499322995,0.42096974308376284,-0.3391575963222595,0.26705904819385,-0.20260073193540068,0.1439375374060127,-0.08937853001550188,0.03710507979678822
0.4347938762115745,-0.51505499322995,0.6693893011692134,-0.4986866316036139,0.40158890660329954,-0.3162098596598857,0.23988791315869548,-0.17042816803507238,0.10582798128056227,-0.04393399272833249
-0.3555259580282469,0.42096974308376284,-0.4986866316036139,0.6500084647778474,-0.47573889684979964,0.37441781031654403,-0.2840380800581471,0.20179422904556327,-0.12530483259816433,0.05201971615251351
0.2864398862914274,-0.3391575963222595,0.40158890660329954,-0.47573889684979964,0.6228373706259968,-0.44356716297991383,0.3363250546711821,-0.23893353755158306,0.1483662803248773,-0.06159355759588507
-0.22554850132945956,0.26705904819385,-0.3162098596598857,0.37441781031654403,-0.44356716297991383,0.5847446661360494,-0.39846371627478994,0.28291935338325297,-0.17567256838381062,0.07292941305445566
0.1711093348390289,-0.20260073193540068,0.23988791315869548,-0.2840380800581471,0.3363250546711821,-0.39846371627478994,0.5313401906059575,-0.33522900409690476,0.2080155668293455,-0.08635195223445749
-0.12156449885872843,0.1439375374060127,-0.17042816803507238,0.20179422904556327,-0.23893353755158306,0.28291935338325297,-0.33522900409690476,0.45646577498546337,-0.24653754346115936,0.10225298836171028
0.07548591153357127,-0.08937853001550188,0.10582798128056227,-0.12530483259816433,0.1483662803248773,-0.17567256838381062,0.2080155668293455,-0.24653754346115936,0.35140696662918625,-0.12124600605945113
-0.031337624042372544,0.03710507979678822,-0.04393399272833249,0.05201971615251351,-0.06159355759588507,0.07292941305445566,-0.08635195223445749,0.10225298836171028,-0.12124600605945113,0.20175833690628728
