0.905061315381431,0.5430980552682874,0.5036309987816558,0.426463175918013,0.3635806813836291,0.304167556991039,0.24902649960398845,0.19843338061795676,0.14437470145954645,0.12527181629675938
0.5430980552682874,0.8917280105052152,0.5281041820898338,0.4867717567640393,0.4074958227485677,0.34229826628795,0.27998701511608437,0.22315138350462785,0.16235053909213726,0.14087115479621484
0.5036309987816558,0.5281041820898338,0.8748667570648163,0.509145241318727,0.4654421549530019,0.38356283258249585,0.3151062185042153,0.2508892915899939,0.1825749233682329,0.15840936268239697
0.426463175918013,0.4867717567640393,0.509145241318727,0.8535491586916955,0.48516204902604687,0.4385317002849682,0.35298781070087815,0.28238872658277564,0.20526347732930084,0.17815026483427673
0.3635806813836291,0.4074958227485677,0.4654421549530019,0.48516204902604687,0.8265670718819386,0.45488661513522555,0.40413376330164513,0.31617797448813634,0.23106461066881945,0.20024927726120106
0.304167556991039,0.34229826628795,0.38356283258249585,0.4385317002849682,0.45488661513522555,0.7925966094074676,0.41628894700592567,0.3628379309235936,0.2585532312273444,0.22563081237065247
0.24902649960398845,0.27998701511608437,0.3151062185042153,0.35298781070087815,0.40413376330164513,0.41628894700592567,0.7487497649931554,0.3693333328826781,0.2975589922173375,0.25135615482481877
0.19843338061795676,0.22315138350462785,0.2508892915899939,0.28238872658277564,0.31617797448813634,0.3628379309235936,0.3693333328826781,0.6986943361673442,0.2984667831368479,0.2952324863268085
0.14437470145954645,0.16235053909213726,0.1825749233682329,0.20526347732930084,0.23106461066881945,0.2585532312273444,0.2975589922173375,0.2984667831368479,0.6055194729246037,0.26524742911801213
0.12527181629675938,0.14087115479621484,0.15840936268239697,0.17815026483427673,0.20024927726120106,0.22563081237065247,0.25135615482481877,0.2952324863268085,0.26524742911801213,0.7305694483645389
