5.004036885741023,3.745100848259003,2.9430173803036435,2.3010743000174205,1.7792750268909687,1.3508255896905021,0.9932053234999374,0.6876918524036362,0.41797216033704077,0.17315570008531095
3.745100848259003,4.9712886162863175,3.7039457559675246,2.891297348118581,2.2360771738001386,1.6975927029198763,1.2481718507161215,0.8642294989377358,0.5252699804437483,0.21760657573480152
2.9430173803036435,3.7039457559675246,4.919568581923502,3.638948651285751,2.809614780682364,2.133426144063779,1.5685866768934598,1.0860865848016665,0.6601122357455387,0.2734684589851622
2.3010743000174205,2.891297348118581,3.638948651285751,4.837886044990554,3.536297319906519,2.680612164815522,1.9713029304802292,1.364892438611394,0.8295703004724296,0.34367062902158596
1.7792750268909687,2.2360771738001386,2.809614780682364,3.536297319906519,4.70888300187151,3.3741783313647673,2.4768701612185953,1.715318170357718,1.0425256200063506,0.4318948953792294
1.3508255896905021,1.6975927029198763,2.133426144063779,2.680612164815522,3.3741783313647673,4.50514698269715,3.11813439206093,2.155172380309299,1.3101978288805016,0.5427620541002363
0.9932053234999374,1.2481718507161215,1.5685866768934598,1.9713029304802292,2.4768701612185953,3.11813439206093,4.18336537936784,2.7138429596619047,1.646037758446909,0.6821479032297973
0.6876918524036362,0.8642294989377358,1.0860865848016665,1.364892438611394,1.715318170357718,2.155172380309299,2.7138429596619047,3.6754048387169265,2.0741826966508854,0.856669854598531
0.41797216033704077,0.5252699804437483,0.6601122357455387,0.8295703004724296,1.0425256200063506,1.3101978288805016,1.646037758446909,2.0741826966508854,2.8695918514301915,1.0831901193728826
0.17315570008531095,0.21760657573480152,0.2734684589851622,0.34367062902158596,0.4318948953792294,0.5427620541002363,0.6821479032297973,0.856669854598531,1.0831901193728826,1.612896075909171
