1.2198794615659185,0.19892310522906398,0.11934000951208326,0.08719199973686047,0.06497069165645719,0.04816596254019525,0.035222636706714,0.025091907530517564,0.01697337985900023,0.01033717448790255
0.19892310522906398,1.2195151816713123,0.19844037330819717,0.11870030883663718,0.08634428961028083,0.06384734002517803,0.04667741485744638,0.03325110241064083,0.02249258284385804,0.013698489788670361
0.11934000951208326,0.19844037330819717,1.2188754809607485,0.19759266268674883,0.11757695082594177,0.08485566040291787,0.061874764835869345,0.04406480145160374,0.029806561561159427,0.018152805311922527
0.08719199973686047,0.11870030883663718,0.19759266268674883,1.2177521223559384,0.19610402510731212,0.11560426771114912,0.08224166778256484,0.058412614396080684,0.03950020845105079,0.024055638758567626
0.06497069165645719,0.08634428961028083,0.11757695082594177,0.19610402510731212,1.215779429190051,0.19348989085015753,0.11214029141305745,0.07765374155085503,0.05236377662948553,0.03187939806222777
0.04816596254019525,0.06384734002517803,0.08485566040291787,0.11560426771114912,0.19348989085015753,1.212315282849873,0.1888995684398935,0.10606056419922816,0.06963818496982119,0.042266538341123885
0.035222636706714,0.04667741485744638,0.061874764835869345,0.08224166778256484,0.11214029141305745,0.1888995684398935,1.2062326789034703,0.1808434738659099,0.09544074540784037,0.05627824326755568
0.025091907530517564,0.03325110241064083,0.04406480145160374,0.058412614396080684,0.07765374155085503,0.10606056419922816,0.1808434738659099,1.1955641922177056,0.16679771980232996,0.07799946620098289
0.01697337985900023,0.02249258284385804,0.029806561561159427,0.03950020845105079,0.05236377662948553,0.06963818496982119,0.09544074540784037,0.16679771980232996,1.1772995608630437,0.14704120075817595
0.01033717448790255,0.013698489788670361,0.018152805311922527,0.024055638758567626,0.03187939806222777,0.042266538341123885,0.05627824326755568,0.07799946620098289,0.14704120075817595,1.1939645456292949
