1.3059281811390437,0.6078903557766215,0.7892430686234273,0.5059288999141984,0.5342132110480785,0.37416030643421483,0.3484763893810771,0.23906036549737592,0.20032043009274017,0.10478773204291855
0.6078903557766215,1.2855422064730122,0.5862010805451359,0.762727574064068,0.4792523760217744,0.4990409520358449,0.34249147859796814,0.3001632282165958,0.2043902875246256,0.1300180204278758
0.7892430686234273,0.5862010805451359,1.2625869104672947,0.5579366266480899,0.7345836719792189,0.4416298293094618,0.46586010258767047,0.2905029358604117,0.2644482970351259,0.1280293283089443
0.5059288999141984,0.762727574064068,0.5579366266480899,1.2281229045655508,0.5231329908285159,0.688926005641766,0.4002103941164418,0.4032821244171936,0.24488590668504995,0.17370541725695823
0.5342132110480785,0.4792523760217744,0.7345836719792189,0.5231329908285159,1.1936847563685873,0.47670939386635547,0.6484970106969484,0.3358309684266868,0.36022682252284405,0.14980248838835059
0.37416030643421483,0.4990409520358449,0.4416298293094618,0.688926005641766,0.47670939386635547,1.1333387488316224,0.4212134114511763,0.5661225890075419,0.2740547637693542,0.2415484393875889
0.3484763893810771,0.34249147859796814,0.46586010258767047,0.4002103941164418,0.6484970106969484,0.4212134114511763,1.0863212280027061,0.34366722012009904,0.5172439418559696,0.15819490280796114
0.23906036549737592,0.3001632282165958,0.2905029358604117,0.4032821244171936,0.3358309684266868,0.5661225890075419,0.34366722012009904,0.9746766197073715,0.25580241377923063,0.35824091318919493
0.20032043009274017,0.2043902875246256,0.2644482970351259,0.24488590668504995,0.36022682252284405,0.2740547637693542,0.5172439418559696,0.25580241377923063,0.9270964189022588,0.1210456966431823
0.10478773204291855,0.1300180204278758,0.1280293283089443,0.17370541725695823,0.14980248838835059,0.2415484393875889,0.15819490280796114,0.35824091318919493,0.1210456966431823,0.7049370640255522
