3.444549083213891,0.7856136539623324,-0.667969532607904,-0.5688071894290206,0.012603005269601945,0.21614788835897306,0.08440721610849249,-0.04429711671804747,-0.047206920085068216,-0.003229489990128345
0.7856136539623324,3.4440266308360217,0.7851528859985208,-0.667078187293609,-0.5665748976098206,0.012693944606525497,0.21024678738994007,0.07758643259587504,-0.0360307130533737,-0.019654231276940323
-0.667969532607904,0.7851528859985208,3.443742306337607,0.7860749977572177,-0.6652860506202988,-0.5670572006466008,0.007337555836084383,0.20557443795804528,0.08678239083569655,-0.013219076275838983
-0.5688071894290206,-0.667078187293609,0.7860749977572177,3.442373165835461,0.782069730809795,-0.6660680629354387,-0.5571588585148812,0.02047114828600071,0.19359485665642906,0.03811708193713237
0.012603005269601945,-0.5665748976098206,-0.6652860506202988,0.782069730809795,3.4330907452662123,0.7824951194980607,-0.6406343572022165,-0.5299590765524905,-0.017606193634843968,0.07802310124696117
0.21614788835897306,0.012693944606525497,-0.5670572006466008,-0.6660680629354387,0.7824951194980607,3.435667568645835,0.7842229269475245,-0.6456377297502901,-0.5401808216984625,-0.015543777183795624
0.08440721610849249,0.21024678738994007,0.007337555836084383,-0.5571588585148812,-0.6406343572022165,0.7842229269475245,3.3692039632114517,0.7055091861995313,-0.5546421933453256,-0.22711971777695986
-0.04429711671804747,0.07758643259587504,0.20557443795804528,0.02047114828600071,-0.5299590765524905,-0.6456377297502901,0.7055091861995313,3.294938106220629,0.8344010786150088,-0.2113089362858101
-0.047206920085068216,-0.0360307130533737,0.08678239083569655,0.19359485665642906,-0.017606193634843968,-0.5401808216984625,-0.5546421933453256,0.8344010786150088,3.1938973857581487,0.37522067863592556
-0.003229489990128345,-0.019654231276940323,-0.013219076275838983,0.03811708193713237,0.07802310124696117,-0.015543777183795624,-0.22711971777695986,-0.2113089362858101,0.37522067863592556,1.7589871965987995
