2.071492266403184,-0.987816626179365,0.6623592618961529,-0.44988733901426575,0.3059335079364964,-0.20436837229070687,0.12987017204546264,-0.07384285286902523,0.032466718276200686,-0.006278178100319699
-0.987816626179365,2.061782946535301,-0.9757206714686154,0.6474166955930458,-0.43165744904149805,0.28411129091717946,-0.17901858308878138,0.10187744813965685,-0.04575461897153631,0.010044919929208728
0.6623592618961529,-0.9757206714686154,2.046706041189379,-0.9570817703880281,0.6246519987265942,-0.40436008756669284,0.25231332102247245,-0.14373469399336292,0.06612472592468452,-0.016431809585315236
-0.44988733901426575,0.6474166955930458,-0.9570817703880281,2.0236385414673164,-0.9288624897984971,0.5907296606430879,-0.3646863321049316,0.20798349919741033,-0.09819273568154949,0.027387140223378348
0.3059335079364964,-0.43165744904149805,0.6246519987265942,-0.9288624897984971,1.9890336797671062,-0.8871107104448475,0.5416114709655973,-0.3092495283064072,0.1499129615828838,-0.046345764917380426
-0.20436837229070687,0.28411129091717946,-0.40436008756669284,0.5907296606430879,-0.8871107104448475,1.938377068378172,-0.826989999754401,0.47274785764458005,-0.23509938039849876,0.07937400893727899
0.12987017204546264,-0.17901858308878138,0.25231332102247245,-0.3646863321049316,0.5416114709655973,-0.826989999754401,1.8660458221367437,-0.742282233208019,0.3778810992003967,-0.1371992905336874
-0.07384285286902523,0.10187744813965685,-0.14373469399336292,0.20798349919741033,-0.3092495283064072,0.47274785764458005,-0.742282233208019,1.7633629506064838,-0.6205850624260613,0.2388088866328685
0.032466718276200686,-0.04575461897153631,0.06612472592468452,-0.09819273568154949,0.1499129615828838,-0.23509938039849876,0.3778810992003967,-0.6205850624260613,1.6066730647798448,-0.41783199538775784
-0.006278178100319699,0.010044919929208728,-0.016431809585315236,0.027387140223378348,-0.046345764917380426,0.07937400893727899,-0.1371992905336874,0.2388088866328685,-0.41783199538775784,1.302838880714079
