18.872982798371527,14.130468401003357,6.71956680359437,-0.8365534355317504,-6.1584279116181655,-8.065086615942985,-6.815965756150966,-3.8109407152416743,-0.897582331942982,0.4342840585110776
14.130468401003357,16.285720446014825,12.032901358981315,5.71383660658306,-0.453075845674664,-4.480885356608036,-5.558013647723348,-4.184764285685303,-1.803480236163516,-0.09170470308463924
6.71956680359437,12.032901358981315,14.287323831568669,10.703636331813202,5.438916086760578,0.41527303206003296,-2.7049414627363424,-3.370929728892227,-2.2050661897016024,-0.5968988927291009
-0.8365534355317504,5.71383660658306,10.703636331813202,13.009707210594199,9.841937416850467,5.242669647210041,0.9470755516884524,-1.5891422782797413,-1.9829100698741926,-0.9372556651974016
-6.1584279116181655,-0.453075845674664,5.438916086760578,9.841937416850467,11.800633648450507,8.626212120410532,4.366351919761643,0.6630892113709728,-1.1939593103882569,-1.0142073012927004
-8.065086615942985,-4.480885356608036,0.41527303206003296,5.242669647210041,8.626212120410532,9.901255415349608,6.577041326332286,2.749290063487725,-0.057107601206671105,-0.8031836799781868
-6.815965756150966,-5.558013647723348,-2.7049414627363424,0.9470755516884524,4.366351919761643,6.577041326332286,7.250796274506357,4.073825023507618,1.107489589462043,-0.3613552397175238
-3.8109407152416743,-4.184764285685303,-3.370929728892227,-1.5891422782797413,0.6630892113709728,2.749290063487725,4.073825023507618,4.5651572964479445,1.9685426569673572,0.18781800431534046
-0.897582331942982,-1.803480236163516,-2.2050661897016024,-1.9829100698741926,-1.1939593103882569,-0.057107601206671105,1.107489589462043,1.9685426569673572,2.591100492014179,0.6890667178997272
0.4342840585110776,-0.09170470308463924,-0.5968988927291009,-0.9372556651974016,-1.0142073012927004,-0.8031836799781868,-0.3613552397175238,0.18781800431534046,0.6890667178997272,1.3124616328367806
