0.9391838924695428,0.11321621893505901,0.017572892427037586,0.003998291526413592,6.812786206790167e-06,0.00043859375552484693,-0.00021297088475310795,0.00015434644936882365,-0.00010350417762478602,7.260971869543843e-05
0.11321621893505901,0.9391835332002592,0.11321677054318716,0.017572045642625034,0.00399959222997611,4.819501408844214e-06,0.00044167594707300714,-0.00021757364423794325,0.00016217802508577286,-0.00011100533922321924
0.017572892427037586,0.11321677054318716,0.9391826862801866,0.1132180706528984,0.017570048526723288,0.0040026522598969536,8.495070489134022e-08,0.00044872942386185754,-0.00022967733230180808,0.0001732256448436088
0.003998291526413592,0.017572045642625034,0.1132180706528984,0.9391806903958069,0.11322113607380208,0.017565348754786603,0.0040099069199787864,-1.082233643281082e-05,0.00046684062710011917,-0.0002494119711644001
6.812786206790167e-06,0.00399959222997611,0.017570048526723288,0.11322113607380208,0.9391759794441128,0.11322834179453206,0.017554125745936594,0.004026191780918491,-4.141790507287556e-05,0.0004807426215518803
0.00043859375552484693,4.819501408844214e-06,0.0040026522598969536,0.017565348754786603,0.11322834179453206,0.9391648579251206,0.1132450709269966,0.01752639629957342,0.004056673314068768,-0.00015971305674201803
-0.00021297088475310795,0.00044167594707300714,8.495070489134022e-08,0.0040099069199787864,0.017554125745936594,0.1132450709269966,0.9391362071536427,0.11327151936243862,0.017382082484676743,0.003665039001370178
0.00015434644936882365,-0.00021757364423794325,0.00044872942386185754,-1.082233643281082e-05,0.004026191780918491,0.01752639629957342,0.11327151936243862,0.9390002571298095,0.11291649751804989,0.014593820947056992
-0.00010350417762478602,0.00016217802508577286,-0.00022967733230180808,0.00046684062710011917,-4.141790507287556e-05,0.004056673314068768,0.017382082484676743,0.11291649751804989,0.9361360690817457,0.09715563466098814
7.260971869543843e-05,-0.00011100533922321924,0.0001732256448436088,-0.0002494119711644001,0.0004807426215518803,-0.00015971305674201803,0.003665039001370178,0.014593820947056992,0.09715563466098814,0.8418310996431249
