2.5737694253691905,1.0668354156434343,0.031217565897394856,-0.3278773852306129,-0.27910900831532337,-0.1199841091214085,-0.006491062071088891,0.03148100128165516,0.022089681249829213,0.002014034728391539
1.0668354156434343,2.5735554809257293,1.0665812755114896,0.031233031180010296,-0.3270728862580881,-0.27716277643321324,-0.11758844671256674,-0.006424227673181368,0.024424044594147053,0.004407112869333852
0.031217565897394856,1.0665812755114896,2.572956290513354,1.0658631858973588,0.031260679459426774,-0.3248394794741117,-0.27171366863963814,-0.11082358224278482,-0.006094840760606072,0.004845065975058986
-0.3278773852306129,0.031233031180010296,1.0658631858973588,2.571130856366653,1.063506246939598,0.0309255838588754,-0.3185637881290998,-0.2551576424502399,-0.08873211984551024,-0.0012847863597361248
-0.27910900831532337,-0.3270728862580881,0.031260679459426774,1.063506246939598,2.5652090322838528,1.0559428262530608,0.030043220156036707,-0.29794709954133636,-0.20142702923270428,-0.017789646705443616
-0.1199841091214085,-0.27716277643321324,-0.3248394794741117,0.0309255838588754,1.0559428262530608,2.547483631976451,1.0348369447780974,0.031200052454584966,-0.23145081871864737,-0.04019404393568633
-0.006491062071088891,-0.11758844671256674,-0.27171366863963814,-0.3185637881290998,0.030043220156036707,1.0348369447780974,2.497861572305564,0.9755467698895639,0.033932026064271384,-0.045933538241628685
0.03148100128165516,-0.006424227673181368,-0.11082358224278482,-0.2551576424502399,-0.29794709954133636,0.031200052454584966,0.9755467698895639,2.3475038192714823,0.7818392706705112,0.007394376099373519
0.022089681249829213,0.024424044594147053,-0.006094840760606072,-0.08873211984551024,-0.20142702923270428,-0.23145081871864737,0.033932026064271384,0.7818392706705112,1.8594266694299277,0.15679871824931824
0.002014034728391539,0.004407112869333852,0.004845065975058986,-0.0012847863597361248,-0.017789646705443616,-0.04019404393568633,-0.045933538241628685,0.007394376099373519,0.15679871824931824,0.391119833770117
