3.0700228019342837,1.85218925454746,1.3262468931543958,0.8087428743731854,0.3834991453903175,0.08571590496097714,-0.08370991152117824,-0.1449665765803998,-0.1290260623438875,-0.07073887076980769
1.85218925454746,3.063198509789033,1.8461935433892864,1.3233472112728817,0.8119901111796792,0.3964476074614223,0.11180031623732767,-0.04221588844200844,-0.08842421900609639,-0.062241683544371276
1.3262468931543958,1.8461935433892864,3.0577557338456045,1.843217584751557,1.3254539381545485,0.8222792188544191,0.41799178548268034,0.14677153177407526,0.006196764413664024,-0.030281692130103045
0.8087428743731854,1.3233472112728817,1.843217584751557,3.0554754389009946,1.8427712286257787,1.3282953361162375,0.8300023893067568,0.4319895077187513,0.16770227307213295,0.03326921208815396
0.3834991453903175,0.8119901111796792,1.3254539381545485,1.8427712286257787,3.0507489058166164,1.8319749448772646,1.3100294053627597,0.803928275259943,0.3996937023509812,0.13365107429624698
0.08571590496097714,0.3964476074614223,0.8222792188544191,1.3282953361162375,1.8319749448772646,3.019427744752914,1.7739534282523821,1.2220764569972862,0.688790289555022,0.26966521111922415
-0.08370991152117824,0.11180031623732767,0.41799178548268034,0.8300023893067568,1.3100294053627597,1.7739534282523821,2.908953576596257,1.6037038544619842,0.9960353546805338,0.4293388709490955
-0.1449665765803998,-0.04221588844200844,0.14677153177407526,0.4319895077187513,0.803928275259943,1.2220764569972862,1.6037038544619842,2.6440617356230147,1.2491809465892496,0.5854413963870455
-0.1290260623438875,-0.08842421900609639,0.006196764413664024,0.16770227307213295,0.3996937023509812,0.688790289555022,0.9960353546805338,1.2491809465892496,2.166447433487151,0.6919906186277868
-0.07073887076980769,-0.062241683544371276,-0.030281692130103045,0.03326921208815396,0.13365107429624698,0.26966521111922415,0.4293388709490955,0.5854413963870455,0.6919906186277868,1.5112535581533495
