2.945425705947189,1.281379498989783,0.8325087138180041,0.5126989999644183,0.3254231976539802,0.20203160333317657,0.12590232373672036,0.07597938539178177,0.044133575682215334,0.019104448203912775
1.281379498989783,2.9451556584780345,1.2809542860705494,0.8318205255815736,0.511635683579791,0.3236473401233,0.19943236128120448,0.1211624044823687,0.07005960935648539,0.030374945152912933
0.8325087138180041,1.2809542860705494,2.9444861715034083,1.279870623200742,0.8301465000282787,0.5088389443311155,0.31955625021175726,0.19196504042854207,0.11185245224367019,0.04836656492333447
0.5126989999644183,0.8318205255815736,1.279870623200742,2.94273245041804,1.2771605906127879,0.825621452573921,0.5022132588899882,0.3074813080893232,0.17686686691494596,0.07682143773574157
0.3254231976539802,0.511635683579791,0.8301465000282787,1.2771605906127879,2.9385470259206317,1.2701654042506498,0.8153958229543091,0.48352845134930894,0.28423331348006653,0.12253466668563676
0.20203160333317657,0.3236473401233,0.5088389443311155,0.825621452573921,1.2701654042506498,2.926874091164996,1.253055226957429,0.784266972741278,0.44448071214424034,0.19406046572201868
0.12590232373672036,0.19943236128120448,0.31955625021175726,0.5022132588899882,0.8153958229543091,1.253055226957429,2.9019129399072217,1.2072971921205395,0.7276784353433026,0.31104944308760374
0.07597938539178177,0.1211624044823687,0.19196504042854207,0.3074813080893232,0.48352845134930894,0.784266972741278,1.2072971921205395,2.8190407188161197,1.102461885537696,0.4885760801569822
0.044133575682215334,0.07005960935648539,0.11185245224367019,0.17686686691494596,0.28423331348006653,0.44448071214424034,0.7276784353433026,1.102461885537696,2.691946429116136,0.7939809115318447
0.019104448203912775,0.030374945152912933,0.04836656492333447,0.07682143773574157,0.12253466668563676,0.19406046572201868,0.31104944308760374,0.4885760801569822,0.7939809115318447,2.0086296569776376
