0.2899438931333983,0.05115350164328146,0.022089606767631227,0.0076533105636050714,0.003646220266358239,0.0010755365581929651,0.0007420934915026338,0.00013467386513155367,0.0006716781720561416,0.0004015916259899311
0.05115350164328146,0.2899471368974086,0.05114509767467994,0.02209802976951148,0.007621537124321994,0.0036606746028163242,0.0009424454181016529,0.0007083351619718249,-0.0004931059219639223,5.0882103296258474e-05
0.022089606767631227,0.05114509767467994,0.2899709232787313,0.051124776010654974,0.022190583248625353,0.007598512542555338,0.004062580344164204,0.0011377718430415139,0.0026736986776187952,0.0018562732768160038
0.0076533105636050714,0.02209802976951148,0.051124776010654974,0.2899939137030374,0.051049899525281536,0.022238867902806866,0.007295474264735673,0.004055322943056077,-0.00023974919876341717,0.001614041950657159
0.003646220266358239,0.007621537124321994,0.022190583248625353,0.051049899525281536,0.2903571693316915,0.050981638812253954,0.02383275321641274,0.00817447310269292,0.01192739490643954,0.009608021849745829
0.0010755365581929651,0.0036606746028163242,0.007598512542555338,0.022238867902806866,0.050981638812253954,0.2905249137859829,0.05079760040190287,0.024455093515248733,0.007805063962542468,0.014469902042446144
0.0007420934915026338,0.0009424454181016529,0.004062580344164204,0.007295474264735673,0.02383275321641274,0.05079760040190287,0.29760460385811743,0.055241462888842144,0.05982328740918457,0.05428944978198964
0.00013467386513155367,0.0007083351619718249,0.0011377718430415139,0.004055322943056077,0.00817447310269292,0.024455093515248733,0.055241462888842144,0.3037348961644343,0.07993208391499095,0.10598457017388604
0.0006716781720561416,-0.0004931059219639223,0.0026736986776187952,-0.00023974919876341717,0.01192739490643954,0.007805063962542468,0.05982328740918457,0.07993208391499095,0.48228096824040334,0.3248146976910057
0.0004015916259899311,5.0882103296258474e-05,0.0018562732768160038,0.001614041950657159,0.009608021849745829,0.014469902042446144,0.05428944978198964,0.10598457017388604,0.3248146976910057,0.8738263650753517
