2.138190531195554,-0.058210511006866084,0.34611532748150997,-0.14950338464812601,0.1489684442400116,-0.09460533167530316,0.07192842313767843,-0.045732490391659886,0.028915376551671236,-0.006105517840387907
-0.058210511006866084,2.13675997509717,-0.056315662087776996,0.34357514681204715,-0.146183092909272,0.14439324420281482,-0.08896848927132085,0.06318643075631586,-0.03758600044350448,0.008380443309536276
0.34611532748150997,-0.056315662087776996,2.1342501152549436,-0.05295109917645899,0.33917706575350803,-0.14012341100644604,0.13692568180375847,-0.07739263753602617,0.05238634126438884,-0.01041299670665137
-0.14950338464812601,0.34357514681204715,-0.05295109917645899,2.1297395551662572,-0.04705564691365759,0.3310524575956085,-0.13011613707965164,0.12139792946529138,-0.06294129488177234,0.015884413668642718
0.1489684442400116,-0.146183092909272,0.33917706575350803,-0.04705564691365759,2.1220322025180556,-0.03643914189670963,0.3179621014779512,-0.10984595217426471,0.10243387864650977,-0.01543566571691751
-0.09460533167530316,0.14439324420281482,-0.14012341100644604,0.3310524575956085,-0.03643914189670963,2.107393983121834,-0.018428978514564126,0.28995621413978134,-0.08392607091435028,0.036387807504913536
0.07192842313767843,-0.08896848927132085,0.13692568180375847,-0.13011613707965164,0.3179621014779512,-0.018428978514564126,2.0851300948069063,0.015874744883522914,0.25745200498407944,-0.004131081480847239
-0.045732490391659886,0.06318643075631586,-0.07739263753602617,0.12139792946529138,-0.10984595217426471,0.28995621413978134,0.015874744883522914,2.0313251976385707,0.06456878758932079,0.1289535224811843
0.028915376551671236,-0.03758600044350448,0.05238634126438884,-0.06294129488177234,0.10243387864650977,-0.08392607091435028,0.25745200498407944,0.06456878758932079,1.9818443722225232,0.17295911995897612
-0.006105517840387907,0.008380443309536276,-0.01041299670665137,0.015884413668642718,-0.01543566571691751,0.036387807504913536,-0.004131081480847239,0.1289535224811843,0.17295911995897612,1.663422400606191
