2.8316370429055833,-2.022692761724793,1.5484771262185137,-1.17830161739047,0.8892144301369348,-0.6619517044958557,0.480925057849979,-0.333582987762084,0.20971179189006867,-0.10086979082597644
-2.022692761724793,2.822056374844378,-2.0102182938713566,1.5322351339231683,-1.1571552473033155,0.861685816381864,-0.6261237769023597,0.43432338688145333,-0.2730511588680937,0.13133718285007145
1.5484771262185137,-2.0102182938713566,2.805814047345124,-1.9890704772642172,1.5047015931055536,-1.1213117331442912,0.8150362152929499,-0.565446266755731,0.35550816637929705,-0.17100379920152833
-1.17830161739047,1.5322351339231683,-1.9890704772642172,2.7782791913595406,-1.9532212877037423,1.4580326607538803,-1.0605730693201854,0.736032941616514,-0.4628273286793999,0.22264047398473308
0.8892144301369348,-1.1571552473033155,1.5047015931055536,-1.9532212877037423,2.7316050989642644,-1.8924603565193738,1.378953541131405,-0.9577141956235129,0.602427425154958,-0.2898390304718233
-0.6619517044958557,0.861685816381864,-1.1213117331442912,1.4580326607538803,-1.8924603565193738,2.6525057339810183,-1.7895141171381128,1.2450504441339911,-0.7837845132787379,0.3772280897668072
0.480925057849979,-0.6261237769023597,0.8150362152929499,-1.0605730693201854,1.378953541131405,-1.7895141171381128,2.5185232045864723,-1.6152416567202457,1.0186835555680487,-0.49068927187224387
-0.333582987762084,0.43432338688145333,-0.565446266755731,0.736032941616514,-0.9577141956235129,1.2450504441339911,-1.6152416567202457,2.291844664092674,-1.3208015302144511,0.6374434551886838
0.20971179189006867,-0.2730511588680937,0.35550816637929705,-0.4628273286793999,0.602427425154958,-0.7837845132787379,1.0186835555680487,-1.3208015302144511,1.9093818016207396,-0.8255747539395548
-0.10086979082597644,0.13133718285007145,-0.17100379920152833,0.22264047398473308,-0.2898390304718233,0.3772280897668072,-0.49068927187224387,0.6374434551886838,-0.8255747539395548,1.268098525592984
