0.6168497198453173,-0.39120062367249475,0.2593293145051323,-0.17172565177341184,0.11340421461870882,-0.07441978832310786,0.04812497602328037,-0.030036145603299695,0.0170689734843292,-0.0070183839434949605
-0.39120062367249475,0.6166051556847929,-0.3908320899685179,0.2587739711110894,-0.17088880487995778,0.11214317013618506,-0.07251952056227676,0.04526146418445698,-0.02572123408342035,0.010576001917378678
0.2593293145051323,-0.3908320899685179,0.6160498122907501,-0.38999524307506117,0.2575129266283456,-0.1689885371014427,0.10927965687673875,-0.06820449491796127,0.038759324535932914,-0.015936976012842566
-0.17172565177341184,0.2587739711110894,-0.38999524307506117,0.6147887678080022,-0.3880949752962145,0.2546494133422515,-0.16467350931639096,0.10277734525411605,-0.05840642146636743,0.02401542723027427
0.11340421461870882,-0.17088880487995778,0.2575129266283456,-0.3880949752962145,0.6119252545214175,-0.3837799474710212,0.24814709849377448,-0.15487517671708015,0.08801262955251919,-0.03618884439579536
-0.07441978832310786,0.11214317013618506,-0.1689885371014427,0.2546494133422515,-0.3837799474710212,0.605422939613565,-0.3739816100123491,0.23338199228504322,-0.13262622841199248,0.05453296533283278
0.04812497602328037,-0.07251952056227676,0.10927965687673875,-0.16467350931639096,0.24814709849377448,-0.3739816100123491,0.5906578262170902,-0.3517320734552788,0.1998550550620098,-0.08217572535077652
-0.030036145603299695,0.04526146418445698,-0.06820449491796127,0.10277734525411605,-0.15487517671708015,0.23338199228504322,-0.3517320734552788,0.557130018878764,-0.301210359305965,0.12383111057610302
0.0170689734843292,-0.02572123408342035,0.038759324535932914,-0.05840642146636743,0.08801262955251919,-0.13262622841199248,0.1998550550620098,-0.301210359305965,0.4810007422247023,-0.18664285633876965
-0.0070183839434949605,0.010576001917378678,-0.015936976012842566,0.02401542723027427,-0.03618884439579536,0.05453296533283278,-0.08217572535077652,0.12383111057610302,-0.18664285633876965,0.3077942214245531
