1.8643281903137576,0.8049741180055487,0.48470712852089926,0.29094575066059913,0.1743663085683587,0.10411287025183029,0.061524352630753426,0.03528528905080545,0.01843987408802215,0.006804776269942641
0.8049741180055487,1.8641982954791398,0.80475781805855,0.4843469474155313,0.2903459799594662,0.17336757992312793,0.10244988718579039,0.05875680916314045,0.030705946139116883,0.011331264686793829
0.48470712852089926,0.80475781805855,1.863838114358702,0.8041580470651124,0.48334821354556357,0.28868290418231524,0.17059839244847658,0.09784139365225465,0.05113132018782042,0.018868740714374842
0.29094575066059913,0.4843469474155313,0.8041580470651124,1.8628393800437775,0.8024949626573501,0.480578871804904,0.28407167325298355,0.16292436238780597,0.08514348459907803,0.03142009085409693
0.1743663085683587,0.2903459799594662,0.48334821354556357,0.8024949626573501,1.860070025165292,0.7978834768998917,0.47290028687354624,0.2712929396291909,0.14177990502524518,0.05232049256454474
0.10411287025183029,0.17336757992312793,0.28868290418231524,0.480578871804904,0.7978834768998917,1.8523910523254097,0.7850972192001195,0.45162134202910453,0.2360835147576273,0.08712339714879687
0.061524352630753426,0.10244988718579039,0.17059839244847658,0.28407167325298355,0.47290028687354624,0.7850972192001195,1.831100654062371,0.7496656378500466,0.39299394583882014,0.14507172090905004
0.03528528905080545,0.05875680916314045,0.09784139365225465,0.16292436238780597,0.2712929396291909,0.45162134202910453,0.7496656378500466,1.772135083304284,0.652094433772212,0.24147423311284127
0.01843987408802215,0.030705946139116883,0.05113132018782042,0.08514348459907803,0.14177990502524518,0.2360835147576273,0.39299394583882014,0.652094433772212,1.6106304008209538,0.40036070642009214
0.006804776269942641,0.011331264686793829,0.018868740714374842,0.03142009085409693,0.05232049256454474,0.08712339714879687,0.14507172090905004,0.24147423311284127,0.40036070642009214,1.2016551253296899
