4.669080586671624,-3.7519574812084233,3.0325803430406464,-2.452757439088689,1.94910561077951,-1.5202668831504034,1.1443295249428318,-0.8100074035408322,0.5052325637633575,-0.2169427519412009
-3.7519574812084233,4.61595852745422,-3.6877644001784757,2.9549967051825172,-2.359021011810117,1.8357749339868463,-1.38344470299403,0.9786439888300535,-0.6106424795717319,0.2621275674182113
3.0325803430406464,-3.6877644001784757,4.538387134224577,-3.594011782647115,2.8417248831158326,-2.2220714977469322,1.670437756900256,-1.1832297451250222,0.73772831303992,-0.3168768026199529
-2.452757439088689,2.9549967051825172,-3.594011782647115,4.4250778647196585,-3.4571117828253737,2.6762077121063377,-2.0222459619510817,1.4284567034932898,-0.8920637053935552,0.38267313361016214
1.94910561077951,-2.359021011810117,2.8417248831158326,-3.4571117828253737,4.259675218265299,-3.2571348188747105,2.4347771295705503,-1.729888962522711,1.076659741537808,-0.46311325258295216
-1.5202668831504034,1.8357749339868463,-2.2220714977469322,2.6762077121063377,-3.2571348188747105,4.017894388173266,-2.9652409283499956,2.081296676444224,-1.304580791692039,0.5579759249364469
1.1443295249428318,-1.38344470299403,1.670437756900256,-2.0222459619510817,2.4347771295705503,-2.9652409283499956,3.665485088307578,-2.53851644324864,1.5677614383975191,-0.6785533473316616
-0.8100074035408322,0.9786439888300535,-1.1832297451250222,1.4284567034932898,-1.729888962522711,2.081296676444224,-2.53851644324864,3.1486739692809285,-1.9168204770729917,0.8092380076439638
0.5052325637633575,-0.6106424795717319,0.73772831303992,-0.8920637053935552,1.076659741537808,-1.304580791692039,1.5677614383975191,-1.9168204770729917,2.4001690826415625,-1.0052013146597834
-0.2169427519412009,0.2621275674182113,-0.3168768026199529,0.38267313361016214,-0.46311325258295216,0.5579759249364469,-0.6785533473316616,0.8092380076439638,-1.0052013146597834,1.285769029579109
