43.5044171975077,34.170716261555974,15.669191540404341,-3.812214375276212,-17.301902735067447,-21.52999569152407,-17.55166547532497,-9.49540816385003,-2.1779060857211268,1.260625248195846
34.170716261555974,40.302479001286585,30.241738717971263,12.38437312024585,-5.219750440924319,-16.192836916374397,-18.13126439891241,-12.93436293269467,-5.24572800783201,0.1410839384563668
15.669191540404341,30.241738717971263,34.902202821541465,25.2221415390995,9.587995128859436,-4.627119935219666,-12.190842928656824,-11.931702446628963,-6.628091413167662,-1.1070613862943837
-3.812214375276212,12.38437312024585,25.2221415390995,29.843816027892142,21.952480776922716,9.413990690180086,-1.4280549918014942,-6.542506251370408,-5.708073472835965,-2.0411215844250044
-17.301902735067447,-5.219750440924319,9.587995128859436,21.952480776922716,27.251099233304203,21.02168928370935,10.597031307576506,1.587213704193742,-2.6590505427841755,-2.3013805309783426
-21.52999569152407,-16.192836916374397,-4.627119935219666,9.413990690180086,21.02168928370935,25.847868101991082,19.621000454952075,9.705851859110606,1.5632831054388932,-1.746994056237198
-17.55166547532497,-18.13126439891241,-12.190842928656824,-1.4280549918014942,10.597031307576506,19.621000454952075,22.191249620713663,14.875191224424785,5.51250422973882,-0.5221121868930942
-9.49540816385003,-12.93436293269467,-11.931702446628963,-6.542506251370408,1.587213704193742,9.705851859110606,14.875191224424785,15.0408836316071,7.740803117235793,0.9765332332121293
-2.1779060857211268,-5.24572800783201,-6.628091413167662,-5.708073472835965,-2.6590505427841755,1.5632831054388932,5.51250422973882,7.740803117235793,7.343043045455453,2.2256743528157417
1.260625248195846,0.1410839384563668,-1.1070613862943837,-2.0411215844250044,-2.3013805309783426,-1.746994056237198,-0.5221121868930942,0.9765332332121293,2.2256743528157417,2.7763832860481235
