0.2106034011463571,-0.013274339459537755,0.0027967968665031087,-0.0006656462832207797,0.00019451948324825298,-7.194351871549649e-05,3.17603196733304e-05,-1.544402752545377e-05,8.013402020891382e-06,-5.196422417535609e-06
-0.013274339459537755,0.2106034012295016,-0.013274339632598331,0.0027967972664725517,-0.0006656473994515791,0.0001945234321698328,-7.1960489743044e-05,3.184177502582334e-05,-1.5854899602749696e-05,1.0127570835286405e-05
0.0027967968665031087,-0.013274339632598331,0.21060340158867819,-0.013274340457695186,0.0027967995473486915,-0.0006656553901248263,0.00019455755044329575,-7.212372566752108e-05,3.26640702111984e-05,-2.008390321163163e-05
-0.0006656462832207797,0.0027967972664725517,-0.013274340457695186,0.21060340345981093,-0.013274345524078223,0.0027968169109666673,-0.0006657284230255601,0.00019490436910280738,-7.386535193852457e-05,4.161023804883645e-05
0.00019451948324825298,-0.0006656473994515791,0.0027967995473486915,-0.013274345524078223,0.21060341670776844,-0.013274389183993165,0.0027969954377597096,-0.0006665640064812753,0.00019907462065494648,-9.523494323077298e-05
-7.194351871549649e-05,0.0001945234321698328,-0.0006656553901248263,0.0027968169109666673,-0.013274389183993165,0.21060355389487617,-0.013274929730967448,0.002799475284376866,-0.0006788328653471714,0.0002617272469510012
3.17603196733304e-05,-7.1960489743044e-05,0.00019455755044329575,-0.0006657284230255601,0.0027969954377597096,-0.013274929730967448,0.21060561850569204,-0.01328423510066019,0.00284514866560208,-0.0009113307903582941
-1.544402752545377e-05,3.184177502582334e-05,-7.212372566752108e-05,0.00019490436910280738,-0.0006665640064812753,0.002799475284376866,-0.01328423510066019,0.21064712105761668,-0.01348696630652937,0.0038751457725175594
8.013402020891382e-06,-1.5854899602749696e-05,3.26640702111984e-05,-7.386535193852457e-05,0.00019907462065494648,-0.0006788328653471714,0.00284514866560208,-0.01348696630652937,0.2116352243369779,-0.018502613103338734
-5.196422417535609e-06,1.0127570835286405e-05,-2.008390321163163e-05,4.161023804883645e-05,-9.523494323077298e-05,0.0002617272469510012,-0.0009113307903582941,0.0038751457725175594,-0.018502613103338734,0.23708551747721107
