6.775089480303536,-5.610274363155213,4.696858092736894,-3.8633753531995523,3.112393327112506,-2.439503277417532,1.83695707533403,-1.2961807462079111,0.8097044298241594,-0.37293864882069094
-5.610274363155213,6.66787676111711,-5.48215677731749,4.544364959649057,-3.6827825882025285,2.8999070739638593,-2.191598278240114,1.550958878410035,-0.9712270635560608,0.4482902158464969
4.696858092736894,-5.48215677731749,6.514752606684805,-5.299860766653154,4.328419149979311,-3.4286107973154816,2.60323171636126,-1.8491248775422717,1.1615081411602604,-0.5375562828169429
-3.8633753531995523,4.544364959649057,-5.299860766653154,6.297668972118469,-5.042617771689934,4.02550569983771,-3.074837443467895,2.1945284778267937,-1.3838634516549755,0.6426322100065622
3.112393327112506,-3.6827825882025285,4.328419149979311,-5.042617771689934,5.992703855251718,-4.6833065822508555,3.6055542570065904,-2.5892005292760785,1.640937436834974,-0.7652920296520949
-2.439503277417532,2.8999070739638593,-3.4286107973154816,4.02550569983771,-4.6833065822508555,5.569052953599035,-4.1876841307004735,3.031681038552954,-1.933889085598236,0.9069065743253889
1.83695707533403,-2.191598278240114,2.60323171636126,-3.074837443467895,3.6055542570065904,-4.1876841307004735,4.988509063245,-3.5143672849676304,2.2610784076309653,-1.0679771370414364
-1.2961807462079111,1.550958878410035,-1.8491248775422717,2.1945284778267937,-2.5892005292760785,3.031681038552954,-3.5143672849676304,4.205878223401371,-2.6159889310967386,1.2473849881730126
0.8097044298241594,-0.9712270635560608,1.1615081411602604,-1.3838634516549755,1.640937436834974,-1.933889085598236,2.2610784076309653,-2.6159889310967386,3.1704961626756667,-1.4412065598644186
-0.37293864882069094,0.4482902158464969,-0.5375562828169429,0.6426322100065622,-0.7652920296520949,0.9069065743253889,-1.0679771370414364,1.2473849881730126,-1.4412065598644186,1.8273761856764343
