0.6448558217620519,0.27201229689115225,0.2542185131330703,0.18160597465102835,0.1613355112424814,0.11458820328005045,0.09466448442479378,0.06278981444815415,0.043106567317661805,0.01951771217683663
0.27201229689115225,0.6411079048911376,0.267415013789098,0.24873946167709032,0.17485595235693904,0.15333108578698162,0.1046700261116291,0.08298112710336454,0.0482022262921931,0.026073685270017494
0.2542185131330703,0.267415013789098,0.6352426745813728,0.26073564610686994,0.24007089080684196,0.16517843189685766,0.14048374103064923,0.09070122170183374,0.0638721858667182,0.02814258313189462
0.18160597465102835,0.24873946167709032,0.26073564610686994,0.6272253222808934,0.250938979829163,0.22834350335234638,0.1508038048588305,0.12333764738433009,0.06959811522855197,0.038819486347501306
0.1613355112424814,0.17485595235693904,0.24007089080684196,0.250938979829163,0.6143997762362634,0.23676526997804972,0.2093088107183907,0.13038504251508076,0.0949749717027212,0.04035486884765639
0.11458820328005045,0.15333108578698162,0.16517843189685766,0.22834350335234638,0.23676526997804972,0.5972169231306459,0.2160076982929243,0.18413090478671046,0.09998777746926873,0.058078562726651836
0.09466448442479378,0.1046700261116291,0.14048374103064923,0.1508038048588305,0.2093088107183907,0.2160076982929243,0.5689162354172419,0.1861817719741105,0.1418639759562628,0.057425002560177414
0.06278981444815415,0.08298112710336454,0.09070122170183374,0.12333764738433009,0.13038504251508076,0.18413090478671046,0.1861817719741105,0.5319152953007393,0.14265554092286384,0.08743227899497663
0.043106567317661805,0.0482022262921931,0.0638721858667182,0.06959811522855197,0.0949749717027212,0.09998777746926873,0.1418639759562628,0.14265554092286384,0.4686034910909442,0.08084009259887229
0.01951771217683663,0.026073685270017494,0.02814258313189462,0.038819486347501306,0.04035486884765639,0.058078562726651836,0.057425002560177414,0.08743227899497663,0.08084009259887229,0.38812423897168985
