1.9794320159525252,0.5971921356097185,0.5137755027339312,0.23347390698167853,0.16269714145098324,0.08387208299098141,0.05253611086435732,0.02772561644007182,0.014737370142532385,0.0047802260047498345
0.5971921356097185,1.9793483094397244,0.5970490272464876,0.5135297101177896,0.23305456631750576,0.16197472321329254,0.08264501974624275,0.05040859714612705,0.024145587138567084,0.008445693578093518
0.5137755027339312,0.5970490272464876,1.9791023444052536,0.5966298206519579,0.512806452135743,0.2318287279520933,0.15984267490707255,0.07907374149817267,0.04409077247449588,0.013824032026339599
0.23347390698167853,0.5135297101177896,0.5966298206519579,1.978379821917224,0.5954034103785527,0.5106779859715911,0.22825222467127082,0.1535441936681028,0.06871485655284641,0.0252779045038481
0.16269714145098324,0.23305456631750576,0.512806452135743,0.5954034103785527,1.9762482183172079,0.5918293467160091,0.5043642241990792,0.21791562842547535,0.1346488113900978,0.03931422632622101
0.08387208299098141,0.16197472321329254,0.2318287279520933,0.5106779859715911,0.5918293467160091,1.9699478400713817,0.581482343661039,0.4855340249040193,0.1884199201102878,0.07725920618343646
0.05253611086435732,0.08264501974624275,0.15984267490707255,0.22825222467127082,0.5043642241990792,0.581482343661039,1.951060549956208,0.5520310282240893,0.4278663651874197,0.10762929990114374
0.02772561644007182,0.05040859714612705,0.07907374149817267,0.1535441936681028,0.21791562842547535,0.4855340249040193,0.5520310282240893,1.8936364255810654,0.47105103895809236,0.2458779314307052
0.014737370142532385,0.024145587138567084,0.04409077247449588,0.06871485655284641,0.1346488113900978,0.1884199201102878,0.4278663651874197,0.47105103895809236,1.7106091301926485,0.26792940091532325
0.0047802260047498345,0.008445693578093518,0.013824032026339599,0.0252779045038481,0.03931422632622101,0.07725920618343646,0.10762929990114374,0.2458779314307052,0.26792940091532325,1.0922354382271693
