6.409820693779995,4.1976366364121835,4.063513968219774,3.3633423937294924,2.9133454716619718,2.3854272731315,1.905093665928208,1.4230264840733473,0.9451515063453361,0.49175099833740565
4.1976366364121835,6.163677717508652,3.9334285052886075,3.7800490251437076,3.058880233019046,2.5871768010424354,2.033882079918617,1.5315359916491704,1.0127320025046755,0.5283492535370651
4.063513968219774,3.9334285052886075,5.88007801918368,3.6291600403398094,3.453238838826656,2.7087790629633526,2.209814932277528,1.632946642997338,1.091030704579947,0.5655847638910095
3.3633423937294924,3.7800490251437076,3.6291600403398094,5.553630932336318,3.2785369549679704,3.0776055410187615,2.303952690090795,1.7795600882271905,1.1605813577707447,0.6106772301624503
2.9133454716619718,3.058880233019046,3.453238838826656,3.2785369549679704,5.177019259096233,2.875116888536554,2.642693043905528,1.8420715736959616,1.27158668468312,0.6461932824347445
2.3854272731315,2.5871768010424354,2.7087790629633526,3.0776055410187615,2.875116888536554,4.744743005123566,2.4094464642881,2.1472697367091294,1.2994337925130326,0.7166450226941183
1.905093665928208,2.033882079918617,2.209814932277528,2.303952690090795,2.642693043905528,2.4094464642881,4.242216312388736,1.8770190139331104,1.5585117049285284,0.7110768259117421
1.4230264840733473,1.5315359916491704,1.632946642997338,1.7795600882271905,1.8420715736959616,2.1472697367091294,1.8770190139331104,3.672598429455238,1.2611502009358189,0.9089134657451919
0.9451515063453361,1.0127320025046755,1.091030704579947,1.1605813577707447,1.27158668468312,1.2994337925130326,1.5585117049285284,1.2611502009358189,2.971426853036132,0.6095416174474315
0.49175099833740565,0.5283492535370651,0.5655847638910095,0.6106772301624503,0.6461932824347445,0.7166450226941183,0.7110768259117421,0.9089134657451919,0.6095416174474315,2.157692648441743
