5.404830876266952,-0.9018785225119708,-1.8659693261974633,0.9033585089824983,0.548476443958769,-0.5334260600588066,-0.08240878759189288,0.23130435767538757,-0.02877553809459646,-0.042277602864073595
-0.9018785225119708,5.4031136962362,-0.9013140354461437,-1.862344247181918,0.8997146665240807,0.5424016555522185,-0.5210536886075909,-0.07626115890473585,0.1986121918266181,-0.022016424390081925
-1.8659693261974633,-0.9013140354461437,5.398589546937743,-0.8997137957983621,-1.8528662021693583,0.8898987582232452,0.5267045066911697,-0.48815399657359004,-0.06097405802266073,0.11236186712315296
0.9033585089824983,-1.862344247181918,-0.8997137957983621,5.38914015714847,-0.8973497751125459,-1.8324402692880293,0.8712638506375223,0.4912548277368243,-0.42206037338763225,-0.021170154147047593
0.548476443958769,0.8997146665240807,-1.8528662021693583,-0.8973497751125459,5.365605143744599,-0.8876955241542976,-1.783990314046897,0.8176629780066176,0.41321725565834416,-0.24734905072845575
-0.5334260600588066,0.5424016555522185,0.8898987582232452,-1.8324402692880293,-0.8876955241542976,5.311951204901623,-0.8755918682938633,-1.6671622135801418,0.7143713194731436,0.20834064010163902
-0.08240878759189288,-0.5210536886075909,0.5267045066911697,0.8712638506375223,-1.783990314046897,-0.8755918682938633,5.191632335885409,-0.8262778896692378,-1.419442930470182,0.440425457468223
0.23130435767538757,-0.07626115890473585,-0.48815399657359004,0.4912548277368243,0.8176629780066176,-1.6671622135801418,-0.8262778896692378,4.888552987469821,-0.7457812036921082,-0.7673096030425656
-0.02877553809459646,0.1986121918266181,-0.06097405802266073,-0.42206037338763225,0.41321725565834416,0.7143713194731436,-1.419442930470182,-0.7457812036921082,4.261398904428539,-0.5291653891519914
-0.042277602864073595,-0.022016424390081925,0.11236186712315296,-0.021170154147047593,-0.24734905072845575,0.20834064010163902,0.440425457468223,-0.7673096030425656,-0.5291653891519914,2.607357363982387
