6.221367978378599,-1.7618608746441604,-3.934927318825905,3.50297076078296,1.0699190601172934,-3.059184690588233,0.8219993044433719,1.466197436200829,-1.0560317471520089,-0.1591748633945624
-1.7618608746441604,5.979158131999482,-1.7061255675133717,-3.7069407160342664,3.2942542711212233,0.9567080872563429,-2.758102451122693,0.7501045448370938,1.184490573311978,-0.7948348245414731
-3.934927318825905,-1.7061255675133717,5.436809859927498,-1.414999764373219,-3.3043630016285026,2.715537843169099,0.8931696037926584,-2.085733291686292,0.3831229677010458,0.6893336581874377
3.50297076078296,-3.7069407160342664,-1.414999764373219,4.999269396313996,-1.4485940512564492,-2.805388393281077,2.428408896505138,0.5353012833934085,-1.540386088767803,0.4195539874309087
1.0699190601172934,3.2942542711212233,-3.3043630016285026,-1.4485940512564492,4.582020974822139,-1.1412191854922928,-2.549786534379411,1.9273387204198764,0.5816711140162564,-1.0240125297911238
-3.059184690588233,0.9567080872563429,2.715537843169099,-2.805388393281077,-1.1412191854922928,3.8384007452468416,-0.9939304776427726,-1.8343733225975831,1.3025017609814797,0.20688384292052148
0.8219993044433719,-2.758102451122693,0.8931696037926584,2.428408896505138,-2.549786534379411,-0.9939304776427726,3.4640740688320077,-0.91167484391469,-1.47950973049614,0.9825366488073846
1.466197436200829,0.7501045448370938,-2.085733291686292,0.5353012833934085,1.9273387204198764,-1.8343733225975831,-0.91167484391469,2.630480122192552,-0.460493068617141,-0.8631574009881037
-1.0560317471520089,1.184490573311978,0.3831229677010458,-1.540386088767803,0.5816711140162564,1.3025017609814797,-1.47950973049614,-0.460493068617141,1.9507146012955592,-0.5114714882201787
-0.1591748633945624,-0.7948348245414731,0.6893336581874377,0.4195539874309087,-1.0240125297911238,0.20688384292052148,0.9825366488073846,-0.8631574009881037,-0.5114714882201787,1.3116060239595233
