0.8472523782634217,-0.14429472493866705,-0.20235992705349426,0.2313367833349032,-0.07258005872786752,-0.06402395262969449,0.08527159746606522,-0.030972294414913764,-0.01849532666256489,0.024461597981534636
-0.14429472493866705,0.8459511696649643,-0.14280640470179723,-0.20207463538236758,0.2280745192253799,-0.06830589121683452,-0.06411046525886704,0.07724099515171366,-0.018945079025890328,-0.020932295954533647
-0.20235992705349426,-0.14280640470179723,0.8442142320662287,-0.1430816137519281,-0.19835271173394492,0.22310213864000988,-0.06806542415529247,-0.0549745443221594,0.06328723940282077,-0.015772193711163528
0.2313367833349032,-0.20207463538236758,-0.1430816137519281,0.8440761907042046,-0.14235240145395578,-0.1991663496735906,0.22291207481443054,-0.06623163352369842,-0.0573204671797614,0.06325214598648493
-0.07258005872786752,0.2280745192253799,-0.19835271173394492,-0.14235240145395578,0.83589477795093,-0.1316594514880208,-0.19934460015056918,0.20276501763102517,-0.036131975387536486,-0.06332492993339177
-0.06402395262969449,-0.06830589121683452,0.22310213864000988,-0.1991663496735906,-0.1316594514880208,0.8216531601746556,-0.13103336832106505,-0.17308546019620588,0.16278233259177458,-0.02719573829729305
0.08527159746606522,-0.06411046525886704,-0.06806542415529247,0.22291207481443054,-0.19934460015056918,-0.13103336832106505,0.8210686051467763,-0.13136496329625016,-0.17147987844987292,0.1610436493825077
-0.030972294414913764,0.07724099515171366,-0.0549745443221594,-0.06623163352369842,0.20276501763102517,-0.17308546019620588,-0.13136496329625016,0.7714358209339293,-0.05741894420477398,-0.18596884884167836
-0.01849532666256489,-0.018945079025890328,0.06328723940282077,-0.0573204671797614,-0.036131975387536486,0.16278233259177458,-0.17147987844987292,-0.05741894420477398,0.6591447354494161,-0.03269839969912663
0.024461597981534636,-0.020932295954533647,-0.015772193711163528,0.06325214598648493,-0.06332492993339177,-0.02719573829729305,0.1610436493825077,-0.18596884884167836,-0.03269839969912663,0.6502858443959891
