5.874857158735368,-4.92215201250705,4.05173548360331,-3.242292518564297,2.5184432133742884,-1.8900059338084079,1.3573330689273941,-0.9153696573803956,0.5567176149291952,-0.2739531757798147
-4.92215201250705,5.8387017960953225,-4.874102082241514,3.989352924767195,-3.1630962548972774,2.4201353640277974,-1.7708188134184395,1.2165360927229047,-0.753983092020743,0.3784879830914577
4.05173548360331,-4.874102082241514,5.77459989000423,-4.790582350480009,3.8829525462687857,-3.0305483891244056,2.258822732970807,-1.579440733212909,0.9960525928692598,-0.5089107657476548
-3.242292518564297,3.989352924767195,-4.790582350480009,5.66542025410624,-4.651045768112128,3.70855865925162,-2.817573188056966,2.005176481735219,-1.285888299550975,0.6678952885552989
2.5184432133742884,-3.1630962548972774,3.8829525462687857,-4.651045768112128,5.48653380651368,-4.426773580787828,3.4337670708435257,-2.4891098556273032,1.6234128905575185,-0.8568542246654367
-1.8900059338084079,2.4201353640277974,-3.0305483891244056,3.70855865925162,-4.426773580787828,5.204480170147514,-4.080049113176523,3.0178228715116706,-2.003643682196625,1.0750178439819633
1.3573330689273941,-1.7708188134184395,2.258822732970807,-2.817573188056966,3.4337670708435257,-4.080049113176523,4.776797155131305,-3.5650645309826405,2.414176212523573,-1.3181670535909216
-0.9153696573803956,1.2165360927229047,-1.579440733212909,2.005176481735219,-2.4891098556273032,3.0178228715116706,-3.5650645309826405,4.154175161021931,-2.831872552414057,1.576936767126389
0.5567176149291952,-0.753983092020743,0.9960525928692598,-1.285888299550975,1.6234128905575185,-2.003643682196625,2.414176212523573,-2.831872552414057,3.2862628306722477,-1.8345975503096048
-0.2739531757798147,0.3784879830914577,-0.5089107657476548,0.6678952885552989,-0.8568542246654367,1.0750178439819633,-1.3181670535909216,1.576936767126389,-1.8345975503096048,2.1318812923076536
