1.9094547350760034,-0.5404190505596739,0.2711642054582381,-0.1698300794983802,0.11209237494563823,-0.07432290105095007,0.048604471695774705,-0.030585613510896115,0.01720146896225018,-0.00498408121917911
-0.5404190505596739,1.9091613387586497,-0.539983484447252,0.2705175683070482,-0.1688700089075062,0.11066635203512822,-0.07220035022263407,0.045412069062695404,-0.025537386625583927,0.007399217418180419
0.2711642054582381,-0.539983484447252,1.9085147122431498,-0.5390235091034054,0.2690922804135747,-0.16675298408419392,0.10751528505155125,-0.06746101272737376,0.03791759961817996,-0.01098496457367875
-0.1698300794983802,0.2705175683070482,-0.5390235091034054,1.9070895423093888,-0.5369075406583831,0.26594936545385667,-0.16207493513382004,0.10047926647854562,-0.0563344618490025,0.01631071086378519
0.11209237494563823,-0.1688700089075062,0.2690922804135747,-0.5369075406583831,1.9039479356328015,-0.5322412079276292,0.2590037604218901,-0.15162813132982716,0.08395702509557124,-0.02423570682172574
-0.07432290105095007,0.11066635203512822,-0.16675298408419392,0.26594936545385667,-0.5322412079276292,1.8970168406798766,-0.5219243479169533,0.2434842894606869,-0.1270684047781347,0.03613985290119019
0.048604471695774705,-0.07220035022263407,0.10751528505155125,-0.16207493513382004,0.2590037604218901,-0.5219243479169533,1.8816583000164329,-0.49880581912096755,0.20678877567303006,-0.05485084253319479
-0.030585613510896115,0.045412069062695404,-0.06746101272737376,0.10047926647854562,-0.15162813132982716,0.2434842894606869,-0.49880581912096755,1.8467476531934472,-0.4425724829635865,0.09038746468869342
0.01720146896225018,-0.025537386625583927,0.03791759961817996,-0.0563344618490025,0.08395702509557124,-0.1270684047781347,0.20678877567303006,-0.4425724829635865,1.7501421800714405,-0.2011103868080567
-0.00498408121917911,0.007399217418180419,-0.01098496457367875,0.01631071086378519,-0.02423570682172574,0.03613985290119019,-0.05485084253319479,0.09038746468869342,-0.2011103868080567,0.8787476794714637
