3.5158441763813246,1.382405908561345,0.30942657848802513,-0.2655123831346859,-0.39483658678696154,-0.2843653867825341,-0.12003782632022826,-0.0037778302434334464,0.03947689846784368,0.029137990537501504
1.382405908561345,3.5152921238394343,1.3819056583270164,0.30954393754519777,-0.2640318839368308,-0.3915526139783729,-0.2800028815036,-0.11739685174704688,-0.00786491379775785,0.02331122205598122
0.30942657848802513,1.3819056583270164,3.514489404700793,1.3811706344929493,0.3096962157557876,-0.2619051102944406,-0.3867960476390382,-0.27364198358045355,-0.11347008267962284,-0.013641200925763635
-0.2655123831346859,0.30954393754519777,1.3811706344929493,3.5124384588825617,1.3779921051702793,0.3069536099371099,-0.26089790696599385,-0.3778032715348503,-0.2543994799702613,-0.0886688107382861
-0.39483658678696154,-0.2640318839368308,0.3096962157557876,1.3779921051702793,3.50442000135556,1.3662952024499357,0.2979888294227679,-0.25447538825239036,-0.3408709128181078,-0.18084677095846122
-0.2843653867825341,-0.3915526139783729,-0.2619051102944406,0.3069536099371099,1.3662952024499357,3.4828216389248507,1.3422964028030582,0.29191992974552106,-0.21162148169216705,-0.22314726380408573
-0.12003782632022826,-0.2800028815036,-0.3867960476390382,-0.26089790696599385,0.2979888294227679,1.3422964028030582,3.446500298341097,1.3123032623349005,0.30667254195609506,-0.10427586654535181
-0.0037778302434334464,-0.11739685174704688,-0.27364198358045355,-0.3778032715348503,-0.25447538825239036,0.29191992974552106,1.3123032623349005,3.3888102583521365,1.2452089601226823,0.28325617405105197
0.03947689846784368,-0.00786491379775785,-0.11347008267962284,-0.2543994799702613,-0.3408709128181078,-0.21162148169216705,0.30667254195609506,1.2452089601226823,3.1919223390466267,0.9317726213312957
0.029137990537501504,0.02331122205598122,-0.013641200925763635,-0.0886688107382861,-0.18084677095846122,-0.22314726380408573,-0.10427586654535181,0.28325617405105197,0.9317726213312957,2.493249197869712
