4.972849345437003,-3.7703176726034178,3.3329911542340644,-2.895128383355586,2.4665254046209224,-2.044226271139143,1.6274436352026505,-1.2147870586734515,0.8065707225972529,-0.39319603651680846
-3.7703176726034178,4.717366981660105,-3.5013098382271393,3.0497416160874535,-2.5968842679413586,2.1524862375933593,-1.713596119981867,1.2791001118355472,-0.8492712275311266,0.41401225694685384
3.3329911542340644,-3.5013098382271393,4.434117625868939,-3.203064809809195,2.73570818373294,-2.2662195794540154,1.8043522230880225,-1.3468109709519003,0.8942335382075497,-0.43593035209399084
-2.895128383355586,3.0497416160874535,-3.203064809809195,4.120083030000657,-2.8724059467162837,2.387537579308125,-1.8996547948834412,1.4181488840826462,-0.9415689424598603,0.45900976588451203
2.4665254046209224,-2.5968842679413586,2.73570818373294,-2.8724059467162837,3.771919849342594,-2.5058039933810106,2.0015677012509245,-1.493006737179857,0.9914543055087073,-0.48330525615791525
-2.044226271139143,2.1524862375933593,-2.2662195794540154,2.387537579308125,-2.5058039933810106,3.3859026041512275,-2.0993930899311932,1.5733835316885183,-1.0437141805653558,0.508921945718615
1.6274436352026505,-1.713596119981867,1.8043522230880225,-1.8996547948834412,2.0015677012509245,-2.0993930899311932,2.9580206592510376,-1.6485873772961748,1.100355465144305,-0.5356828943561381
-1.2147870586734515,1.2791001118355472,-1.3468109709519003,1.4181488840826462,-1.493006737179857,1.5733835316885183,-1.6485873772961748,2.4830642567823444,-1.1502107403545123,0.5651447262769063
0.8065707225972529,-0.8492712275311266,0.8942335382075497,-0.9415689424598603,0.9914543055087073,-1.0437141805653558,1.100355465144305,-1.1502107403545123,1.9601572108378473,-0.5883848888533709
-0.39319603651680846,0.41401225694685384,-0.43593035209399084,0.45900976588451203,-0.48330525615791525,0.508921945718615,-0.5356828943561381,0.5651447262769063,-0.5883848888533709,1.358168200708403
