0.7055447434621614,-0.12489196109056175,0.09264616790420466,-0.0739800284505016,0.05883505049566246,-0.04628587760252853,0.03577318314715583,-0.02683482691164224,0.019097122997285665,-0.012916503613115712
-0.12489196109056175,0.704778941372853,-0.12394781002243066,0.09148213185418554,-0.07254489803811776,0.057065690615617004,-0.04410446792934834,0.03308443653400492,-0.02354468514999636,0.015924650576663903
0.09264616790420466,-0.12394781002243066,0.7036149053224183,-0.12251267959472292,0.08971277142715497,-0.07036346886212544,0.05437624865441191,-0.0407895344469489,0.02902804794233687,-0.019633370117238556
-0.0739800284505016,0.09148213185418554,-0.12251267959472292,0.7018455448771266,-0.12033124974513576,0.08702330542205382,-0.06704767809203899,0.050289294556537904,-0.03578844647243987,0.02420581998321298
0.05883505049566246,-0.07254489803811776,0.08971277142715497,-0.12033124974513576,0.6991560780693133,-0.11701542936575049,0.0829352944234662,-0.06200890620950729,0.044123494606373714,-0.02984316238937386
-0.04628587760252853,0.057065690615617004,-0.07036346886212544,0.08702330542205382,-0.11701542936575049,0.695068031785806,-0.11197535594336261,0.07672303614911985,-0.05440714560709216,0.036793635859572495
0.03577318314715583,-0.04410446792934834,0.05437624865441191,-0.06704767809203899,0.0829352944234662,-0.11197535594336261,0.6888542224875812,-0.10431638338168242,0.06735100271359665,-0.04537139539540239
-0.02683482691164224,0.03308443653400492,-0.0407895344469489,0.050289294556537904,-0.06200890620950729,0.07672303614911985,-0.10431638338168242,0.6794140104906908,-0.09276575952441658,0.056252689594035024
0.019097122997285665,-0.02354468514999636,0.02902804794233687,-0.03578844647243987,0.044123494606373714,-0.05440714560709216,0.06735100271359665,-0.09276575952441658,0.6653187633493269,-0.08057266046003089
-0.012916503613115712,0.015924650576663903,-0.019633370117238556,0.02420581998321298,-0.02984316238937386,0.036793635859572495,-0.04537139539540239,0.056252689594035024,-0.08057266046003089,0.7034071099737891
