5.154843629387675,-4.129369339447459,3.427260288426875,-2.804828582081063,2.2554300647063457,-1.7692857995050357,1.3357281866420798,-0.944462107192076,0.5864078890814961,-0.25453819849755627
-4.129369339447459,5.079982410852709,-4.040063329608557,3.32083094610943,-2.6781844049796266,2.1050700669219493,-1.5913677237365773,1.126262827500653,-0.6997441784819554,0.30388070062946504
3.427260288426875,-4.040063329608557,4.973443442796135,-3.913095086511192,3.1697437150942047,-2.4987986461037077,1.8927967654002757,-1.3414384080670931,0.8342404020548331,-0.36254885568323636
-2.804828582081063,3.32083094610943,-3.913095086511192,4.822125469534894,-3.7330272276435057,2.955939719865092,-2.2457801243833115,1.5948641318532784,-0.9932740633816493,0.432121516186157
2.2554300647063457,-2.6781844049796266,3.1697437150942047,-3.7330272276435057,4.607835803837157,-3.478573009476658,2.6547852544123685,-1.89111356271623,1.1803053326712316,-0.5143003158011767
-1.7692857995050357,2.1050700669219493,-2.4987986461037077,2.955939719865092,-3.478573009476658,4.305659090364546,-3.120884567863487,2.233445084941601,-1.398453830782655,0.6107922772667658
1.3357281866420798,-1.5913677237365773,1.8927967654002757,-2.2457801243833115,2.6547852544123685,-3.120884567863487,3.8821672747022284,-2.6218643281560348,1.649658478235151,-0.7230619220703495
-0.944462107192076,1.126262827500653,-1.3414384080670931,1.5948641318532784,-1.89111356271623,2.233445084941601,-2.6218643281560348,3.293851844027873,-1.933084707203904,0.8518455677441765
0.5864078890814961,-0.6997441784819554,0.8342404020548331,-0.9932740633816493,1.1803053326712316,-1.398453830782655,1.649658478235151,-1.933084707203904,2.486506582626778,-0.9962373001869846
-0.25453819849755627,0.30388070062946504,-0.36254885568323636,0.432121516186157,-0.5143003158011767,0.6107922772667658,-0.7230619220703495,0.8518455677441765,-0.9962373001869846,1.3963315373319167
