1.6426719352524557,0.4310299137776732,-0.3884411243188999,-0.30103043409518804,0.015562487104970562,0.10912979804826237,0.03699289915667045,-0.02136368579220695,-0.01768335868299372,-0.0006725846449915614
0.4310299137776732,1.6425188745459933,0.43096010356972136,-0.38807682963450973,-0.3004130283580285,0.015209481384007587,0.10693743174541188,0.035519071230529047,-0.01668554704227891,-0.008080761186790155
-0.3884411243188999,0.43096010356972136,1.642201434170883,0.43080091791822606,-0.38733770708350157,-0.2991094863232677,0.014551221392478731,0.10240780203317336,0.03226789617339889,-0.007254873383688701
-0.30103043409518804,-0.38807682963450973,0.43080091791822606,1.6409637824624081,0.42985263815530095,-0.3848292074577838,-0.29350230185967563,0.013664885399344823,0.08513942386855908,0.015166842854030062
0.015562487104970562,-0.3004130283580285,-0.38733770708350157,0.42985263815530095,1.6377403831363258,0.4289303896601835,-0.37653313628246005,-0.2813777464253693,0.0034209724373387576,0.03831354446308889
0.10912979804826237,0.015209481384007587,-0.2991094863232677,-0.3848292074577838,0.4289303896601835,1.6294161116316292,0.4221220549314687,-0.3601515355969682,-0.2429752167306245,-0.0003336425924106061
0.03699289915667045,0.10693743174541188,0.014551221392478731,-0.29350230185967563,-0.37653313628246005,0.4221220549314687,1.5976049941404453,0.4056263519325347,-0.28670221444881794,-0.11147487779793147
-0.02136368579220695,0.035519071230529047,0.10240780203317336,0.013664885399344823,-0.2813777464253693,-0.3601515355969682,0.4056263519325347,1.5313136294332745,0.37794254481362455,-0.12601800782209302
-0.01768335868299372,-0.01668554704227891,0.03226789617339889,0.08513942386855908,0.0034209724373387576,-0.2429752167306245,-0.28670221444881794,0.37794254481362455,1.2868026110941142,0.17968295397583467
-0.0006725846449915614,-0.008080761186790155,-0.007254873383688701,0.015166842854030062,0.03831354446308889,-0.0003336425924106061,-0.11147487779793147,-0.12601800782209302,0.17968295397583467,0.5950337370188958
