1.3168061303055325,-0.385818399085389,0.005731383597110017,0.15968289174680347,-0.15303478636196793,0.07595606459045656,-0.00648800334694232,-0.025154714120332065,0.02438519565359474,-0.01041736951270963
-0.385818399085389,1.3165940853454012,-0.3855351951536434,0.005601401726114059,0.15930880805344919,-0.15190622165493228,0.07433924731681238,-0.005554582748177101,-0.023441200321313457,0.018426965407317728
0.005731383597110017,-0.3855351951536434,1.316036196314689,-0.38496527778904094,0.005645905935492171,0.15788076826651706,-0.14885968676943206,0.0709505458669375,-0.005187668893680602,-0.016343363258244075
0.15968289174680347,0.005601401726114059,-0.38496527778904094,1.31508221115737,-0.3841905616811069,0.006162866694481042,0.1549325649688085,-0.14356197870406212,0.06614274509025422,-0.006943040671054765
-0.15303478636196793,0.15930880805344919,0.005645905935492171,-0.3841905616811069,1.3132692716266139,-0.3819987987770083,0.005558002647554443,0.15115263369839702,-0.13381171081840193,0.05345297840657902
0.07595606459045656,-0.15190622165493228,0.15788076826651706,0.006162866694481042,-0.3819987987770083,1.3072277594377937,-0.37378500318131874,0.001535059787692659,0.1408613236636943,-0.10172093384232496
-0.00648800334694232,0.07433924731681238,-0.14885968676943206,0.1549325649688085,0.005558002647554443,-0.37378500318131874,1.290518804584693,-0.356089848229528,0.001487079179534649,0.09967685194735187
-0.025154714120332065,-0.005554582748177101,0.0709505458669375,-0.14356197870406212,0.15115263369839702,0.001535059787692659,-0.356089848229528,1.2608689634013628,-0.33196999617858725,0.01746223906349856
0.02438519565359474,-0.023441200321313457,-0.005187668893680602,0.06614274509025422,-0.13381171081840193,0.1408613236636943,0.001487079179534649,-0.33196999617858725,1.2077703946794467,-0.27111172667083655
-0.01041736951270963,0.018426965407317728,-0.016343363258244075,-0.006943040671054765,0.05345297840657902,-0.10172093384232496,0.09967685194735187,0.01746223906349856,-0.27111172667083655,1.0362348257844949
