2.886341508325456,1.5725543285256436,1.070820605533342,0.5856380344019891,0.4096404206398168,0.21585707580352614,0.15457250506165168,0.07556704956098793,0.051543482495143886,0.016555817820550052
1.5725543285256436,2.886078925861155,1.5721763573069094,1.0701356312002048,0.5846251292052449,0.4078484464688558,0.2131509862527327,0.14987374651591115,0.06835437899188287,0.039200449285593505
1.070820605533342,1.5721763573069094,2.885092859854916,1.571105914647099,1.0676300537537575,0.5816484070988193,0.40143275255352595,0.2049786852671902,0.13334080209955304,0.04612464286955545
0.5856380344019891,1.0701356312002048,1.571105914647099,2.8832898904956057,1.5682634582493435,1.0628795783653897,0.5741076367706028,0.38890633765469024,0.18498828072220025,0.10028987953032449
0.4096404206398168,0.5846251292052449,1.0676300537537575,1.5682634582493435,2.8768998542418585,1.5604093741327882,1.0464673170336776,0.5526435330610354,0.34650603650132905,0.12679849941546045
0.21585707580352614,0.4078484464688558,0.5816484070988193,1.0628795783653897,1.5604093741327882,2.8643135662806465,1.539676399249303,1.0131347762105156,0.4978926809693426,0.2582606938005826
0.15457250506165168,0.2131509862527327,0.40143275255352595,0.5741076367706028,1.0464673170336776,1.539676399249303,2.822052981039699,1.483219432137386,0.9037294935002329,0.3452414182901151
0.07556704956098793,0.14987374651591115,0.2049786852671902,0.38890633765469024,0.5526435330610354,1.0131347762105156,1.483219432137386,2.7334816063070733,1.3345494493070627,0.6686347893099054
0.051543482495143886,0.06835437899188287,0.13334080209955304,0.18498828072220025,0.34650603650132905,0.4978926809693426,0.9037294935002329,1.3345494493070627,2.4497702396865257,0.9334066236517664
0.016555817820550052,0.039200449285593505,0.04612464286955545,0.10028987953032449,0.12679849941546045,0.2582606938005826,0.3452414182901151,0.6686347893099054,0.9334066236517664,1.824511563540051
