4.234465566941847,0.07090496954310876,-3.0520708032573074,-0.3234268093357169,2.0710023253714755,0.38158585430860226,-1.1982400718474686,-0.2723207503395254,0.41920645040879834,0.009623775426362136
0.07090496954310876,4.0628988852571295,0.023275243973801835,-2.8449268670412637,-0.23939656938654535,1.824096021159472,0.24760467710688655,-0.9080095393823123,-0.07114681394828545,0.08330745291273536
-3.0520708032573074,0.023275243973801835,3.867726581005754,0.05888207084915588,-2.5984750346852388,-0.2539135244414471,1.516555920986003,0.22860103466012033,-0.5287068525265253,-0.0019139847001407879
-0.3234268093357169,-2.8449268670412637,0.05888207084915588,3.6149919589237247,-0.01571774801463508,-2.293865601259394,-0.12468819801441643,1.1541560051146869,0.02464164875134227,-0.10359669714327793
2.0710023253714755,-0.23939656938654535,-2.5984750346852388,-0.01571774801463508,3.30022019112109,0.038957886552087206,-1.896721843456676,-0.14472785617083778,0.6589754656140844,-0.010094224428578656
0.38158585430860226,1.824096021159472,-0.2539135244414471,-2.293865601259394,0.038957886552087206,2.92884735752892,-0.07358163269858331,-1.4494748214656346,0.04874042341037304,0.12732588443301807
-1.1982400718474686,0.24760467710688655,1.516555920986003,-0.12468819801441643,-1.896721843456676,-0.07358163269858331,2.4225333898131565,0.005114552069840083,-0.8117779391802,0.027849867523806075
-0.2723207503395254,-0.9080095393823123,0.22860103466012033,1.1541560051146869,-0.14472785617083778,-1.4494748214656346,0.005114552069840083,1.8770696594692076,-0.15818306899376222,-0.154631518471324
0.41920645040879834,-0.07114681394828545,-0.5287068525265253,0.02464164875134227,0.6589754656140844,0.04874042341037304,-0.8117779391802,-0.15818306899376222,1.0661725565981606,-0.05316728575037244
0.009623775426362136,0.08330745291273536,-0.0019139847001407879,-0.10359669714327793,-0.010094224428578656,0.12732588443301807,0.027849867523806075,-0.154631518471324,-0.05316728575037244,0.26343745255701423
