2.140804683552228,1.1892798141442245,-0.06659856127124184,-0.9305282244819405,-1.0033281560851097,-0.4724757127219376,0.1580676180207036,0.4692479595253163,0.37611685942707185,0.09635975967311015
1.1892798141442245,2.0878581261853895,1.1468617967772623,-0.06219973159423156,-0.8670505055066915,-0.9100444700394188,-0.4114747834873338,0.12886610229670242,0.3422289772281095,0.2166790721218249
-0.06659856127124184,1.1468617967772623,2.0501885533793414,1.1446275412016753,-0.015419845099780005,-0.7909974636638553,-0.8536750971371359,-0.42491670736513076,0.03264481415126495,0.20986692002359902
-0.9305282244819405,-0.06219973159423156,1.1446275412016753,2.04082837028575,1.13298828653914,-0.02110955666038753,-0.784352419665619,-0.8357024687409381,-0.405710756589335,0.03866064372461359
-1.0033281560851097,-0.8670505055066915,-0.015419845099780005,1.13298828653914,1.9602200208087255,1.0226084059486793,-0.08595446148808603,-0.7383405122142055,-0.6772954371541454,-0.21967737571028798
-0.4724757127219376,-0.9100444700394188,-0.7909974636638553,-0.02110955666038753,1.0226084059486793,1.7953965739443318,0.9124511455171251,-0.03806700763358324,-0.5165347182099089,-0.3947343937715412
0.1580676180207036,-0.4114747834873338,-0.8536750971371359,-0.784352419665619,-0.08595446148808603,0.9124511455171251,1.7098631709095926,0.9258499776457627,0.09700622022689367,-0.32342738196536636
0.4692479595253163,0.12886610229670242,-0.42491670736513076,-0.8357024687409381,-0.7383405122142055,-0.03806700763358324,0.9258499776457627,1.666886942452472,0.8408392810735386,0.021568787708117668
0.37611685942707185,0.3422289772281095,0.03264481415126495,-0.405710756589335,-0.6772954371541454,-0.5165347182099089,0.09700622022689367,0.8408392810735386,1.3538434141992863,0.46530322531419027
0.09635975967311015,0.2166790721218249,0.20986692002359902,0.03866064372461359,-0.21967737571028798,-0.3947343937715412,-0.32342738196536636,0.021568787708117668,0.46530322531419027,0.8679168797637417
