0.9877996351989868,-0.0930084520410143,-0.14534879011212257,0.16004295487935455,-0.013013718009868714,-0.09250394518162233,0.06754194652320188,0.010066894885159433,-0.03875926671860629,0.01499430069310987
-0.0930084520410143,0.9859376386248678,-0.09070289021397623,-0.14495831431630804,0.15628838625256727,-0.009798520670001427,-0.09027139554001053,0.0606046139808316,0.013804836356380055,-0.03241386741273251
-0.14534879011212257,-0.09070289021397623,0.9791234557993623,-0.0871955129376299,-0.1385600419526697,0.14472627526559928,-0.0074717092946234255,-0.07576176406301825,0.04258764526807553,0.01081330266566273
0.16004295487935455,-0.14495831431630804,-0.0871955129376299,0.9750189644389236,-0.08817134829289192,-0.13159302669702055,0.13912640970034917,-0.011983650248530875,-0.06305060856526531,0.03635280803620491
-0.013013718009868714,0.15628838625256727,-0.1385600419526697,-0.08817134829289192,0.9666753242365385,-0.07833881691587155,-0.12934059926825175,0.12252246407454603,0.0014687903065785288,-0.05240521559800558
-0.09250394518162233,-0.009798520670001427,0.14472627526559928,-0.13159302669702055,-0.07833881691587155,0.9466082768381956,-0.07244581614907261,-0.1060272386335108,0.09043306600853933,-0.00017226531629798846
0.06754194652320188,-0.09027139554001053,-0.0074717092946234255,0.13912640970034917,-0.12934059926825175,-0.07244581614907261,0.9373848882838838,-0.07173975159933163,-0.09329330174919184,0.07656859370278336
0.010066894885159433,0.0606046139808316,-0.07576176406301825,-0.011983650248530875,0.12252246407454603,-0.1060272386335108,-0.07173975159933163,0.902687599478905,-0.03779585251942304,-0.07692629901902945
-0.03875926671860629,0.013804836356380055,0.04258764526807553,-0.06305060856526531,0.0014687903065785288,0.09043306600853933,-0.09329330174919184,-0.03779585251942304,0.8499105965397478,-0.03408172950958323
0.01499430069310987,-0.03241386741273251,0.01081330266566273,0.03635280803620491,-0.05240521559800558,-0.00017226531629798846,0.07656859370278336,-0.07692629901902945,-0.03408172950958323,0.8223075505976735
