1.5828587826446539,-0.15127952271934147,-0.2604284089267877,0.09339424461206194,0.07680772457045035,-0.044437412351531265,-0.01977303736632333,0.017816705535694102,0.0036849060274310964,-0.004194032844743082
-0.15127952271934147,1.5828154564056995,-0.1513191048596884,-0.2602875212163814,0.09344481315480885,0.0763840781571654,-0.044394475257344114,-0.01858520654249417,0.017170124425611364,0.0005866805996463061
-0.2604284089267877,-0.1513191048596884,1.5827015652729775,-0.15115608471647224,-0.260035047679545,0.09286900649514651,0.0759190357811758,-0.04254900031850176,-0.018075042018148246,0.011688008517658187
0.09339424461206194,-0.2602875212163814,-0.15115608471647224,1.5822282861574917,-0.1514115663197198,-0.25857412225905957,0.09295195313709373,0.07172089292021805,-0.040932346701344734,-0.0068299245102173365
0.07680772457045035,0.09344481315480885,-0.260035047679545,-0.1514115663197198,1.5816218620842544,-0.15041615474762488,-0.2572860315716758,0.08954794031838137,0.06955411746688848,-0.030279465692950466
-0.044437412351531265,0.0763840781571654,0.09286900649514651,-0.25857412225905957,-0.15041615474762488,1.5770209850696002,-0.15122095707038624,-0.2438249452289584,0.08589915507570309,0.03281987665969677
-0.01977303736632333,-0.044394475257344114,0.0759190357811758,0.09295195313709373,-0.2572860315716758,-0.15122095707038624,1.5737069974826527,-0.14746573698743703,-0.23604229440834607,0.07176716345617218
0.017816705535694102,-0.01858520654249417,-0.04254900031850176,0.07172089292021805,0.08954794031838137,-0.2438249452289584,-0.14746573698743703,1.5337048548413605,-0.14050698010956222,-0.12516520027673098
0.0036849060274310964,0.017170124425611364,-0.018075042018148246,-0.040932346701344734,0.06955411746688848,0.08589915507570309,-0.23604229440834607,-0.14050698010956222,1.5084641294169645,-0.1491889266277459
-0.004194032844743082,0.0005866805996463061,0.011688008517658187,-0.0068299245102173365,-0.030279465692950466,0.03281987665969677,0.07176716345617218,-0.12516520027673098,-0.1491889266277459,1.1964560937789066
