1.8762935744255147,0.011836630937876836,0.5089360972134065,-0.06840407475516305,0.16207959381129178,-0.04306280700677907,0.054186462704033135,-0.019460352564756384,0.017827415619288675,-0.005152221450107556
0.011836630937876836,1.8762116836166776,0.011946893874252715,0.5087150847828131,-0.06814076980889072,0.16146691256709017,-0.04247416320210358,0.052421256811134,-0.01833126232824118,0.012473799383618754
0.5089360972134065,0.011946893874252715,1.8760611994801586,0.012243524810476195,0.5083533694363727,-0.06732239432151958,0.1606472550357377,-0.0401321054808015,0.050794287032193214,-0.011289046907525233
-0.06840407475516305,0.5087150847828131,0.012243524810476195,1.8754642654140334,0.012950754880374945,0.506696716229306,-0.06574651410364002,0.15586678951552885,-0.03713525458413292,0.03626703992183494
0.16207959381129178,-0.06814076980889072,0.5083533694363727,0.012950754880374945,1.874592089512367,0.014897315874526335,0.5047077126862582,-0.06019438672154019,0.1518567573828678,-0.020513187948748672
-0.04306280700677907,0.16146691256709017,-0.06732239432151958,0.506696716229306,0.014897315874526335,1.869986777864618,0.019213186818688898,0.4913878833873371,-0.05209441566822521,0.11126122508263259
0.054186462704033135,-0.04247416320210358,0.1606472550357377,-0.06574651410364002,0.5047077126862582,0.019213186818688898,1.865392590533418,0.03143619331968135,0.48184143002352725,-0.015840385076087538
-0.019460352564756384,0.052421256811134,-0.0401321054808015,0.15586678951552885,-0.06019438672154019,0.4913878833873371,0.03143619331968135,1.8267452726299793,0.053939499724554696,0.363582116044338
0.017827415619288675,-0.01833126232824118,0.050794287032193214,-0.03713525458413292,0.1518567573828678,-0.05209441566822521,0.48184143002352725,0.053939499724554696,1.8055401719782043,0.1189703927891887
-0.005152221450107556,0.012473799383618754,-0.011289046907525233,0.03626703992183494,-0.020513187948748672,0.11126122508263259,-0.015840385076087538,0.363582116044338,0.1189703927891887,1.441862220132669
