2.5548447506585825,1.7155673628524926,1.3100426494792834,0.9989972903335935,0.7564949506911511,0.565830735557677,0.413938300371493,0.29040948895316143,0.18677053692233775,0.09543006681445143
1.7155673628524926,2.54713598116732,1.70555937419796,1.2970496760841106,0.9821290300376353,0.7345955595474694,0.5373996230363173,0.3770270824674735,0.24247675541992814,0.12389305803771265
1.3100426494792834,1.70555937419796,2.5341430077721787,1.6886911139036391,1.2751502850263023,0.9536979220176633,0.697684577597363,0.48947925773973827,0.31479792203855156,0.16084542683808006
0.9989972903335935,1.2970496760841106,1.6886911139036391,2.5122436167164444,1.6602600059950867,1.238239308920082,0.9057778630505473,0.6354714743577408,0.4086896152084452,0.20881921671730458
0.7564949506911511,0.9821290300376353,1.2751502850263023,1.6602600059950867,2.4753326407513794,1.6123399546103165,1.1760266033699183,0.8250090669214647,0.5305854965305017,0.27110167957173836
0.565830735557677,0.7345955595474694,0.9536979220176633,1.238239308920082,1.6123399546103165,2.4131199448071587,1.5315716744767567,1.0711676891960709,0.6888397753837564,0.35196055425357636
0.413938300371493,0.5373996230363173,0.697684577597363,0.9057778630505473,1.1760266033699183,1.5315716744767567,2.308261684339143,1.3954374975835906,0.8943844888079624,0.4569380767925488
0.29040948895316143,0.3770270824674735,0.48947925773973827,0.6354714743577408,0.8250090669214647,1.0711676891960709,1.3954374975835906,2.131522970088815,1.1659254287599623,0.5933134075266356
0.18677053692233775,0.24247675541992814,0.31479792203855156,0.4086896152084452,0.5305854965305017,0.6888397753837564,0.8943844888079624,1.1659254287599623,1.833479269561873,0.7749344452552273
0.09543006681445143,0.12389305803771265,0.16084542683808006,0.20881921671730458,0.27110167957173836,0.35196055425357636,0.4569380767925488,0.5933134075266356,0.7749344452552273,1.3194563175553247
