6.394294152385322,2.783929401026141,4.766006076051428,2.201994695170942,3.5253500293469724,1.609976279996215,2.3394802715386276,1.0120645550705727,1.1892753043045015,0.41163253959295276
2.783929401026141,6.207847194023209,2.541486933066602,4.564029675342646,1.9330545350668076,3.3069015695554977,1.3113305502038735,2.103648937484205,0.680056733478001,0.9352120009807999
4.766006076051428,2.541486933066602,5.678744148968312,2.2907523606750444,3.966521252549901,1.6765440859621088,2.630661318857921,1.0525268231532037,1.3365491892908237,0.4236593657123096
2.201994695170942,4.564029675342646,2.2907523606750444,5.459282493126657,2.0132024649396936,3.7283449626149014,1.3690463533516646,2.3725239861418217,0.7115305034297286,1.0572080006910256
3.5253500293469724,1.9330545350668076,3.966521252549901,2.0132024649396936,4.78421315130391,1.7300191527979851,2.9639551831893263,1.0843236869362765,1.5049959317016992,0.430768825910657
1.609976279996215,3.3069015695554977,1.6765440859621088,3.7283449626149014,1.7300191527979851,4.524722647508124,1.4171973137613374,2.681482195486904,0.7385288699119441,1.1977980815207805
2.3394802715386276,1.3113305502038735,2.630661318857921,1.3690463533516646,2.9639551831893263,1.4171973137613374,3.658758397058441,1.1038755512774001,1.698160341678433,0.43116067230074384
1.0120645550705727,2.103648937484205,1.0525268231532037,2.3725239861418217,1.0843236869362765,2.681482195486904,1.1038755512774001,3.349753323121988,0.7589795842405036,1.3602504303212943
1.1892753043045015,0.680056733478001,1.3365491892908237,0.7115305034297286,1.5049959317016992,0.7385288699119441,1.698160341678433,0.7589795842405036,2.2325633288445306,0.422572548181708
0.41163253959295276,0.9352120009807999,0.4236593657123096,1.0572080006910256,0.430768825910657,1.1977980815207805,0.43116067230074384,1.3602504303212943,0.422572548181708,1.8607768546785246
