0.4617483353361386,-0.008963113314265147,-0.029861732612950175,0.013730292987771607,0.000181826819506591,-0.0026965754532663924,0.0010489684517845249,9.19795141855512e-05,-0.00022713896766716235,5.8658590537013956e-05
-0.008963113314265147,0.461748325500409,-0.008963091203425609,-0.02986172770728089,0.013730166972205592,0.00018206648723675915,-0.0026964207634781892,0.0010473887736667242,9.449628481774052e-05,-0.00022417315838075012
-0.029861732612950175,-0.008963091203425609,0.4617479446926619,-0.008962405071986037,-0.02986117997799805,0.013725423774545931,0.00018918784742828908,-0.0026865983644506794,0.000989447279176377,0.00016510435255812173
0.013730292987771607,-0.02986172770728089,-0.008962405071986037,0.4617464743271638,-0.008962899027686622,-0.02985244680606975,0.013709619890756263,0.00017677113701913152,-0.002577766449917467,0.000825259536855497
0.000181826819506591,0.013730166972205592,-0.02986117997799805,-0.008962899027686622,0.46174464860647607,-0.008956470412799877,-0.02985643034118566,0.013684372290801591,0.0002507740441310267,-0.0026014866248630013
-0.0026965754532663924,0.00018206648723675915,0.013725423774545931,-0.02985244680606975,-0.008956470412799877,0.4616854197903498,-0.008865395148074868,-0.029738304138589338,0.012959133431559956,0.001159766783245582
0.0010489684517845249,-0.0026964207634781892,0.00018918784742828908,0.013709619890756263,-0.02985643034118566,-0.008865395148074868,0.46151449664043337,-0.008982020056890713,-0.02859845349166334,0.01116929117953459
9.19795141855512e-05,0.0010473887736667242,-0.0026865983644506794,0.00017677113701913152,0.013684372290801591,-0.029738304138589338,-0.008982020056890713,0.46114200946121275,-0.007587527555186517,-0.02958576287994083
-0.00022713896766716235,9.449628481774052e-05,0.000989447279176377,-0.002577766449917467,0.0002507740441310267,0.012959133431559956,-0.02859845349166334,-0.007587527555186517,0.4522419831596781,0.0038559729367209907
5.8658590537013956e-05,-0.00022417315838075012,0.00016510435255812173,0.000825259536855497,-0.0026014866248630013,0.001159766783245582,0.01116929117953459,-0.02958576287994083,0.0038559729367209907,0.43331259044693726
