2.271086535631615,0.20601906469101827,0.5911257541223044,0.32770985206283926,0.34459591871715295,0.2551817641392966,0.2153136269246171,0.16666326751191196,0.1130895745197181,0.09758656128019469
0.20601906469101827,2.261095711701971,0.1944443380025477,0.5780608687481217,0.31214050147357364,0.3280553395797697,0.23294122279701113,0.19755002144359474,0.1275260507273474,0.11317293590089275
0.5911257541223044,0.1944443380025477,2.2476864697599024,0.179307582264564,0.5600253584893934,0.2929732518657857,0.3023003117241621,0.21233493617822252,0.1522730596266562,0.12746783183104
0.32770985206283926,0.5780608687481217,0.179307582264564,2.2306024472187698,0.15894503474154756,0.538400957818687,0.26387518779692476,0.27910435821267104,0.16107411482662887,0.15257653147776917
0.34459591871715295,0.31214050147357364,0.5600253584893934,0.15894503474154756,2.2063490016534315,0.13314968475242092,0.5037917152953955,0.2360779001711144,0.21839604706307048,0.1605320170637932
0.2551817641392966,0.3280553395797697,0.2929732518657857,0.538400957818687,0.13314968475242092,2.1790040431878035,0.09622670540281184,0.47461933325192207,0.17070397913713553,0.21991557213928994
0.2153136269246171,0.23294122279701113,0.3023003117241621,0.26387518779692476,0.5037917152953955,0.09622670540281184,2.129759800455235,0.056067879417117356,0.3890022911599542,0.16729722521737894
0.16666326751191196,0.19755002144359474,0.21233493617822252,0.27910435821267104,0.2360779001711144,0.47461933325192207,0.056067879417117356,2.099603088428063,-0.017010416949763834,0.39748057769240797
0.1130895745197181,0.1275260507273474,0.1522730596266562,0.16107411482662887,0.21839604706307048,0.17070397913713553,0.3890022911599542,-0.017010416949763834,1.95483956750979,-0.03707435142198978
0.09758656128019469,0.11317293590089275,0.12746783183104,0.15257653147776917,0.1605320170637932,0.21991557213928994,0.16729722521737894,0.39748057769240797,-0.03707435142198978,2.0034709624438856
