5.445171064064113,1.2455637324608935,1.7447959383446217,0.7496627293078011,0.6533124096880503,0.3524555806731877,0.25049904406650775,0.13811186107208903,0.07026401587582795,0.01580289559721964
1.2455637324608935,5.443370187649262,1.2427891029514608,1.7406384715961751,0.7431581634061397,0.6437982153916548,0.33701098542056585,0.2291981157387052,0.10035128202004055,0.025260088494489033
1.7447959383446217,1.2427891029514608,5.439076227929888,1.2363997345166076,1.7305344619633125,0.7286270983677429,0.6195976944093077,0.3049944557923536,0.1688819506999309,0.03571219706032821
0.7496627293078011,1.7406384715961751,1.2363997345166076,5.42946480916641,1.2214529321699792,1.7084625315405564,0.6933137202690451,0.5697458987578948,0.21962561251432192,0.0610209760995816
0.6533124096880503,0.7431581634061397,1.7305344619633125,1.2214529321699792,5.405615162551003,1.1876399126663495,1.650928843794715,0.6198429069281656,0.4241199551700837,0.07738156959273632
0.3524555806731877,0.6437982153916548,0.7286270983677429,1.7084625315405564,1.1876399126663495,5.354497092832277,1.1087544399498892,1.533026158625276,0.4346599428967113,0.1549106501908986
0.25049904406650775,0.33701098542056585,0.6195976944093077,0.6933137202690451,1.650928843794715,1.1087544399498892,5.213441018589811,0.9431124951453972,1.1637661047050503,0.14852149541967202
0.13811186107208903,0.2291981157387052,0.3049944557923536,0.5697458987578948,0.6198429069281656,1.533026158625276,0.9431124951453972,4.927739465705832,0.5864522648669104,0.4337093068844589
0.07026401587582795,0.10035128202004055,0.1688819506999309,0.21962561251432192,0.4241199551700837,0.4346599428967113,1.1637661047050503,0.5864522648669104,3.896127544641609,0.169958342244255
0.01580289559721964,0.025260088494489033,0.03571219706032821,0.0610209760995816,0.07738156959273632,0.1549106501908986,0.14852149541967202,0.4337093068844589,0.169958342244255,1.6129310855576742
