15.606644819631105,-12.230814613883778,7.0509351375019005,-2.3403644189658475,-0.7869179472622276,2.166326487428499,-2.1932422402633067,1.470802838292117,-0.5734533063141384,-0.06992005617498244
-12.230814613883778,15.527759420330261,-12.124428501144122,6.948322177701252,-2.298437589060316,-0.6926902516429192,1.8649469850258362,-1.6592049959354271,0.7775727366097038,0.05752155490061646
7.0509351375019005,-12.124428501144122,15.388528585875015,-11.996059685170371,6.9074356555890715,-2.4436148624251444,-0.27299534589972796,1.1475376320436108,-0.7558647480275003,-0.004141014981706842
-2.3403644189658475,6.948322177701252,-11.996059685170371,15.278697006457186,-11.978481808507969,7.0727341068090395,-2.8669227217006212,0.4150582650708069,0.32029857669828826,-0.09852754627644833
-0.7869179472622276,-2.298437589060316,6.9074356555890715,-11.978481808507969,15.31418396611145,-12.09535016928,7.281803661471014,-3.1404200722486966,0.6670483607760594,0.24038586020656988
2.166326487428499,-0.6926902516429192,-2.4436148624251444,7.0727341068090395,-12.09535016928,15.278841172723471,-11.791875508636219,6.631950503787452,-2.177733950607666,-0.38195673524711604
-2.1932422402633067,1.8649469850258362,-0.27299534589972796,-2.8669227217006212,7.281803661471014,-11.791875508636219,14.168802286035662,-9.742851942492967,3.884932200495899,0.4490616136133114
1.470802838292117,-1.6592049959354271,1.1475376320436108,0.4150582650708069,-3.1404200722486966,6.631950503787452,-9.742851942492967,10.555334693791277,-5.070672858038811,-0.340919533577434
-0.5734533063141384,0.7775727366097038,-0.7558647480275003,0.32029857669828826,0.6670483607760594,-2.177733950607666,3.884932200495899,-5.070672858038811,4.698110400748537,-0.040712824720587446
-0.06992005617498244,0.05752155490061646,-0.004141014981706842,-0.09852754627644833,0.24038586020656988,-0.38195673524711604,0.4490616136133114,-0.340919533577434,-0.040712824720587446,0.7806753637340567
