1.8336675056125054,0.4557129675730963,0.373406620991703,0.30870648099095144,0.2516529550827274,0.20073093975971426,0.15469823190057314,0.11243357373282507,0.07290792657592694,0.035186480879940626
0.4557129675730963,1.8245265752722046,0.4450297644748461,0.36092093034648726,0.2941141841438287,0.23459862198215772,0.18079917172064836,0.13140355068819368,0.08520907151538515,0.04112320163909663
0.373406620991703,0.4450297644748461,1.8120408846269884,0.4304374676276985,0.34386659724425717,0.2741824159937822,0.21130393335185885,0.1535741736913274,0.0995856858090144,0.048061575660930014
0.30870648099095144,0.36092093034648726,0.4304374676276985,1.7949865515247296,0.410505699475712,0.3205719084842535,0.2469574092949791,0.17948548900660583,0.11638794646910246,0.05617060353286355
0.2516529550827274,0.2941141841438287,0.34386659724425717,0.410505699475712,1.7716918627624976,0.3832806926253657,0.28875345400684227,0.20977050483827633,0.13602514054286913,0.06564780031031774
0.20073093975971426,0.23459862198215772,0.2741824159937822,0.3205719084842535,0.3832806926253657,1.7398734081110183,0.3460937763305476,0.24529231404867335,0.15897745511135947,0.0767240336327314
0.15469823190057314,0.18079917172064836,0.21130393335185885,0.2469574092949791,0.28875345400684227,0.3460937763305476,1.6964122545551494,0.29529980184483706,0.1859293779183885,0.08967096293269979
0.11243357373282507,0.13140355068819368,0.1535741736913274,0.17948548900660583,0.20977050483827633,0.24529231404867335,0.29529980184483706,1.6370482562124886,0.22592107022555352,0.10492902926997172
0.07290792657592694,0.08520907151538515,0.0995856858090144,0.11638794646910246,0.13602514054286913,0.15897745511135947,0.1859293779183885,0.22592107022555352,1.5559649306533498,0.13123071920572474
0.035186480879940626,0.04112320163909663,0.048061575660930014,0.05617060353286355,0.06564780031031774,0.0767240336327314,0.08967096293269979,0.10492902926997172,0.13123071920572474,1.4437281552223853
