1.7136535312403454,0.2303958424125624,0.4052621348359614,0.2655337860423213,0.21375838972056194,0.16020095516593602,0.11970807938289758,0.08613688506174286,0.057262237670847975,0.035637810395808864
0.2303958424125624,1.7115508320235546,0.22770022507789636,0.4018069357072077,0.26110246243968,0.20808708173983032,0.15288614391475486,0.11054263193246465,0.07338139708907186,0.045690860207595795
0.4052621348359614,0.22770022507789636,1.7080951058025202,0.22327073055970187,0.3961260695680345,0.2538319618896389,0.19870964285437615,0.14113623112182833,0.09419034264769524,0.05854719906226401
0.2655337860423213,0.4018069357072077,0.22327073055970187,1.7024174506411591,0.21598908746443538,0.3868068577441518,0.24181211405228634,0.18364877789732087,0.1201761995190678,0.07517576822857833
0.21375838972056194,0.26110246243968,0.3961260695680345,0.21598908746443538,1.6930786779568967,0.20403711856745288,0.37139128107981845,0.22249649173068148,0.15676701396630296,0.09579144022569971
0.16020095516593602,0.20808708173983032,0.2538319618896389,0.3868068577441518,0.20403711856745288,1.6777822635170325,0.18430798654473846,0.3466703748648586,0.1880942043697736,0.12555124169212292
0.11970807938289758,0.15288614391475486,0.19870964285437615,0.24181211405228634,0.37139128107981845,0.18430798654473846,1.652335436485466,0.15242474665244732,0.30229093763899534,0.1478685394215184
0.08613688506174286,0.11054263193246465,0.14113623112182833,0.18364877789732087,0.22249649173068148,0.3466703748648586,0.15242474665244732,1.6123782147253627,0.09685337123568925,0.25171722405296715
0.057262237670847975,0.07338139708907186,0.09419034264769524,0.1201761995190678,0.15676701396630296,0.1880942043697736,0.30229093763899534,0.09685337123568925,1.53486493806546,0.027301746165554672
0.035637810395808864,0.045690860207595795,0.05854719906226401,0.07517576822857833,0.09579144022569971,0.12555124169212292,0.1478685394215184,0.25171722405296715,0.027301746165554672,1.4681303683965432
