3.083909318478553,-1.9034332434305794,0.6542925291144144,0.16079030467256922,-0.4447923264622932,0.37938321599431984,-0.19401308738061945,0.04388165544993721,0.016162011436209458,-0.007001490265519735
-1.9034332434305794,3.0830165645970276,-1.9021710279796842,0.653391819538039,0.1599993084802282,-0.44087907794388687,0.3720570815647557,-0.18587607997368139,0.041677875441608205,0.0026478020719326836
0.6542925291144144,-1.9021710279796842,3.078662429014176,-1.8948958135193399,0.6463848874133169,0.15968033847481383,-0.42406419107481497,0.33351387174681574,-0.13441388001366444,0.009872879443589559
0.16079030467256922,0.653391819538039,-1.8948958135193399,3.06373532763903,-1.8767155443752688,0.6381551725516408,0.13720752602480774,-0.3526999361855752,0.21836716406412288,-0.029132741139738433
-0.4447923264622932,0.1599993084802282,0.6463848874133169,-1.8767155443752688,3.037341308449494,-1.8567617622512866,0.6520815428170148,0.05891704946939228,-0.20177495170003884,0.045403014411488724
0.37938321599431984,-0.44087907794388687,0.15968033847481383,0.6381551725516408,-1.8567617622512866,3.0096092316182435,-1.8377500788313488,0.671277118085631,-0.029520144078364216,-0.03923467238052337
-0.19401308738061945,0.3720570815647557,-0.42406419107481497,0.13720752602480774,0.6520815428170148,-1.8377500788313488,2.93326433458589,-1.7030321869677982,0.5317060406538789,-0.012487433125015667
0.04388165544993721,-0.18587607997368139,0.33351387174681574,-0.3526999361855752,0.05891704946939228,0.671277118085631,-1.7030321869677982,2.5745784681097845,-1.1742103013697998,0.11914878473285546
0.016162011436209458,0.041677875441608205,-0.13441388001366444,0.21836716406412288,-0.20177495170003884,-0.029520144078364216,0.5317060406538789,-1.1742103013697998,1.6594981492222358,-0.24965834252609653
-0.007001490265519735,0.0026478020719326836,0.009872879443589559,-0.029132741139738433,0.045403014411488724,-0.03923467238052337,-0.012487433125015667,0.11914878473285546,-0.24965834252609653,0.4461790976067802
