0.9373885690004112,0.5128877943650831,0.3397110060692966,0.21102825921318671,0.11721599385302782,0.050380612561634515,0.004437897491638903,-0.024881768789752838,-0.040039552610172086,-0.04166269464002666
0.5128877943650831,0.9292521438687508,0.5027651589431172,0.3274660726129415,0.19670681359673342,0.10117607203094943,0.03347894360165269,-0.011710456975067644,-0.03755038758887177,-0.04492139257208785
0.3397110060692966,0.5027651589431172,0.9166361178770319,0.487472668799276,0.30953481392104004,0.17655590301101373,0.07983623194046524,0.01291360280382194,-0.028167881176155596,-0.0446143454591446
0.21102825921318671,0.3274660726129415,0.487472668799276,0.8980552463340272,0.46562190455477426,0.28488411031453736,0.15030263018741422,0.05429089716144439,-0.007973893949886787,-0.03810640406162382
0.11721599385302782,0.19670681359673342,0.30953481392104004,0.46562190455477426,0.8722673685294372,0.43639296750592316,0.25354297183888186,0.11945817286989419,0.028443610454261636,-0.02161445516762436
0.050380612561634515,0.10117607203094943,0.17655590301101373,0.28488411031453736,0.43639296750592316,0.8389355595265597,0.40033948673176833,0.21754989074077835,0.08838753984044331,0.010147903894311104
0.004437897491638903,0.03347894360165269,0.07983623194046524,0.15030263018741422,0.25354297183888186,0.40033948673176833,0.7994577272314848,0.3601502424216788,0.18149355093463815,0.06439120195208375
-0.024881768789752838,-0.011710456975067644,0.01291360280382194,0.05429089716144439,0.11945817286989419,0.21754989074077835,0.3601502424216788,0.7573011861420408,0.32019139786011874,0.1507292929812949
-0.040039552610172086,-0.03755038758887177,-0.028167881176155596,-0.007973893949886787,0.028443610454261636,0.08838753984044331,0.18149355093463815,0.32019139786011874,0.7158582732163822,0.2816965926788325
-0.04166269464002666,-0.04492139257208785,-0.0446143454591446,-0.03810640406162382,-0.02161445516762436,0.010147903894311104,0.06439120195208375,0.1507292929812949,0.2816965926788325,0.668982330088174
