29.037048448806846,-26.775865771969627,23.790282873085395,-20.419209591291384,16.911740306239054,-13.397289806257524,9.95872626002971,-6.6824320515009745,3.709914550966787,-1.3163488041724658
-26.775865771969627,27.005760803079415,-24.597845194995752,21.459478853838014,-17.933967739509562,14.27991951700851,-10.646492024291732,7.156693400822867,-3.9776578611690434,1.412444752907435
23.790282873085395,-24.597845194995752,24.670405212535545,-22.098664226973156,18.794693058866798,-15.111992659081219,11.330328975254114,-7.641877647591258,4.256188660465984,-1.5135322500748951
-20.419209591291384,21.459478853838014,-22.098664226973156,21.995896096809123,-19.24691162809583,15.77468083114195,-11.955325362991433,8.114603274080885,-4.537216687834501,1.6178256049975515
16.911740306239054,-17.933967739509562,18.794693058866798,-19.24691162809583,18.955112368354094,-16.026631934371725,12.408516392177091,-8.525840466470946,4.8028476007393905,-1.7212736249089506
-13.397289806257524,14.27991951700851,-15.111992659081219,15.77468083114195,-16.026631934371725,15.544574689685797,-12.461254682021774,8.775385086933856,-5.015990372240444,1.8152842871617427
9.95872626002971,-10.646492024291732,11.330328975254114,-11.955325362991433,12.408516392177091,-12.461254682021774,11.816650792065385,-8.661103749281187,5.101281203444644,-1.8821990403503155
-6.6824320515009745,7.156693400822867,-7.641877647591258,8.114603274080885,-8.525840466470946,8.775385086933856,-8.661103749281187,7.94004567969048,-4.907155556283884,1.8862936042297922
3.709914550966787,-3.9776578611690434,4.256188660465984,-4.537216687834501,4.8028476007393905,-5.015990372240444,5.101281203444644,-4.907155556283884,4.2924636480219425,-1.7558861102081336
-1.3163488041724658,1.412444752907435,-1.5135322500748951,1.6178256049975515,-1.7212736249089506,1.8152842871617427,-1.8821990403503155,1.8862936042297922,-1.7558861102081336,1.5097860541424053
