2.881290537563096,1.3123109721287034,0.8784465632274793,0.5713361129276938,0.3817826047084911,0.24669111483352393,0.16307478303440834,0.10181608411845172,0.06308398192764626,0.031150110042483553
1.3123109721287034,2.8803274277969297,1.311533239625609,0.8762515196553216,0.5695347948357488,0.37677930680823246,0.24252053585957462,0.15166926983105708,0.09216325128644146,0.03708131164659255
0.8784465632274793,1.311533239625609,2.8797560630288204,1.3097617337843555,0.8749252553370487,0.5654992333139578,0.3737021577903239,0.23332633873734532,0.14453288572322567,0.07121385511285648
0.5713361129276938,0.8762515196553216,1.3097617337843555,2.8747533125091707,1.3056586685616933,0.8635222211795047,0.555999316982629,0.34770790848681943,0.211338456470166,0.08527054461371905
0.3817826047084911,0.5695347948357488,0.8749252553370487,1.3056586685616933,2.871674924060626,1.296311600456366,0.8563802237830843,0.5347036728914653,0.33114531871140684,0.16281475243915638
0.24669111483352393,0.37677930680823246,0.5654992333139578,0.8635222211795047,1.296311600456366,2.845683481192495,1.2746698630415738,0.7971305928093447,0.4846125381002332,0.19606701404144775
0.16307478303440834,0.24252053585957462,0.3737021577903239,0.555999316982629,0.8563802237830843,1.2746698630415738,2.8291145368222566,1.2253623852923219,0.7587083001239774,0.3722604422690736
0.10181608411845172,0.15166926983105708,0.23332633873734532,0.34770790848681943,0.5347036728914653,0.7971305928093447,1.2253623852923219,2.694050620823341,1.1112358595097045,0.450788414230013
0.06308398192764626,0.09216325128644146,0.14453288572322567,0.211338456470166,0.33114531871140684,0.4846125381002332,0.7587083001239774,1.1112358595097045,2.6049557843818745,0.8511839860743184
0.031150110042483553,0.03708131164659255,0.07121385511285648,0.08527054461371905,0.16281475243915638,0.19606701404144775,0.3722604422690736,0.450788414230013,0.8511839860743184,1.90295983517062
