2.380517559597921,-0.2021578956580241,0.025846705547990335,-0.0026510882108559102,0.0005552308589319419,3.6794094562903325e-05,4.291170729834115e-05,1.6143874444995632e-05,7.56128255529988e-06,2.593439637255412e-06
-0.2021578956580241,2.3805175579254514,-0.20215789934756767,0.025846697404470962,-0.0026511061506310422,0.0005551910564041015,3.670809582039971e-05,4.2707110456213033e-05,1.5813978835542848e-05,5.839873228596272e-06
0.025846705547990335,-0.20215789934756767,2.380517549786202,-0.2021579173128395,0.025846657831220705,-0.002651193978367124,0.0005550015168215782,3.625529693497736e-05,4.1991200614968775e-05,1.191954604183296e-05
-0.0026510882108559102,0.025846697404470962,-0.2021579173128395,2.3805175101359133,-0.20215800468058254,0.025846464155172402,-0.002651613779829571,0.0005540139544332697,3.4578199090353476e-05,3.4188125621499536e-05
0.0005552308589319419,-0.0026511061506310422,0.025846657831220705,-0.20215800468058254,2.380517317849744,-0.2021584327809176,0.02584555122000669,-0.0026538861941018234,0.0005511118447058788,1.0909186011675555e-05
3.6794094562903325e-05,0.0005551910564041015,-0.002651193978367124,0.025846464155172402,-0.2021584327809176,2.380516379839349,-0.20216055547273354,0.025841302738121876,-0.002666814924544963,0.0005516602588041017
4.291170729834115e-05,3.670809582039971e-05,0.0005550015168215782,-0.002651613779829571,0.02584555122000669,-0.20216055547273354,2.3805125837472167,-0.202176185391021,0.025866141457060184,-0.003097109247454423
1.6143874444995632e-05,4.2707110456213033e-05,3.625529693497736e-05,0.0005540139544332697,-0.0026538861941018234,0.025841302738121876,-0.202176185391021,2.380529260766626,-0.20255774677199695,0.028445293125083204
7.56128255529988e-06,1.5813978835542848e-05,4.1991200614968775e-05,3.4578199090353476e-05,0.0005511118447058788,-0.002666814924544963,0.025866141457060184,-0.20255774677199695,2.3832556601094264,-0.22572075177212672
2.593439637255412e-06,5.839873228596272e-06,1.191954604183296e-05,3.4188125621499536e-05,1.0909186011675555e-05,0.0005516602588041017,-0.003097109247454423,0.028445293125083204,-0.22572075177212672,2.5680916073749698
