9.366550070554846,7.118884274495418,5.974932321027648,4.970515780642814,4.0794647300734725,3.2833082193381418,2.5623623264099296,1.9007017043656096,1.2829372693389423,0.6944042067676477
7.118884274495418,9.225482173911661,6.954803902965944,5.783843374777393,4.748299274894443,3.820609528121041,2.9823683059692834,2.211693644560285,1.4931699234280897,0.8078621804609134
5.974932321027648,6.954803902965944,9.034634282151497,6.732542710635388,5.525374962764211,4.447217491286865,3.4705744872084447,2.574496294992728,1.737676576165775,0.9405986606270523
4.970515780642814,5.783843374777393,6.732542710635388,8.775787364179283,6.431531094306748,5.174732580761043,4.039568246253164,2.995562470035055,2.0224592645022685,1.0941447717110333
4.0794647300734725,4.748299274894443,5.525374962764211,6.431531094306748,8.42573931568539,6.023771671971654,4.700674216107711,3.4871814266473544,2.3535929432279747,1.274104488683798
3.2833082193381418,3.820609528121041,4.447217491286865,5.174732580761043,6.023771671971654,7.950747723134798,5.4715578537694345,4.057207255415241,2.7393758928882814,1.481843134540238
2.5623623264099296,2.9823683059692834,3.4705744872084447,4.039568246253164,4.700674216107711,5.4715578537694345,7.308746125398707,4.723480671628474,3.187808731072642,1.7259070188793577
1.9007017043656096,2.211693644560285,2.574496294992728,2.995562470035055,3.4871814266473544,4.057207255415241,4.723480671628474,6.4370466747762265,3.7104383423865315,2.0068556729641998
1.2829372693389423,1.4931699234280897,1.737676576165775,2.0224592645022685,2.3535929432279747,2.7393758928882814,3.187808731072642,3.7104383423865315,5.259706552099516,2.3380048644038722
0.6944042067676477,0.8078621804609134,0.9405986606270523,1.0941447717110333,1.274104488683798,1.481843134540238,1.7259070188793577,2.0068556729641998,2.3380048644038722,3.659784442043689
