1.2014582315035782,0.14994398483785076,0.012055495596624248,-0.07236175371867468,-0.07770069944753398,-0.0359247730501844,0.006684710835323914,0.023554115185467565,0.016595043706838255,0.00405591006664161
0.14994398483785076,1.200313469300895,0.14892301343834052,0.012279241145756787,-0.07018051784015364,-0.07428235383398823,-0.0337777465758931,0.004441338431411774,0.015869901499004267,0.007104350190314429
0.012055495596624248,0.14892301343834052,1.1989570488391061,0.14834364142542053,0.01364563444350652,-0.06677740967141665,-0.07073306471396687,-0.03354459486566878,-0.001375261803880513,0.005299240160948993
-0.07236175371867468,0.012279241145756787,0.14834364142542053,1.1975525113646635,0.14690583205544241,0.013596682761224459,-0.06434163153113924,-0.06639183092509715,-0.030231606472782217,-0.0032000045038727927
-0.07770069944753398,-0.07018051784015364,0.01364563444350652,0.14690583205544241,1.1926445402558055,0.14085272530580276,0.011628151565941216,-0.05716618481900351,-0.05040410665526761,-0.014883110479977903
-0.0359247730501844,-0.07428235383398823,-0.06677740967141665,0.013596682761224459,0.14085272530580276,1.1821553812538725,0.1331423231890843,0.0165512650043455,-0.03504460008796148,-0.02038990907701797
0.006684710835323914,-0.0337777465758931,-0.07073306471396687,-0.06434163153113924,0.011628151565941216,0.1331423231890843,1.1721369824558026,0.1291605388405552,0.02716289954603732,-0.009523350701676432
0.023554115185467565,0.004441338431411774,-0.03354459486566878,-0.06639183092509715,-0.05716618481900351,0.0165512650043455,0.1291605388405552,1.1565476382693205,0.10890771883124518,0.019117478287036756
0.016595043706838255,0.015869901499004267,-0.001375261803880513,-0.030231606472782217,-0.05040410665526761,-0.03504460008796148,0.02716289954603732,0.10890771883124518,1.1025569823212642,0.05009879113343342
0.00405591006664161,0.007104350190314429,0.005299240160948993,-0.0032000045038727927,-0.014883110479977903,-0.02038990907701797,-0.009523350701676432,0.019117478287036756,0.05009879113343342,1.0139238364492766
