7.068635071150357,2.5302660229285507,-0.817488261859123,-1.899950053195264,-1.2465290100282005,-0.1730530715901213,0.43068275650641985,0.42601671154873816,0.13418111757094095,-0.08099986158464706
2.5302660229285507,7.058875578903769,2.5209399530646395,-0.8139065601333368,-1.8737264402335398,-1.2062314097032116,-0.15486643522137097,0.3788069744326514,0.2929514805677771,0.0008430717883717853
-0.817488261859123,2.5209399530646395,7.050493140252164,2.5253288564899012,-0.7882017615654656,-1.836079653410133,-1.1917873454645562,-0.20797669785868578,0.2513892210513675,0.17252609300801627
-1.899950053195264,-0.8139065601333368,2.5253288564899012,7.050942115811552,2.5168834426119053,-0.8045625196333146,-1.8481103148309685,-1.1792065492148602,-0.15962033717418894,0.3130826401450645
-1.2465290100282005,-1.8737264402335398,-0.7882017615654656,2.5168834426119053,6.981267322993565,2.407553984431228,-0.8570094742658272,-1.7130365549137663,-0.8219817773124294,0.20718413199202035
-0.1730530715901213,-1.2062314097032116,-1.836079653410133,-0.8045625196333146,2.407553984431228,6.816276568050758,2.3372338662768892,-0.6370556900913706,-1.1631751156943084,-0.2827912659998321
0.43068275650641985,-0.15486643522137097,-1.1917873454645562,-1.8481103148309685,-0.8570094742658272,2.3372338662768892,6.7986548798820525,2.4535170233990415,-0.38763875723063324,-0.9534551217625997
0.42601671154873816,0.3788069744326514,-0.20797669785868578,-1.1792065492148602,-1.7130365549137663,-0.6370556900913706,2.4535170233990415,6.546559469073397,1.7479705621106403,-1.1431067377933046
0.13418111757094095,0.2929514805677771,0.2513892210513675,-0.15962033717418894,-0.8219817773124294,-1.1631751156943084,-0.38763875723063324,1.7479705621106403,4.732418939648143,-0.07347872554079876
-0.08099986158464706,0.0008430717883717853,0.17252609300801627,0.3130826401450645,0.20718413199202035,-0.2827912659998321,-0.9534551217625997,-1.1431067377933046,-0.07347872554079876,3.0030134100460053
