0.9437690084666845,0.016020865223278655,-0.1343592545380562,-0.020748632442227515,0.03719422158665353,0.010505460709767794,-0.0096605381940339,-0.004013760660995876,0.0022164113515245167,0.0005641144004195995
0.016020865223278655,0.9437671474739108,0.01603524701490694,-0.13434714913648346,-0.020792418259187158,0.03713557230334491,0.010629968052754544,-0.00941177222550773,-0.004334696794308225,0.001244900948319604
-0.1343592545380562,0.01603524701490694,0.9437388402033244,0.01597514342556177,-0.13427561458578113,-0.020560119619143544,0.036987268072661394,0.00978389472601817,-0.009251477864530473,-0.0014065237626565577
-0.020748632442227515,-0.13434714913648346,0.01597514342556177,0.9436736021526466,0.016152216215428707,-0.13398332479770672,-0.02104138420354844,0.03580371850610366,0.010934794041560576,-0.00478116554667679
0.03719422158665353,-0.020792418259187158,-0.13427561458578113,0.016152216215428707,0.943502998905223,0.015484045326922899,-0.1336757284716879,-0.01865582659818827,0.03572592697439343,0.002829705057443987
0.010505460709767794,0.03713557230334491,-0.020560119619143544,-0.13398332479770672,0.015484045326922899,0.9422439805719446,0.01723703745070338,-0.1287068875520176,-0.022582339480006743,0.017323945561870988
-0.0096605381940339,0.010629968052754544,0.036987268072661394,-0.02104138420354844,-0.1336757284716879,0.01723703745070338,0.9419107726325611,0.011169670677353723,-0.1300290518747983,-0.0025818119855260213
-0.004013760660995876,-0.00941177222550773,0.00978389472601817,0.03580371850610366,-0.01865582659818827,-0.1287068875520176,0.011169670677353723,0.9226443602223766,0.02392469471274821,-0.059673621964276245
0.0022164113515245167,-0.004334696794308225,-0.009251477864530473,0.010934794041560576,0.03572592697439343,-0.022582339480006743,-0.1300290518747983,0.02392469471274821,0.9322692974531785,-0.015357050299834456
0.0005641144004195995,0.001244900948319604,-0.0014065237626565577,-0.00478116554667679,0.002829705057443987,0.017323945561870988,-0.0025818119855260213,-0.059673621964276245,-0.015357050299834456,0.6782973328253465
