4.051627527234929,2.2151457340264145,2.278119627697662,1.7412822408408548,1.6070814441348282,1.2382164826220579,1.038826809010329,0.7393871119315144,0.5259620230771587,0.24633702207425273
2.2151457340264145,3.941169917660445,2.09622452238697,2.1455544423602935,1.6008374543281882,1.446838937601812,1.0742044966617441,0.8422355476304391,0.5526080528245604,0.27752014800818614
2.278119627697662,2.09622452238697,3.8128446491526584,1.9536485325462642,1.9937662088813068,1.4288648193447804,1.2689706428277212,0.8641523224032814,0.6380944851159465,0.28945357369136265
1.7412822408408548,2.1455544423602935,1.9536485325462642,3.65367339656353,1.7853869880231057,1.801176384881745,1.2326746207403143,1.0322270492247148,0.6415236037560651,0.33775477071590126
1.6070814441348282,1.6008374543281882,1.9937662088813068,1.7853869880231057,3.4739397141751454,1.582734622143017,1.5900675704432343,0.9859078740912923,0.7886585215578825,0.33425589029562464
1.2382164826220579,1.446838937601812,1.4288648193447804,1.801176384881745,1.582734622143017,3.2404443428740626,1.3472205265261983,1.3018608878165558,0.7206720044573829,0.4201220760969373
1.038826809010329,1.0742044966617441,1.2689706428277212,1.2326746207403143,1.5900675704432343,1.3472205265261983,2.9912196459253773,1.0623902778160592,1.011053408360472,0.3708686094968899
0.7393871119315144,0.8422355476304391,0.8641523224032814,1.0322270492247148,0.9859078740912923,1.3018608878165558,1.0623902778160592,2.632532357317407,0.7467068151527829,0.5451458116972037
0.5259620230771587,0.5526080528245604,0.6380944851159465,0.6415236037560651,0.7886585215578825,0.7206720044573829,1.011053408360472,0.7467068151527829,2.2848247037908926,0.3717793358854533
0.24633702207425273,0.27752014800818614,0.28945357369136265,0.33775477071590126,0.33425589029562464,0.4201220760969373,0.3708686094968899,0.5451458116972037,0.3717793358854533,1.6619922039379098
