1.1033608693111316,-0.5571673425363995,0.46543842878718833,-0.3846431634402723,0.3130104418903005,-0.24872473067769163,0.1903840796254234,-0.13647453792033912,0.08588861148650109,-0.03720369294733734
-0.5571673425363995,1.0909394355926196,-0.5426990295678908,0.4485434556563418,-0.36497646279414575,0.29002722073747766,-0.22199710550202206,0.15911107266252164,-0.10016197450855135,0.04331970718331478
0.46543842878718833,-0.5426990295678908,1.0740825123409756,-0.5230212869023382,0.42562805389270786,-0.33821040534869906,0.2588805353442233,-0.1855826193811011,0.11678626117577517,-0.0506067307153262
-0.3846431634402723,0.4485434556563418,-0.5230212869023382,1.051102495566079,-0.49627398063888073,0.3943661999184192,-0.30186118360171443,0.2163412088625129,-0.13620045726741387,0.058878054565424255
0.3130104418903005,-0.36497646279414575,0.42562805389270786,-0.49627398063888073,1.019950368607171,-0.45989291627213436,0.3520224488055831,-0.25236819174703073,0.158797284323647,-0.06885230407459361
-0.24872473067769163,0.29002722073747766,-0.33821040534869906,0.3943661999184192,-0.45989291627213436,0.9774202828072541,-0.4104539984717622,0.2941464048243586,-0.1852082458524421,0.08000387237869956
0.1903840796254234,-0.22199710550202206,0.2588805353442233,-0.30186118360171443,0.3520224488055831,-0.4104539984717622,0.919860666056726,-0.3432022258565217,0.2159169868252107,-0.09370563494543707
-0.13647453792033912,0.15911107266252164,-0.1855826193811011,0.2163412088625129,-0.25236819174703073,0.2941464048243586,-0.3432022258565217,0.8410939020921281,-0.2518555519646533,0.10866661760985108
0.08588861148650109,-0.10016197450855135,0.11678626117577517,-0.13620045726741387,0.158797284323647,-0.1852082458524421,0.2159169868252107,-0.2518555519646533,0.7347560355269034,-0.1275928296359376
-0.03720369294733734,0.04331970718331478,-0.0506067307153262,0.058878054565424255,-0.06885230407459361,0.08000387237869956,-0.09370563494543707,0.10866661760985108,-0.1275928296359376,0.5886879654734691
