1.3487536525790207,-0.8024150440002802,0.5814050626871596,-0.4451295936395293,0.3384063253620371,-0.24379894149690862,0.15534072370785945,-0.07103508863591279,-0.008194583399702273,0.0748022739197204
-0.8024150440002802,1.3125379681124067,-0.7613905037309758,0.5349398635223312,-0.3925247625276408,0.27892622156092417,-0.17679847165179904,0.08071988644219191,0.009206104754998135,-0.08471047545720012
0.5814050626871596,-0.7613905037309758,1.2660660365778478,-0.7087554911636645,0.4753500065165963,-0.32514681271824863,0.2030296740908495,-0.09227087225782678,-0.010170418275847862,0.09586323811898755
-0.4451295936395293,0.5349398635223312,-0.7087554911636645,1.2064506282275331,-0.641262993758358,0.39903691300666766,-0.23918656463955013,0.10729766989371368,0.010654446184967636,-0.10825690347124617
0.3384063253620371,-0.3925247625276408,0.4753500065165963,-0.641262993758358,1.130040559768815,-0.5548680034995352,0.30172399275413503,-0.13082391852891737,-0.00916450420414372,0.12149010071567226
-0.24379894149690862,0.27892622156092417,-0.32514681271824863,0.39903691300666766,-0.5548680034995352,1.032359590756136,-0.4448553815716855,0.1792617722386305,0.0006480109536529375,-0.1337773549846121
0.15534072370785945,-0.17679847165179904,0.2030296740908495,-0.23918656463955013,0.30172399275413503,-0.4448553815716855,0.9085005157793866,-0.3071213033447198,0.03187696156122466,0.13863763978933127
-0.07103508863591279,0.08071988644219191,-0.09227087225782678,0.10729766989371368,-0.13082391852891737,0.1792617722386305,-0.3071213033447198,0.7558142271534478,-0.14536495836221075,-0.1137926884143728
-0.008194583399702273,0.009206104754998135,-0.010170418275847862,0.010654446184967636,-0.00916450420414372,0.0006480109536529375,0.03187696156122466,-0.14536495836221075,0.5900238922972431,-0.01603434711760539
0.0748022739197204,-0.08471047545720012,0.09586323811898755,-0.10825690347124617,0.12149010071567226,-0.1337773549846121,0.13863763978933127,-0.1137926884143728,-0.01603434711760539,0.5630897422157901
