2.7409407565540054,1.1480158857259302,0.9369325157244426,0.6904828302011914,0.5120123111477818,0.37405805424551974,0.2667293615778942,0.1810922453681334,0.11059255793695374,0.045540669520763626
1.1480158857259302,2.73622947553943,1.1417537750622464,0.928609076047844,0.6794195916350851,0.49730677623993813,0.35451727188767723,0.24070436665993583,0.14699659470758572,0.06053147954714117
0.9369325157244426,1.1417537750622464,2.7279060429437316,1.1306904782229878,0.9139041106711685,0.6598733818713123,0.47133368290299305,0.3199255338471706,0.19538532663447766,0.08045671798851875
0.6904828302011914,0.928609076047844,1.1306904782229878,2.7132009876020606,1.1111450088373631,0.8879237812672442,0.6253506006764256,0.42535521748071775,0.2596885984065475,0.10694229089628712
0.5120123111477818,0.6794195916350851,0.9139041106711685,1.1111450088373631,2.6872218012308036,1.0766128209125756,0.8420372522801607,0.564237547506855,0.3452903822804993,0.14213218919713233
0.37405805424551974,0.49730677623993813,0.6598733818713123,0.8879237812672442,1.0766128209125756,2.641320749665494,1.0156192831118325,0.7608043366655386,0.45781248092304105,0.1890398038116947
0.2667293615778942,0.35451727188767723,0.47133368290299305,0.6253506006764256,0.8420372522801607,1.0156192831118325,2.5602723478310376,0.9076757373607948,0.6193945756775061,0.2501061161325112
0.1810922453681334,0.24070436665993583,0.3199255338471706,0.42535521748071775,0.564237547506855,0.7608043366655386,0.9076757373607948,2.4165182830601935,0.7192621129426231,0.3435288149132286
0.11059255793695374,0.14699659470758572,0.19538532663447766,0.2596885984065475,0.3452903822804993,0.45781248092304105,0.6193945756775061,0.7192621129426231,2.170437615968557,0.35056116301494694
0.045540669520763626,0.06053147954714117,0.08045671798851875,0.10694229089628712,0.14213218919713233,0.1890398038116947,0.2501061161325112,0.3435288149132286,0.35056116301494694,1.6997495457906904
