15.586076491744844,-13.885927601170422,12.188970288797112,-10.564678395255976,8.96228348964696,-7.384687738632634,5.826683847131593,-4.283639734481333,2.755674943512264,-1.2112258876690756
-13.885927601170422,14.62053165367483,-12.86927157688895,11.118497105306002,-9.43754179424588,7.775467430958399,-6.135140144332849,4.510391639792842,-2.9015474182035765,1.2753421953901325
12.188970288797112,-12.86927157688895,13.550058868823259,-11.742132817592145,9.931695446361008,-8.187901541207733,6.459774943799907,-4.749169913902997,3.0551381622677676,-1.3428531742116743
-10.564678395255976,11.118497105306002,-11.742132817592145,12.363254495381728,-10.492507261193937,8.615904905572448,-6.80256226129519,5.000437731004313,-3.21688194290345,1.4139335471535097
8.96228348964696,-9.43754179424588,9.931695446361008,-10.492507261193937,11.047482438688965,-9.107067905964849,7.157235379275824,-5.26597789513287,3.3870409074378935,-1.488804429857859
-7.384687738632634,7.775467430958399,-8.187901541207733,8.615904905572448,-9.107067905964849,9.588687046769605,-7.571164992775666,5.539292010511747,-3.567156260144791,1.567458432393631
5.826683847131593,-6.135140144332849,6.459774943799907,-6.80256226129519,7.157235379275824,-7.571164992775666,7.9716007475186546,-5.86770307114525,3.7506687854541165,-1.6514412299190515
-4.283639734481333,4.510391639792842,-4.749169913902997,5.000437731004313,-5.26597789513287,5.539292010511747,-5.86770307114525,6.177141392353617,-3.98358561400506,1.7323340135989567
2.755674943512264,-2.9015474182035765,3.0551381622677676,-3.21688194290345,3.3870409074378935,-3.567156260144791,3.7506687854541165,-3.98358561400506,4.198547171421126,-1.866242439710985
-1.2112258876690756,1.2753421953901325,-1.3428531742116743,1.4139335471535097,-1.488804429857859,1.567458432393631,-1.6514412299190515,1.7323340135989567,-1.866242439710985,1.9184694764310959
