0.9257570083171909,0.20489570539953525,0.26315894374674215,0.14472854603996319,0.11711188356121932,0.07593864100728186,0.05305268591371927,0.03263576490832373,0.017334112827378546,0.0030909311498164426
0.20489570539953525,0.9249023145783671,0.20370149413184854,0.2614877912496879,0.14239706417370698,0.11383949452866567,0.07140029152861435,0.046607534360847976,0.02390529727207527,0.004353510969789424
0.26315894374674215,0.20370149413184854,0.9232334452244396,0.20136686820524105,0.2582285889777849,0.13782835856363432,0.10748730195608414,0.06242404975867703,0.03432600412025852,0.005995746227099788
0.14472854603996319,0.2614877912496879,0.20136686820524105,0.9199653858002127,0.19681035956220091,0.2518252401082647,0.1289698793976616,0.09484514962453426,0.04546794701658291,0.00863227608643876
0.11711188356121932,0.14239706417370698,0.2582285889777849,0.19681035956220091,0.9135963970837517,0.18790456387295143,0.23938154187668795,0.11155693218130279,0.07055040738082623,0.011372410402548104
0.07593864100728186,0.11383949452866567,0.13782835856363432,0.2518252401082647,0.18790456387295143,0.9010194031748416,0.1706751748615973,0.2143169231533877,0.07923366338947829,0.01782710819967263
0.05305268591371927,0.07140029152861435,0.10748730195608414,0.1289698793976616,0.23938154187668795,0.1706751748615973,0.8764718874331581,0.13763981624805383,0.16458025813050853,0.019568491626700983
0.03263576490832373,0.046607534360847976,0.06242404975867703,0.09484514962453426,0.11155693218130279,0.2143169231533877,0.13763981624805383,0.8247291896645326,0.08073710293371751,0.042210623169294186
0.017334112827378546,0.02390529727207527,0.03432600412025852,0.04546794701658291,0.07055040738082623,0.07923366338947829,0.16458025813050853,0.08073710293371751,0.7101416938904208,0.017786166755412433
0.0030909311498164426,0.004353510969789424,0.005995746227099788,0.00863227608643876,0.011372410402548104,0.01782710819967263,0.019568491626700983,0.042210623169294186,0.017786166755412433,0.32211303996609153
