0.8650482512938925,-0.045133711537369975,0.024589729713503924,-0.005518312630189506,0.00528238462124052,-6.124012231632421e-05,0.0013881964194080404,0.00025605942686778265,0.00029703594098097306,-0.0001482453568462616
-0.045133711537369975,0.8650306861734534,-0.04515846712938427,0.024553658215444526,-0.005567911938155133,0.005207011013380615,-0.00015736477415509903,0.0012228231427987308,8.998758091345902e-05,-0.00011277447152797314
0.024589729713503924,-0.04515846712938427,0.864995565121882,-0.04520906232569387,0.024482683500676276,-0.005672161613875984,0.005065680773320105,-0.0003773131997594452,0.0009543450727546926,-0.0004051887726897402
-0.005518312630189506,0.024553658215444526,-0.04520906232569387,0.8649212350168454,-0.045309796186374374,0.02432582371396914,-0.0058634260194887974,0.004712322836948007,-0.0006822874185522197,2.643011664248622e-05
0.00528238462124052,-0.005567911938155133,0.024482683500676276,-0.045309796186374374,0.8647762208668939,-0.04551347258121545,0.02402729021047703,-0.006269664310217369,0.004084061865607898,-0.0014581440693929755
-6.124012231632421e-05,0.005207011013380615,-0.005672161613875984,0.02432582371396914,-0.04551347258121545,0.8644358683501359,-0.04587589244724453,0.023205480869116363,-0.006688025314769882,0.0016211665339105502
0.0013881964194080404,-0.00015736477415509903,0.005065680773320105,-0.0058634260194887974,0.02402729021047703,-0.04587589244724453,0.8637616939486787,-0.04644894697495705,0.021425875260080055,-0.006846406774988949
0.00025605942686778265,0.0012228231427987308,-0.0003773131997594452,0.004712322836948007,-0.006269664310217369,0.023205480869116363,-0.04644894697495705,0.8614608882017591,-0.04606120916521671,0.012896994486934377
0.00029703594098097306,8.998758091345902e-05,0.0009543450727546926,-0.0006822874185522197,0.004084061865607898,-0.006688025314769882,0.021425875260080055,-0.04606120916521671,0.8547720161955557,-0.037683692451945174
-0.0001482453568462616,-0.00011277447152797314,-0.0004051887726897402,2.643011664248622e-05,-0.0014581440693929755,0.0016211665339105502,-0.006846406774988949,0.012896994486934377,-0.037683692451945174,0.8158841932018214
