0.43969384917541765,0.03655442016738456,-0.0019279659456123005,-0.018455499763283825,-0.01638736274606302,-0.0069369821985318944,0.0008710415679560285,0.003723431214955614,0.0027704731803390847,0.0008008950828026962
0.03655442016738456,0.4396586086521406,0.036513277217896364,-0.0019354428033246016,-0.01838081123566069,-0.016217375985258995,-0.006750856445177764,0.0008817425647959579,0.0033379891848651262,0.0019542720365051057
-0.0019279659456123005,0.036513277217896364,0.4395697168623821,0.03642051189355028,-0.0019316472078137231,-0.018169929955385505,-0.01579194537068919,-0.0063374773777896565,0.0008006596186358498,0.002266281373415389
-0.018455499763283825,-0.0019354428033246016,0.03642051189355028,0.4393952853225798,0.03626481643435579,-0.0018700291588277997,-0.017702358044799964,-0.014965135012269714,-0.005660469170529338,0.0003831390403642163
-0.01638736274606302,-0.01838081123566069,-0.0019316472078137231,0.03626481643435579,0.4390667426115723,0.03592990751610432,-0.0018396485182170532,-0.016906715147872696,-0.013395167315620736,-0.004173125498108519
-0.0069369821985318944,-0.016217375985258995,-0.018169929955385505,-0.0018700291588277997,0.03592990751610432,0.4382430141493738,0.03496882279964679,-0.002013161820886787,-0.015159665788095696,-0.009422002742258882
0.0008710415679560285,-0.006750856445177764,-0.01579194537068919,-0.017702358044799964,-0.0018396485182170532,0.03496882279964679,0.4361997526959316,0.032870182895916804,-0.0018566880703495602,-0.010243654679368863
0.003723431214955614,0.0008817425647959579,-0.0063374773777896565,-0.014965135012269714,-0.016906715147872696,-0.002013161820886787,0.032870182895916804,0.43226312155410973,0.0293675149796369,-0.0004431972824888628
0.0027704731803390847,0.0033379891848651262,0.0008006596186358498,-0.005660469170529338,-0.013395167315620736,-0.015159665788095696,-0.0018566880703495602,0.0293675149796369,0.4247163105746267,0.021513033205173136
0.0008008950828026962,0.0019542720365051057,0.002266281373415389,0.0003831390403642163,-0.004173125498108519,-0.009422002742258882,-0.010243654679368863,-0.0004431972824888628,0.021513033205173136,0.405466946816896
