2.143717072777634,-0.21539328277329295,0.37550271884289094,-0.13297906959549335,0.09306167431286408,-0.04511747955324029,0.026154928387015296,-0.013619607569593045,0.007110831087211727,-0.0031217695668073154
-0.21539328277329295,2.143705172090168,-0.2153714994375201,0.3754630046024549,-0.13290610126481525,0.09292961701570973,-0.04487136877763673,0.025721829427607912,-0.012768217142568204,0.005766964950587431
0.37550271884289094,-0.2153714994375201,2.143665295484689,-0.21529881201845297,0.37532940527074515,-0.13266448544969364,0.09247871182134752,-0.044080020575977694,0.02415827100917462,-0.010326435612154945
-0.13297906959549335,0.3754630046024549,-0.21529881201845297,2.1435327521756964,-0.2150553691533919,0.3748885294736425,-0.13184390201191012,0.09103096520715111,-0.0412477242361367,0.019642345840142073
0.09306167431286408,-0.13290610126481525,0.37532940527074515,-0.2150553691533919,2.14308500800375,-0.2142466688537597,0.37337555163033015,-0.12920175173334805,0.08576179972456396,-0.03317947921651712
-0.04511747955324029,0.09292961701570973,-0.13266448544969364,0.3748885294736425,-0.2142466688537597,2.141616702090515,-0.2115272306098986,0.36853065025274157,-0.11989679617491389,0.0703492712026798
0.026154928387015296,-0.04487136877763673,0.09247871182134752,-0.13184390201191012,0.37337555163033015,-0.2115272306098986,2.136481254349017,-0.202724956203869,0.3503587067507973,-0.0940864879565802
-0.013619607569593045,0.025721829427607912,-0.044080020575977694,0.09103096520715111,-0.12920175173334805,0.36853065025274157,-0.202724956203869,2.1201990252479126,-0.17364520829974395,0.294770602309545
0.007110831087211727,-0.012768217142568204,0.02415827100917462,-0.0412477242361367,0.08576179972456396,-0.11989679617491389,0.3503587067507973,-0.17364520829974395,2.052320212815392,-0.10194918550508852
-0.0031217695668073154,0.005766964950587431,-0.010326435612154945,0.019642345840142073,-0.03317947921651712,0.0703492712026798,-0.0940864879565802,0.294770602309545,-0.10194918550508852,1.8148180077002993
