6.962300148400752,-3.9217866434287356,2.7633743041052767,-1.902292484254414,1.3111499170139305,-0.8932687673995778,0.5960046676093956,-0.37822795977623913,0.21359781595146476,-0.06576238144966462
-3.9217866434287356,6.956582455380464,-3.9135548246201535,2.751521646445635,-1.8852326051354513,1.286563043423695,-0.8579980349408834,0.5445691886482511,-0.3075218874551614,0.09468067575819183
2.7633743041052767,-3.9135548246201535,6.944731024959826,-3.8964904370177127,2.726960370529981,-1.8498346434988202,1.2357834141538482,-0.7839459179026242,0.44277271976288746,-0.13631694971908137
-1.902292484254414,2.751521646445635,-3.8964904370177127,6.9201607140955135,-3.861125666891946,2.6759922908647757,-1.7767191892346612,1.1291585717679675,-0.6373746025625731,0.1962554383430491
1.3111499170139305,-1.8852326051354513,2.726960370529981,-3.861125666891946,6.869259149833548,-3.787765856316232,2.5707548226092563,-1.6232521510218347,0.9181878354938022,-0.2825873683845262
-0.8932687673995778,1.286563043423695,-1.8498346434988202,2.6759922908647757,-3.787765856316232,6.763531994360613,-3.636097772276976,2.3495702209094906,-1.319231313516064,0.40669936822191227
0.5960046676093956,-0.8579980349408834,1.2357834141538482,-1.7767191892346612,2.5707548226092563,-3.636097772276976,6.545952475983257,-3.3188330120011478,1.9132763566284479,-0.5863283190257325
-0.37822795977623913,0.5445691886482511,-0.7839459179026242,1.1291585717679675,-1.6232521510218347,2.3495702209094906,-3.3188330120011478,6.083117943905865,-2.683431939970051,0.8401430921336064
0.21359781595146476,-0.3075218874551614,0.44277271976288746,-0.6373746025625731,0.9181878354938022,-1.319231313516064,1.9132763566284479,-2.683431939970051,5.205377402430094,-1.2301393644003196
-0.06576238144966462,0.09468067575819183,-0.13631694971908137,0.1962554383430491,-0.2825873683845262,0.40669936822191227,-0.5863283190257325,0.8401430921336064,-1.2301393644003196,2.6438890774240207
