15.914158268538753,-13.078088118937707,10.880631067713951,-8.763148840444297,6.7430899816978584,-4.849223736619568,3.1261554943902183,-1.641012739652294,0.49322009763655905,0.1712940161598129
-13.078088118937707,14.328242709761572,-11.458916568693473,9.243004372931434,-7.129762498730468,5.148107492844423,-3.3434439360186587,1.7844838894969073,-0.5732630969436873,-0.14027040854750372
10.880631067713951,-11.458916568693473,12.674726418785829,-9.785975221433409,7.57353179290102,-5.498236570299226,3.6058104036212297,-1.966010039974989,0.6828119592299216,0.0907085167756836
-8.763148840444297,9.243004372931434,-9.785975221433409,10.981277081263867,-8.09476239070298,5.918832171231179,-3.9310568571923366,2.2014027382289267,-0.8347374230791174,-0.014144243342387546
6.7430899816978584,-7.129762498730468,7.57353179290102,-8.09476239070298,9.290397503047782,-6.437517557976558,4.344813634100209,-2.513465482699668,1.0476305652030795,-0.10166529505522356
-4.849223736619568,5.148107492844423,-5.498236570299226,5.918832171231179,-6.437517557976558,7.6617848759465685,-4.884021563548686,2.9351055209690537,-1.3483499388018931,0.2744251237894265
3.1261554943902183,-3.3434439360186587,3.6058104036212297,-3.9310568571923366,4.344813634100209,-4.884021563548686,6.169696490858219,-3.5138314491872698,1.7757031054692467,-0.5297354990215746
-1.641012739652294,1.7844838894969073,-1.966010039974989,2.2014027382289267,-2.513465482699668,2.9351055209690537,-3.5138314491872698,4.885985579485689,-2.385767783391689,0.9046086372713836
0.49322009763655905,-0.5732630969436873,0.6828119592299216,-0.8347374230791174,1.0476305652030795,-1.3483499388018931,1.7757031054692467,-2.385767783391689,3.8273146226575303,-1.452551706730823
0.1712940161598129,-0.14027040854750372,0.0907085167756836,-0.014144243342387546,-0.10166529505522356,0.2744251237894265,-0.5297354990215746,0.9046086372713836,-1.452551706730823,2.8186454231986726
