4.072575773780313,3.2461849608491256,2.6145327399143885,2.100653183326245,1.6689741560905818,1.3064173102927281,0.9970118988860395,0.7277232433122887,0.4901886793016482,0.26599284792929445
3.2461849608491256,4.04091019149821,3.2074480249368946,2.5671341784605417,2.0426915704419892,1.5979834980568435,1.2198238833726347,0.8902622582969758,0.5996997160327526,0.32540837096132785
2.6145327399143885,3.2074480249368946,3.993522773501862,3.1494647211633957,2.4962289568532685,1.9558477221477115,1.492052632259314,1.089235454853624,0.7336498093509816,0.39812025462033607
2.100653183326245,2.5671341784605417,3.1494647211633957,3.922574337074494,3.062704991095118,2.389966764822418,1.8262304387723358,1.3322649385279268,0.8976027936723541,0.48700162054629303
1.6689741560905818,2.0426915704419892,2.4962289568532685,3.062704991095118,3.8164797340236385,2.932761493526018,2.231463968849846,1.6308316338540212,1.0979304891683315,0.5959727461791365
1.3064173102927281,1.5979834980568435,1.9558477221477115,2.389966764822418,2.932761493526018,3.6573270205886335,2.7386277616512986,1.9921466292613101,1.3438068580249243,0.728544851536346
0.9970118988860395,1.2198238833726347,1.492052632259314,1.8262304387723358,2.231463968849846,2.7386277616512986,3.420530089609233,2.44669697671402,1.6420848599008182,0.8930863088035415
0.7277232433122887,0.8902622582969758,1.089235454853624,1.3322649385279268,1.6308316338540212,1.9921466292613101,2.44669697671402,3.0606940644021243,2.015002147384006,1.086924635687856
0.4901886793016482,0.5996997160327526,0.7336498093509816,0.8976027936723541,1.0979304891683315,1.3438068580249243,1.6420848599008182,2.015002147384006,2.5434388358350466,1.3477147715067623
0.26599284792929445,0.32540837096132785,0.39812025462033607,0.48700162054629303,0.5959727461791365,0.728544851536346,0.8930863088035415,1.086924635687856,1.3477147715067623,1.6893867921735441
