2.294839368097885,1.5287882250796412,1.3391371756105173,1.1372484636398295,0.957002739934812,0.7843706445806911,0.6211699405213161,0.4652971259857903,0.3122912670644766,0.16981992557992182
1.5287882250796412,2.2390262581057145,1.4667855395277454,1.27027421288967,1.0607194515018108,0.8720932166730451,0.6897498758665166,0.5169568449746078,0.34687440999648644,0.18865312647312837
1.3391371756105173,1.4667855395277454,2.170147583832923,1.3902857958278987,1.1852582672147625,0.966393614288972,0.7669791635580627,0.5739797547950042,0.38540118931774026,0.20952522269798698
1.1372484636398295,1.27027421288967,1.3902857958278987,2.085183537537655,1.2958632772821443,1.0804957552614296,0.8496492570624364,0.6383996072096125,0.42786835029744963,0.23285441299213705
0.957002739934812,1.0607194515018108,1.1852582672147625,1.2958632772821443,1.9802495883121436,1.1794382838726833,0.9507549661924757,0.7067560102776288,0.476021993777519,0.25834138484313396
0.7843706445806911,0.8720932166730451,0.966393614288972,1.0804957552614296,1.1794382838726833,1.8510751015476865,1.0354900945815946,0.7922132092070107,0.526598625277994,0.28792513606114534
0.6211699405213161,0.6897498758665166,0.7669791635580627,0.8496492570624364,0.9507549661924757,1.0354900945815946,1.6906626994218548,0.8588174615546619,0.5914455109094681,0.31700487536261374
0.4652971259857903,0.5169568449746078,0.5739797547950042,0.6383996072096125,0.7067560102776288,0.7922132092070107,0.8588174615546619,1.4960742329822612,0.637712661284455,0.36055625630038723
0.3122912670644766,0.34687440999648644,0.38540118931774026,0.42786835029744963,0.476021993777519,0.526598625277994,0.5914455109094681,0.637712661284455,1.2447733537788948,0.3754840960456555
0.16981992557992182,0.18865312647312837,0.20952522269798698,0.23285441299213705,0.25834138484313396,0.28792513606114534,0.31700487536261374,0.36055625630038723,0.3754840960456555,0.9705809285800064
