2.7958082510903086,1.3938663511028966,0.837705672772429,0.5037021748428488,0.30238673708463193,0.18096026758224945,0.10728196602132463,0.061926911152643364,0.03291646781717446,0.012596838151952462
1.3938663511028966,2.7956029457668428,1.3935250442895903,0.8371382736371793,0.5027589075643037,0.30081863127827035,0.17835334189425003,0.10294832763226493,0.054721742112393265,0.020941342351452334
0.837705672772429,1.3935250442895903,2.795035545278269,1.3925817799485287,0.8355701528312689,0.5001520331518482,0.2964847860132367,0.17114894862630844,0.09097020006145197,0.03481387235184574
0.5037021748428488,0.8371382736371793,1.3925817799485287,2.793467433095896,1.3899748868180886,0.8312364031450907,0.4929473131502253,0.2845079766799983,0.15123613555510587,0.05787472885225879
0.30238673708463193,0.5027589075643037,0.8355701528312689,1.3899748868180886,2.789133628459544,1.382770286089623,0.8192589847723586,0.4730365820637369,0.2514041055088878,0.09621690461362227
0.18096026758224945,0.30081863127827035,0.5001520331518482,0.8312364031450907,1.382770286089623,2.7771565602356585,1.3628587949808157,0.7861589944711697,0.4180040844754437,0.15993899528491937
0.10728196602132463,0.17835334189425003,0.2964847860132367,0.4929473131502253,0.8192589847723586,1.3628587949808157,2.7440543387456207,1.3078311403424245,0.6946691548963032,0.26594655255770927
0.061926911152643364,0.10294832763226493,0.17114894862630844,0.2845079766799983,0.4730365820637369,0.7861589944711697,1.3078311403424245,2.6525787165635246,1.1557427485891547,0.4418943224164538
0.03291646781717446,0.054721742112393265,0.09097020006145197,0.15123613555510587,0.2514041055088878,0.4180040844754437,0.6946691548963032,1.1557427485891547,2.399713289216601,0.7354798895325338
0.012596838151952462,0.020941342351452334,0.03481387235184574,0.05787472885225879,0.09621690461362227,0.15993899528491937,0.26594655255770927,0.4418943224164538,0.7354798895325338,1.7012125305569759
