1.585758385437793,0.10481728216313697,-0.26896797371822334,-0.18138480020937936,-0.04103631612070663,0.019561266881262727,0.021077218744246895,0.007235986793763766,-0.0011910389362091546,-0.0018864753685524538
0.10481728216313697,1.5857448973439865,0.10480265287039418,-0.2689471351263058,-0.18127302881022112,-0.04085188932381742,0.01954211401018322,0.020259819440935786,0.0053303188187039914,-0.002403931853173175
-0.26896797371822334,0.10480265287039418,1.5857176171115925,0.10479752830265907,-0.2688455578656929,-0.18100484548404733,-0.04062496121217289,0.01897243663383109,0.01792737272120903,0.0020452111097537585
-0.18138480020937936,-0.2689471351263058,0.10479752830265907,1.5856180663327317,0.10457710749146974,-0.26896492592900667,-0.1803735091853919,-0.038592306985563526,0.02127152957230204,0.015016473099076066
-0.04103631612070663,-0.18127302881022112,-0.2688455578656929,0.10457710749146974,1.5846580192037636,0.10316616628994286,-0.2683797274900894,-0.17305439488746946,-0.023257868987680022,0.027931186197080952
0.019561266881262727,-0.04085188932381742,-0.18100484548404733,-0.26896492592900667,0.10316616628994286,1.5817293302042212,0.10194892760022932,-0.25909539460115094,-0.1454119509941016,0.005087597759508225
0.021077218744246895,0.01954211401018322,-0.04062496121217289,-0.1803735091853919,-0.2683797274900894,0.10194892760022932,1.5763262449872286,0.09391094984520801,-0.2560382801066049,-0.10438794240308644
0.007235986793763766,0.020259819440935786,0.01897243663383109,-0.038592306985563526,-0.17305439488746946,-0.25909539460115094,0.09391094984520801,1.517992590882486,-0.01420279287874434,-0.27485684057022286
-0.0011910389362091546,0.0053303188187039914,0.01792737272120903,0.02127152957230204,-0.023257868987680022,-0.1454119509941016,-0.2560382801066049,-0.01420279287874434,1.2425716485686875,-0.23139206110660637
-0.0018864753685524538,-0.002403931853173175,0.0020452111097537585,0.015016473099076066,0.027931186197080952,0.005087597759508225,-0.10438794240308644,-0.27485684057022286,-0.23139206110660637,0.7936078668119291
