1.9721103163999865,-1.0255434527927225,0.7476435705589037,-0.5228081219462177,0.3678579087490263,-0.25631707561452444,0.17604290104169412,-0.11695325236207765,0.07263497564574486,-0.03369045534102501
-1.0255434527927225,1.9707874021146563,-1.023673095025549,0.7449990557928465,-0.5190700065199781,0.3625683081715791,-0.24886432812964054,0.16535797605960534,-0.10269283439444113,0.04763288900670176
0.7476435705589037,-1.023673095025549,1.968143059837112,-1.019934236959921,0.7397140473680375,-0.5115914827204961,0.35203149429136854,-0.23375779615679862,0.1451964276088183,-0.0673441179989986
-0.5228081219462177,0.7449990557928465,-1.019934236959921,1.962856656650912,-1.0124617182255229,0.7291401008284399,-0.49669338090789134,0.33067230291999283,-0.20525085215718097,0.09521862997185689
0.3678579087490263,-0.5190700065199781,0.7397140473680375,-1.0124617182255229,1.9522939883077783,-0.9975150587856082,0.7080811682902893,-0.46650104734139025,0.2903787797705453,-0.1345937194371703
-0.25631707561452444,0.3625683081715791,-0.5115914827204961,0.7291401008284399,-0.9975150587856082,1.9311438590127283,-0.9677153676196488,0.6653597186627025,-0.4094721629945003,0.19046295123690582
0.17604290104169412,-0.24886432812964054,0.35203149429136854,-0.49669338090789134,0.7080811682902893,-0.9677153676196488,1.8891598365522906,-0.9075115329458174,0.5850763749420217,-0.2683125550139516
-0.11695325236207765,0.16535797605960534,-0.23375779615679862,0.33067230291999283,-0.46650104734139025,0.6653597186627025,-0.9075115329458174,1.8029135743536124,-0.7920249280964622,0.3849004073687261
0.07263497564574486,-0.10269283439444113,0.1451964276088183,-0.20525085215718097,0.2903787797705453,-0.4094721629945003,0.5850763749420217,-0.7920249280964622,1.650954431924838,-0.5124386987492
-0.03369045534102501,0.04763288900670176,-0.0673441179989986,0.09521862997185689,-0.1345937194371703,0.19046295123690582,-0.2683125550139516,0.3849004073687261,-0.5124386987492,1.2360516466066929
