2.0009936618305786,0.2376900392946029,0.10363122498390018,0.06711653686384933,0.0473430159547517,0.03374305551592282,0.023917532983561245,0.01669563972136226,0.01125048259530246,0.0066962195019056
0.2376900392946029,2.0008909759195426,0.23754750208202197,0.10343336993349947,0.06684188931179261,0.046961714764302886,0.03321317266454873,0.02317650637553646,0.015616827086937722,0.00929496226822836
0.10363122498390018,0.23754750208202197,2.0006931215423904,0.23727286160705363,0.10305213460997581,0.06631260921564763,0.04622619005502149,0.032184561551163,0.02167901793109466,0.012902388557529777
0.06711653686384933,0.10343336993349947,0.23727286160705363,2.0003118947452836,0.236743671139387,0.10231744407881133,0.06529163175482655,0.04479838094544865,0.030105905096007815,0.01791110637221264
0.0473430159547517,0.06684188931179261,0.10305213460997581,0.236743671139387,1.9995773121977622,0.23572382878719794,0.10090019949960538,0.06330965243935258,0.041912930139524504,0.024875429363746357
0.03374305551592282,0.046961714764302886,0.06631260921564763,0.10231744407881133,0.23572382878719794,1.9981614351879706,0.2337562251660382,0.09814854422200747,0.05930355380020392,0.03465000099453613
0.023917532983561245,0.03321317266454873,0.04622619005502149,0.06529163175482655,0.10090019949960538,0.2337562251660382,1.995427099627003,0.22993218891386097,0.09258008163430202,0.049198551783450006
0.01669563972136226,0.02317650637553646,0.032184561551163,0.04479838094544865,0.06330965243935258,0.09814854422200747,0.22993218891386097,1.9900779842848997,0.22213293380749702,0.078339820674685
0.01125048259530246,0.015616827086937722,0.02167901793109466,0.030105905096007815,0.041912930139524504,0.05930355380020392,0.09258008163430202,0.22213293380749702,1.9786156679752578,0.2004171315083549
0.0066962195019056,0.00929496226822836,0.012902388557529777,0.01791110637221264,0.024875429363746357,0.03465000099453613,0.049198551783450006,0.078339820674685,0.2004171315083549,1.9306894344726713
