1.768997009592451,0.36670410993439295,-0.5030987673845053,-0.4494246558525038,0.04010585382730501,0.25276171466549024,0.10200488316417822,-0.0708485120023098,-0.06906287495539995,-0.001178824217175193
0.36670410993439295,1.7651526012912702,0.36517307162466206,-0.4974088752459155,-0.441209593963704,0.03730256157159658,0.23486618536343956,0.09030851043769905,-0.048677524653408466,-0.026415679855183175
-0.5030987673845053,0.36517307162466206,1.7613915277492767,0.36446310884184374,-0.4910982802867271,-0.43393239552815294,0.03246149111807894,0.21678707739734765,0.08222116028487592,-0.022757608618797838
-0.4494246558525038,-0.4974088752459155,0.36446310884184374,1.7501598835048773,0.35517428397576545,-0.47902277364096485,-0.40528759968333455,0.03709848642894234,0.16799750618523024,0.027539826632736693
0.04010585382730501,-0.441209593963704,-0.4910982802867271,0.35517428397576545,1.729674679777085,0.35307035495679284,-0.4429863793680282,-0.3673514409670994,0.006035216726781862,0.0682483746149867
0.25276171466549024,0.03730256157159658,-0.43393239552815294,-0.47902277364096485,0.35307035495679284,1.7052740997432463,0.3339328235342417,-0.41576822195918006,-0.3061261757479793,0.013332838683212549
0.10200488316417822,0.23486618536343956,0.03246149111807894,-0.40528759968333455,-0.4429863793680282,0.3339328235342417,1.6203132591679352,0.28922178991535574,-0.300292582003148,-0.11408711395248791
-0.0708485120023098,0.09030851043769905,0.21678707739734765,0.03709848642894234,-0.3673514409670994,-0.41576822195918006,0.28922178991535574,1.5275698786803962,0.28462910450463763,-0.13248573685500178
-0.06906287495539995,-0.048677524653408466,0.08222116028487592,0.16799750618523024,0.006035216726781862,-0.3061261757479793,-0.300292582003148,0.28462910450463763,1.3088947507893245,0.08664775649492576
-0.001178824217175193,-0.026415679855183175,-0.022757608618797838,0.027539826632736693,0.0682483746149867,0.013332838683212549,-0.11408711395248791,-0.13248573685500178,0.08664775649492576,0.8104593112476308
