0.2518374584247312,0.11699528804973042,0.06566649123162617,0.03735858152778247,0.021307570719610085,0.012112105478178153,0.00679252331879759,0.003646394227476851,0.0016868140056855705,0.0004041893602389056
0.11699528804973042,0.25182226656547685,0.11696875211279195,0.0656201433315289,0.03727764840707455,0.021166360027340545,0.01186644311117134,0.0063696363194068245,0.0029465106448108677,0.0007060358382384127
0.06566649123162617,0.11696875211279195,0.2517759156917801,0.11688779527030557,0.06547877576301517,0.03703099274315652,0.020737256411401582,0.011127777311523175,0.005147133401266022,0.0012333544708354352
0.03735858152778247,0.0656201433315289,0.11688779527030557,0.2516345157599119,0.11664088142894061,0.06504796477474471,0.03628151633498079,0.0194470945615659,0.008992532474135756,0.002154854237260371
0.021307570719610085,0.03727764840707455,0.06547877576301517,0.11664088142894061,0.25120335254306675,0.11588859513051153,0.06373922063226499,0.034028613569317384,0.015718445218926676,0.003766979048493418
0.012112105478178153,0.021166360027340545,0.03703099274315652,0.06504796477474471,0.11588859513051153,0.24989077489905195,0.11360511075003465,0.059808329755345835,0.027522522785311795,0.006598444456334335
0.00679252331879759,0.01186644311117134,0.020737256411401582,0.03628151633498079,0.06373922063226499,0.11360511075003465,0.24591816187046037,0.10676618306483987,0.0484872207134144,0.011640693270958223
0.003646394227476851,0.0063696363194068245,0.011127777311523175,0.0194470945615659,0.034028613569317384,0.059808329755345835,0.10676618306483987,0.23414296720360991,0.0872619024971675,0.02104861485683105
0.0016868140056855705,0.0029465106448108677,0.005147133401266022,0.008992532474135756,0.015718445218926676,0.027522522785311795,0.0484872207134144,0.0872619024971675,0.20176229229035744,0.04122232904815791
0.0004041893602389056,0.0007060358382384127,0.0012333544708354352,0.002154854237260371,0.003766979048493418,0.006598444456334335,0.011640693270958223,0.02104861485683105,0.04122232904815791,0.13311308900780106
