0.25364827617085955,0.0024976799900785288,0.001379681616351534,-0.0005919834258520609,0.0003845548815169361,-0.0002325467179207151,0.0001403992601490708,-8.209731185041735e-05,4.377370366183451e-05,-1.6170767591934665e-05
0.0024976799900785288,0.2536479231676425,0.002498255175727324,0.001378744405325424,-0.0005904563276981919,0.00038206662584682523,-0.00022849225166279798,0.00013379388397035934,-7.132305157168064e-05,2.6348920285830386e-05
0.001379681616351534,0.002498255175727324,0.2536469859565504,0.002499782273232467,0.0013762561420456922,-0.0005864019483612368,0.0003754602530866442,-0.00021772941147373941,0.00011623822485707596,-4.293113877077452e-05
-0.0005919834258520609,0.001378744405325424,0.002499782273232467,0.2536444976945029,0.0025038366646831104,0.0013696499113802242,-0.0005756374850940427,0.00035792320317368687,-0.00018912425094244032,6.997468448407773e-05
0.0003845548815169361,-0.0005904563276981919,0.0013762561420456922,0.0025038366646831104,0.25363789144082777,0.002514600901750985,0.0013521102081277638,-0.0005470626323570276,0.00031131217255798396,-0.00011376026294451212
-0.0002325467179207151,0.00038206662584682523,-0.0005864019483612368,0.0013696499113802242,0.002514600901750985,0.2536203521672358,0.0025431799783157158,0.001305548723412571,-0.00047113270586593176,0.00018830604208367173
0.0001403992601490708,-0.00022849225166279798,0.0003754602530866442,-0.0005756374850940427,0.0013521102081277638,0.0025431799783157158,0.253573782659456,0.0026190310331254867,0.0011816174206207184,-0.00027308460245308215
-8.209731185041735e-05,0.00013379388397035934,-0.00021772941147373941,0.00035792320317368687,-0.0005470626323570276,0.001305548723412571,0.0026190310331254867,0.25345000117162675,0.0028185519101774975,0.000831654894896067
4.377370366183451e-05,-7.132305157168064e-05,0.00011623822485707596,-0.00018912425094244032,0.00031131217255798396,-0.00047113270586593176,0.0011816174206207184,0.0028185519101774975,0.25309724114591275,0.0030763631724281693
-1.6170767591934665e-05,2.6348920285830386e-05,-4.293113877077452e-05,6.997468448407773e-05,-0.00011376026294451212,0.00018830604208367173,-0.00027308460245308215,0.000831654894896067,0.0030763631724281693,0.24909682275862638
