1.907941252436589,0.3376773589113399,0.29920247642963665,0.05372426740058952,0.08875474652400031,0.0009310628661110602,0.02859226215076291,-0.004154949818947739,0.008614866441906534,-0.0005671944034234756
0.3376773589113399,1.9077995617797576,0.33786795475525444,0.2988904204801046,0.05411103722129352,0.08804792988681656,0.0016723224976183343,0.02691142410364329,-0.002927604014157573,0.0043004831286620315
0.29920247642963665,0.33786795475525444,1.9075190404453308,0.33827341235255776,0.2982892674297256,0.05497096884220602,0.08675435923001099,0.003485127506818361,0.024105610463923746,0.000847199795339728
0.05372426740058952,0.2988904204801046,0.33827341235255776,1.9068232984000852,0.3390772894442204,0.2966787557721679,0.05642781376883914,0.08278692579338268,0.005503829410669887,0.013401484548888471
0.08875474652400031,0.05411103722129352,0.2982892674297256,0.3390772894442204,1.9054965091827714,0.34070227156110394,0.2936619960822426,0.05951422828976307,0.07556711223285816,0.010483074720733366
0.0009310628661110602,0.08804792988681656,0.05497096884220602,0.2966787557721679,0.34070227156110394,1.9016287157842067,0.34328435369134264,0.2835906089779811,0.06129083856155282,0.046410533528277266
0.02859226215076291,0.0016723224976183343,0.08675435923001099,0.05642781376883914,0.2936619960822426,0.34328435369134264,1.894110029032512,0.3465737236322779,0.26298740802632725,0.058947704836620415
-0.004154949818947739,0.02691142410364329,0.003485127506818361,0.08278692579338268,0.05951422828976307,0.2835906089779811,0.3465737236322779,1.8658499291544777,0.33969302329679346,0.17414283441608444
0.008614866441906534,-0.002927604014157573,0.024105610463923746,0.005503829410669887,0.07556711223285816,0.06129083856155282,0.26298740802632725,0.33969302329679346,1.79997244649553,0.2800144065999244
-0.0005671944034234756,0.0043004831286620315,0.000847199795339728,0.013401484548888471,0.010483074720733366,0.046410533528277266,0.058947704836620415,0.17414283441608444,0.2800144065999244,1.4981143283009812
