2.468469032362356,-1.0561511993475658,0.7531336713782593,-0.32494890474251326,0.24674331644129668,-0.0988712354093865,0.08058426749340408,-0.02946983517498034,0.024240510393765426,-0.00770563189956054
-1.0561511993475658,2.4683198816415843,-1.0561528529126543,0.7527189021930494,-0.324869886574568,0.24557303844299333,-0.09841538351439705,0.07723535474221484,-0.02752598713037268,0.014528232077790713
0.7531336713782593,-1.0561528529126543,2.4681390499405502,-1.0561209980927555,0.7522092059075902,-0.3246784730215148,0.24411590842355152,-0.09758889186137715,0.07301337842111892,-0.0243745932281905
-0.32494890474251326,0.7527189021930494,-1.0561209980927555,2.4669782803859523,-1.055798323851385,0.7489136056796228,-0.32311602092001623,0.2346288965652978,-0.09132777451651088,0.045347717639100324
0.24674331644129668,-0.324869886574568,0.7522092059075902,-1.055798323851385,2.4654946873413577,-1.0546011844134524,0.7445432548519686,-0.3189031609411552,0.2216163979790929,-0.0769795244681605
-0.0988712354093865,0.24557303844299333,-0.3246784730215148,0.7489136056796228,-1.0546011844134524,2.4560813249384625,-1.0493716198608736,0.7172905363369069,-0.29885438955899307,0.14172717550171318
0.08058426749340408,-0.09841538351439705,0.24411590842355152,-0.32311602092001623,0.7445432548519686,-1.0493716198608736,2.4428638519684402,-1.032152447048137,0.6770333829783315,-0.2428154639611934
-0.02946983517498034,0.07723535474221484,-0.09758889186137715,0.2346288965652978,-0.3189031609411552,0.7172905363369069,-1.032152447048137,2.3635450953256916,-0.9682384432112225,0.44339523476971926
0.024240510393765426,-0.02752598713037268,0.07301337842111892,-0.09132777451651088,0.2216163979790929,-0.29885438955899307,0.6770333829783315,-0.9682384432112225,2.2386196052771243,-0.765173064628355
-0.00770563189956054,0.014528232077790713,-0.0243745932281905,0.045347717639100324,-0.0769795244681605,0.14172717550171318,-0.2428154639611934,0.44339523476971926,-0.765173064628355,1.5474400935983703
