0.7654568480257518,0.20722199604900066,0.10751373528122984,0.0681481740667671,0.04469324544630418,0.028383877414056513,0.016188346755642354,0.00643876165600912,-0.0012197917174425286,-0.0006167733275838992
0.20722199604900066,0.7646866993704581,0.2061053506816681,0.10589477794006824,0.06580148817151947,0.04129556661555882,0.023491822351468523,0.009338556411757768,-0.0017681950510494227,-0.0008942588553441419
0.10751373528122984,0.2061053506816681,0.7630676653463,0.20375801006871638,0.10249229722714895,0.06087516338076723,0.03420253177991507,0.013560244875423651,-0.002560823267198826,-0.0012964880381811763
0.0681481740667671,0.10589477794006824,0.20375801006871638,0.7596643965504736,0.19882495664376815,0.09534991271240151,0.050591390655731205,0.019803291176171686,-0.0036922400935489796,-0.0018789504847000328
0.04469324544630418,0.06580148817151947,0.10249229722714895,0.19882495664376815,0.7525139127868962,0.1884720327137774,0.08044349789250274,0.029719341130615206,-0.005206289928241849,-0.0027182308332130184
0.028383877414056513,0.04129556661555882,0.06087516338076723,0.09534991271240151,0.1884720327137774,0.7375242607453697,0.1668893056562827,0.05022160963220282,-0.006505469336506439,-0.0038979317961495355
0.016188346755642354,0.023491822351468523,0.03420253177991507,0.050591390655731205,0.08044349789250274,0.1668893056562827,0.706446930800328,0.1233607532607457,-0.0020377117862378567,-0.005344779391816517
0.00643876165600912,0.009338556411757768,0.013560244875423651,0.019803291176171686,0.029719341130615206,0.05022160963220282,0.1233607532607457,0.6453961040711023,0.04945976793572231,-0.005573964117323993
-0.0012197917174425286,-0.0017681950510494227,-0.002560823267198826,-0.0036922400935489796,-0.005206289928241849,-0.006505469336506439,-0.0020377117862378567,0.04945976793572231,0.551508204154724,0.007338736338108175
-0.0006167733275838992,-0.0008942588553441419,-0.0012964880381811763,-0.0018789504847000328,-0.0027182308332130184,-0.0038979317961495355,-0.005344779391816517,-0.005573964117323993,0.007338736338108175,0.22822238779653697
