1.873535929814714,-0.3688434042858948,0.16316474204942022,-0.09200303302443008,0.057676802927506814,-0.03738858147639616,0.02431810774562099,-0.01556431292897619,0.009482870086961732,-0.004924438821480335
-0.3688434042858948,1.8734672824403367,-0.3687399051196174,0.16300869043175475,-0.09176771148440319,0.05732177489894618,-0.036852096388335136,0.023503097296531016,-0.014304381351004737,0.00742587264419088
0.16316474204942022,-0.3687399051196174,1.8733112374717604,-0.36850462719104415,0.16265389781347422,-0.09123243832153077,0.05651292065733585,-0.035623313737439086,0.021603521941791153,-0.011203134827617584
-0.09200303302443008,0.16300869043175475,-0.36850462719104415,1.8729564954912203,-0.36796968616168674,0.16184683639547282,-0.09001288537839769,0.054660229381331554,-0.032759289360050466,0.016927969511004243
0.057676802927506814,-0.09176771148440319,0.16265389781347422,-0.36796968616168674,1.8721498197171103,-0.36675266266122086,0.16000779879886706,-0.0872191520603823,0.05034173392858745,-0.025710576620432246
-0.03738858147639616,0.05732177489894618,-0.09123243832153077,0.16184683639547282,-0.36675266266122086,1.8703137190843133,-0.3639781929222125,0.1557932862255284,-0.08070575778963683,0.03971694103254128
0.02431810774562099,-0.036852096388335136,0.05651292065733585,-0.09001288537839769,0.16000779879886706,-0.3639781929222125,1.8661215736652508,-0.35761150507061895,0.1459603999572761,-0.06469878761523759
-0.01556431292897619,0.023503097296531016,-0.035623313737439086,0.054660229381331554,-0.0872191520603823,0.1557932862255284,-0.35761150507061895,1.8564590298400767,-0.34272181291670234,0.12188616637378491
0.009482870086961732,-0.014304381351004737,0.021603521941791153,-0.032759289360050466,0.05034173392858745,-0.08070575778963683,0.1459603999572761,-0.34272181291670234,1.8336820801021518,-0.30672357250006166
-0.004924438821480335,0.00742587264419088,-0.011203134827617584,0.016927969511004243,-0.025710576620432246,0.03971694103254128,-0.06469878761523759,0.12188616637378491,-0.30672357250006166,1.7809123281315378
