0.9262868267738692,-0.04743507261337822,0.031674083767813666,-0.001111411020336722,0.009769223410381635,0.0038813204070469514,0.0046364000030434055,0.0029766312112394482,0.0022301330995254673,0.001496586137056412
-0.04743507261337822,0.9260637029288894,-0.04769203410088609,0.03138004423412604,-0.0014527392995087919,0.00938557351580251,0.003418044903989132,0.00416138796487708,0.002282674311618078,0.0018136046723630271
0.031674083767813666,-0.04769203410088609,0.9257676933420709,-0.048030553522577,0.030986558504270876,-0.001893677338987816,0.008849600788558459,0.0028771195595868127,0.00334623709101872,0.0018438491124608979
-0.001111411020336722,0.03138004423412604,-0.048030553522577,0.9253800386416183,-0.04847980531273806,0.03047969821252164,-0.002500717858086044,0.00821488340902856,0.001985346425154708,0.0027390493743612823
0.009769223410381635,-0.0014527392995087919,0.030986558504270876,-0.04847980531273806,0.9248559194732625,-0.04906223851342783,0.029758812868944558,-0.0031968010785916583,0.0070736425776816,0.001552211467974816
0.0038813204070469514,0.00938557351580251,-0.001893677338987816,0.03047969821252164,-0.04906223851342783,0.9241861175321439,-0.04983115530116608,0.028872614870731905,-0.004209145613431891,0.005894022075327822
0.0046364000030434055,0.003418044903989132,0.008849600788558459,-0.002500717858086044,0.029758812868944558,-0.04983115530116608,0.9231487211641751,-0.05062792459827508,0.026938110027632224,-0.0038092765997364414
0.0029766312112394482,0.00416138796487708,0.0028771195595868127,0.00821488340902856,-0.0031968010785916583,0.028872614870731905,-0.05062792459827508,0.9216617383324665,-0.05086612241130039,0.02287650540470439
0.0022301330995254673,0.002282674311618078,0.00334623709101872,0.001985346425154708,0.0070736425776816,-0.004209145613431891,0.026938110027632224,-0.05086612241130039,0.9162755430343708,-0.043891632083384285
0.001496586137056412,0.0018136046723630271,0.0018438491124608979,0.0027390493743612823,0.001552211467974816,0.005894022075327822,-0.0038092765997364414,0.02287650540470439,-0.043891632083384285,0.8943097977278447
