1.1910855615991407,0.045161597126585545,0.44928730813186735,0.07388792447768355,0.2047334483209698,0.054138952506453106,0.0897810729734217,0.027814479529128543,0.027617791793960362,0.003425847882067206
0.045161597126585545,1.1897356072006948,0.04345331268631707,0.4467293452742191,0.07076268202758956,0.19985499890161879,0.04847746876492677,0.08039282811530421,0.017713774862895007,0.009326791416865501
0.44928730813186735,0.04345331268631707,1.1868243949362867,0.04042765504571301,0.44102744826029866,0.06555756139295568,0.1884840322934812,0.039963258253528824,0.05719029738108289,0.005084289067248377
0.07388792447768355,0.4467293452742191,0.04042765504571301,1.1819178714873932,0.034998310043165386,0.4315105497308983,0.056015807326409,0.16974578214004427,0.023761634790613127,0.01956681384053314
0.2047334483209698,0.07076268202758956,0.44102744826029866,0.034998310043165386,1.1706101161417077,0.025961417786605802,0.408597694583455,0.04212779278976554,0.12207055981982634,0.005931649571991134
0.054138952506453106,0.19985499890161879,0.06555756139295568,0.4315105497308983,0.025961417786605802,1.151729540010635,0.010936660399241002,0.37032197978717424,0.019088504046338883,0.04238428713956795
0.0897810729734217,0.04847746876492677,0.1884840322934812,0.056015807326409,0.408597694583455,0.010936660399241002,1.1043747777338369,-0.009543147149323434,0.2694718504499622,0.001407068481630567
0.027814479529128543,0.08039282811530421,0.039963258253528824,0.16974578214004427,0.04212779278976554,0.37032197978717424,-0.009543147149323434,1.0239669597592167,-0.03298749029044302,0.09503545731217435
0.027617791793960362,0.017713774862895007,0.05719029738108289,0.023761634790613127,0.12207055981982634,0.019088504046338883,0.2694718504499622,-0.03298749029044302,0.8035028203471761,-0.0236233739592066
0.003425847882067206,0.009326791416865501,0.005084289067248377,0.01956681384053314,0.005931649571991134,0.04238428713956795,0.001407068481630567,0.09503545731217435,-0.0236233739592066,0.4081033746619547
