0.2418945213920447,-0.036339691606319384,0.009440701777807745,0.0015510571906391776,-0.004523682295114529,0.00417167166681765,-0.0028828340779503657,0.001661414002258598,-0.0008052054901843572,0.0003188530268438813
-0.036339691606319384,0.24189832248104098,-0.03635205240936807,0.009469481225756367,0.0014953644661758491,-0.004431568101721057,0.004045395960420734,-0.002760539645073462,0.0016624243617216284,-0.0012026685822822737
0.009440701777807745,-0.03635205240936807,0.24193390348535887,-0.0364303213908322,0.009614613410234184,0.001265862175239631,-0.0041374931761421875,0.003808879946680946,-0.002923171227659519,0.002964446869295931
0.0015510571906391776,0.009469481225756367,-0.0364303213908322,0.2421009545538581,-0.03673257855315002,0.010079545582969415,0.0006966853098338453,-0.0037465401830409275,0.004345443382297865,-0.0059640704293309615
-0.004523682295114529,0.0014953644661758491,0.009614613410234184,-0.03673257855315002,0.24263652312959627,-0.03753621728305195,0.011021107875080292,0.00016120666709435963,-0.005003442391697579,0.010243099650368313
0.00417167166681765,-0.004431568101721057,0.001265862175239631,0.010079545582969415,-0.03753621728305195,0.24380572025130512,-0.03882727922707549,0.011538614450374228,0.0026040704279880846,-0.014779717567306401
-0.0028828340779503657,0.004045395960420734,-0.0041374931761421875,0.0006966853098338453,0.011021107875080292,-0.03882727922707549,0.24505680913604838,-0.03881937914953469,0.007480598189433737,0.016048295863012898
0.001661414002258598,-0.002760539645073462,0.003808879946680946,-0.0037465401830409275,0.00016120666709435963,0.011538614450374228,-0.03881937914953469,0.2433628555525435,-0.03322213515146279,-0.005639229393817212
-0.0008052054901843572,0.0016624243617216284,-0.002923171227659519,0.004345443382297865,-0.005003442391697579,0.0026040704279880846,0.007480598189433737,-0.03322213515146279,0.2378615218599637,-0.032999512390537826
0.0003188530268438813,-0.0012026685822822737,0.002964446869295931,-0.0059640704293309615,0.010243099650368313,-0.014779717567306401,0.016048295863012898,-0.005639229393817212,-0.032999512390537826,0.27940289491855097
