2.110566074971281,0.16248933832857373,0.7717811779718966,0.24169266273658088,0.5043058856396906,0.21939261993948822,0.3085128682020433,0.14944544410306587,0.14539990065728567,0.059887566370530165
0.16248933832857373,2.061844238798572,0.11250362274205047,0.7207181749991096,0.189215992615994,0.4508253710715364,0.1642492553937349,0.2525743740934321,0.0913944365333261,0.08704197320571708
0.7717811779718966,0.11250362274205047,2.0074190664408222,0.061391820692487525,0.6617595930503666,0.13829533354667817,0.3851498763338523,0.11633525270594433,0.17584120478029225,0.052372623002785196
0.24169266273658088,0.7207181749991096,0.061391820692487525,1.953384485542866,0.008472270119975686,0.6041068974193974,0.08419704808713373,0.32267684559181037,0.06246748200447781,0.10621506703155624
0.5043058856396906,0.189215992615994,0.6617595930503666,0.008472270119975686,1.888520438081561,-0.04269857691062832,0.529884229253256,0.039386350774853286,0.232166293862475,0.033583464756457806
0.21939261993948822,0.4508253710715364,0.13829533354667817,0.6041068974193974,-0.04269857691062832,1.8248590177064983,-0.09179659834306986,0.4565813849289647,-0.0027620305723908153,0.14192208906740147
0.3085128682020433,0.1642492553937349,0.3851498763338523,0.08419704808713373,0.529884229253256,-0.09179659834306986,1.7360888993497083,-0.1276660609162758,0.3411359604323987,-0.008429055453904101
0.14944544410306587,0.2525743740934321,0.11633525270594433,0.32267684559181037,0.039386350774853286,0.4565813849289647,-0.1276660609162758,1.643295776051728,-0.1425287565392603,0.21127105241415825
0.14539990065728567,0.0913944365333261,0.17584120478029225,0.06246748200447781,0.232166293862475,-0.0027620305723908153,0.3411359604323987,-0.1425287565392603,1.4802558723287955,-0.09810980766145579
0.059887566370530165,0.08704197320571708,0.052372623002785196,0.10621506703155624,0.033583464756457806,0.14192208906740147,-0.008429055453904101,0.21127105241415825,-0.09810980766145579,1.272032886376604
