9.0686529232973,4.309828269325239,1.6839405833956476,0.33193896887983076,-0.17342768777855652,-0.25543981528493953,-0.18507506889460182,-0.09300995404042209,-0.024085914291096737,0.0139207784441213
4.309828269325239,9.068218459756169,4.3091046908265636,1.6831073176677234,0.3317589026857939,-0.17110313151290096,-0.24726077053499146,-0.16662534261024653,-0.06164179837631441,0.01338120122490748
1.6839405833956476,4.3091046908265636,9.067057052625145,4.307858797605762,1.6831157266449002,0.33613636697344473,-0.15691417140514227,-0.21645832227693812,-0.11611882682311478,-0.005142574390005349
0.33193896887983076,1.6831073176677234,4.307858797605762,9.065919725567802,4.308514828329757,1.6892176444453495,0.3536652457196757,-0.1212845144875193,-0.1619343179794101,-0.06342515453344387
-0.17342768777855652,0.3317589026857939,1.6831157266449002,4.308514828329757,9.068021200119137,4.313049977867646,1.6966106457730872,0.36184335537350176,-0.12053476980386087,-0.1880537186298763
-0.25543981528493953,-0.17110313151290096,0.33613636697344473,1.6892176444453495,4.313049977867646,9.061446284136727,4.27585928115915,1.5987694979395708,0.17390298046196576,-0.3893573000782766
-0.18507506889460182,-0.24726077053499146,-0.15691417140514227,0.3536652457196757,1.6966106457730872,4.27585928115915,8.914834862152654,3.929509526019797,0.985707755043426,-0.6080537528831371
-0.09300995404042209,-0.16662534261024653,-0.21645832227693812,-0.1212845144875193,0.36184335537350176,1.5987694979395708,3.929509526019797,8.131487199895256,2.5944518020124887,-0.6155256015764945
-0.024085914291096737,-0.06164179837631441,-0.11611882682311478,-0.1619343179794101,-0.12053476980386087,0.17390298046196576,0.985707755043426,2.5944518020124887,5.935684818643841,0.12380416915513212
0.0139207784441213,0.01338120122490748,-0.005142574390005349,-0.06342515453344387,-0.1880537186298763,-0.3893573000782766,-0.6080537528831371,-0.6155256015764945,0.12380416915513212,3.501696736643767
