4.791774764539064,2.20724171160642,-0.16878980003502875,-1.5586248078970315,-1.5143366470869477,-0.612165956140804,0.2628370139942271,0.5800394291625306,0.3864339291713056,0.08080972712061749
2.20724171160642,4.762552560611375,2.1790312795572184,-0.1699931867509601,-1.5167015658352936,-1.4430726279272423,-0.5594725842313812,0.23911786026118503,0.4587522808380514,0.22260480250989384
-0.16878980003502875,2.1790312795572184,4.715421067423449,2.144935019284814,-0.15305938603279456,-1.4355954815528336,-1.335187853953503,-0.5071608741977097,0.1577595995674961,0.24265589208434585
-1.5586248078970315,-0.1699931867509601,2.144935019284814,4.66085876411862,2.107701841094691,-0.12975025097978649,-1.33905381310281,-1.2116787942211675,-0.4530165979456504,0.05511230993111456
-1.5143366470869477,-1.5167015658352936,-0.15305938603279456,2.107701841094691,4.572870193188828,2.020025241698133,-0.13789975813774907,-1.2160569332757167,-0.9954099260354865,-0.2865204237590472
-0.612165956140804,-1.4430726279272423,-1.4355954815528336,-0.12975025097978649,2.020025241698133,4.391463981678833,1.8562502632313045,-0.12658326698173844,-0.942378179932355,-0.5600373593062627
0.2628370139942271,-0.5594725842313812,-1.335187853953503,-1.33905381310281,-0.13789975813774907,1.8562502632313045,4.133072437634498,1.6835123844421902,-0.010259265357377494,-0.48094008261953713
0.5800394291625306,0.23911786026118503,-0.5071608741977097,-1.2116787942211675,-1.2160569332757167,-0.12658326698173844,1.6835123844421902,3.8295429939120647,1.4500154535060172,0.07576327072327603
0.3864339291713056,0.4587522808380514,0.1577595995674961,-0.4530165979456504,-0.9954099260354865,-0.942378179932355,-0.010259265357377494,1.4500154535060172,3.261981310899539,0.874079760633353
0.08080972712061749,0.22260480250989384,0.24265589208434585,0.05511230993111456,-0.2865204237590472,-0.5600373593062627,-0.48094008261953713,0.07576327072327603,0.874079760633353,2.1747903776734847
