1.3990524721598172,0.34231049960407517,0.4901326262517777,0.22113757992880967,0.2209147425263099,0.12132539037296987,0.09985308182379998,0.057137471883157154,0.03759782909590982,0.014419400608185893
0.34231049960407517,1.3980685441668752,0.34094095404205094,0.48819102128842384,0.21845423603646036,0.21707288604722097,0.11608842364512907,0.0922117206255513,0.046994698687246234,0.02225061111211936
0.4901326262517777,0.34094095404205094,1.396133599027825,0.3382539875270269,0.48436931969484787,0.21319641461466537,0.20949790081264,0.10585260231823325,0.07709635294372244,0.027268273983669735
0.22113757992880967,0.48819102128842384,0.3382539875270269,1.3922937130804565,0.33300605751518075,0.4767393024425877,0.20301753610124476,0.19420129651680615,0.08638024139418424,0.04592167945974927
0.2209147425263099,0.21845423603646036,0.48436931969484787,0.33300605751518075,1.3847133473967326,0.32280017094722047,0.46159296062122385,0.18338969535986568,0.16352148153945198,0.049475633160342085
0.12132539037296987,0.21707288604722097,0.21319641461466537,0.4767393024425877,0.32280017094722047,1.3694314341777674,0.3032460744964725,0.4305028606464076,0.14690961784591008,0.0984747473224239
0.09985308182379998,0.11608842364512907,0.20949790081264,0.20301753610124476,0.46159296062122385,0.3032460744964725,1.3387115058690109,0.2665646414797465,0.36657639135071957,0.0815255088130993
0.057137471883157154,0.0922117206255513,0.10585260231823325,0.19420129651680615,0.18338969535986568,0.4305028606464076,0.2665646414797465,1.273774299317694,0.20173032468371688,0.22453497569523365
0.03759782909590982,0.046994698687246234,0.07709635294372244,0.08638024139418424,0.16352148153945198,0.14690961784591008,0.36657639135071957,0.20173032468371688,1.1344926567447648,0.10046559348191676
0.014419400608185893,0.02225061111211936,0.027268273983669735,0.04592167945974927,0.049475633160342085,0.0984747473224239,0.0815255088130993,0.22453497569523365,0.10046559348191676,0.8017380159251999
