3.0832792457150084,-0.7512601196377954,0.5319837139944563,-0.44988893599508223,0.3790604159155264,-0.31025848345363005,0.2425977205183523,-0.1757946316439305,0.10961913437713883,-0.043953244405623385
-0.7512601196377954,3.0440022292469684,-0.709583318299239,0.48776050344113775,-0.4029637335005562,0.32926813578395975,-0.25742399497357804,0.18653577324625203,-0.11631676902073812,0.04663874342541319
0.5319837139944563,-0.709583318299239,2.9997790186773248,-0.6626581155592718,0.43796821986157475,-0.3501291968212135,0.27320551498938844,-0.1979367210160874,0.12342387514204228,-0.04948834287842033
-0.44988893599508223,0.48776050344113775,-0.6626581155592718,2.9499867348557056,-0.6098235752407682,0.3819055479434822,-0.2906412082116896,0.21008363055144158,-0.13096875279571635,0.05251231867257636
0.3790604159155264,-0.4029637335005562,0.43796821986157475,-0.6098235752407682,2.8939240593486417,-0.5503355326733192,0.31878290549586524,-0.22366264382858064,0.13902400647353114,-0.05572481194011041
-0.31025848345363005,0.32926813578395975,-0.3501291968212135,0.3819055479434822,-0.5503355326733192,2.830801363687261,-0.48335616825476857,0.24771204239050298,-0.14826159341539483,0.05918606456954695
0.2425977205183523,-0.25742399497357804,0.27320551498938844,-0.2906412082116896,0.31878290549586524,-0.48335616825476857,2.7597297115801496,-0.40794325569701084,0.16770745915849622,-0.06359210452450072
-0.1757946316439305,0.18653577324625203,-0.1979367210160874,0.21008363055144158,-0.22366264382858064,0.24771204239050298,-0.40794325569701084,2.679713429800401,-0.3230978865056977,0.07851406613236345
0.10961913437713883,-0.11631676902073812,0.12342387514204228,-0.13096875279571635,0.13902400647353114,-0.14826159341539483,0.16770745915849622,-0.3230978865056977,2.5903465821279483,-0.23752790523595896
-0.043953244405623385,0.04663874342541319,-0.04948834287842033,0.05251231867257636,-0.05572481194011041,0.05918606456954695,-0.06359210452450072,0.07851406613236345,-0.23752790523595896,2.6263283499637304
