0.8964326005433673,-0.6211148449719683,0.4395089002174062,-0.3085923111630987,0.2149279627598557,-0.14733734312943916,0.09763170833378979,-0.05979252742404078,0.02940642957407252,-0.0050932014017067845
-0.6211148449719683,0.8947975091248089,-0.6188022536947602,0.43623808783044804,-0.3039662482282687,0.208385221515128,-0.13808529056852853,0.08456754548345384,-0.04159097933301248,0.007203568738829972
0.4395089002174062,-0.6188022536947602,0.8915266960346543,-0.614176180736629,0.42969521648424536,-0.29471252323168406,0.19529958250674448,-0.11960799400090187,0.05882418892078839,-0.010188366365446636
-0.3085923111630987,0.43623808783044804,-0.614176180736629,0.8849838119186612,-0.6049222737205551,0.4166072148805506,-0.2762048558424661,0.16916622675028803,-0.0831978893151131,0.014409912622294824
0.2149279627598557,-0.3039662482282687,0.42969521648424536,-0.6049222737205551,0.8718955784202295,-0.5864113009238274,0.3904309552553183,-0.23924322811847254,0.11766970739786016,-0.020380631832304416
-0.14733734312943916,0.208385221515128,-0.29471252323168406,0.4166072148805506,-0.5864113009238274,0.8457151076711917,-0.5493896482055562,0.3381553173009494,-0.16641051350498942,0.028825007084704937
0.09763170833378979,-0.13808529056852853,0.19529958250674448,-0.2762048558424661,0.3904309552553183,-0.5493896482055562,0.7933629972450965,-0.4754669015982774,0.23516210746614238,-0.04076431890625977
-0.05979252742404078,0.08456754548345384,-0.11960799400090187,0.16916622675028803,-0.23924322811847254,0.3381553173009494,-0.4754669015982774,0.6889810752274879,-0.3300261237298113,0.05759946299377931
0.02940642957407252,-0.04159097933301248,0.05882418892078839,-0.0831978893151131,0.11766970739786016,-0.16641051350498942,0.23516210746614238,-0.3300261237298113,0.48619992423730785,-0.08075260365638819
-0.0050932014017067845,0.007203568738829972,-0.010188366365446636,0.014409912622294824,-0.020380631832304416,0.028825007084704937,-0.04076431890625977,0.05759946299377931,-0.08075260365638819,0.15754957556261218
