9.644835933332642,6.520631160794097,6.32335201422692,4.263872507599333,4.061908056304648,2.650165573770474,2.404015497509728,1.4361743462863932,1.1033138800750597,0.4388066326668898
6.520631160794097,9.540621357843452,6.420129138208879,6.17053578705192,4.115959464099933,3.8378190131433874,2.4324836458202874,2.075404736361745,1.1158257537926088,0.6214184333214774
6.32335201422692,6.420129138208879,9.395835443906819,6.272293785284904,5.958147913686224,3.898503938630015,3.5262594136259877,2.1126298930835077,1.6183581541226895,0.6453670358540218
4.263872507599333,6.17053578705192,6.272293785284904,9.171747152375705,6.054725062210736,5.62953934290597,3.5783203103810104,3.044368754280358,1.6414501781040884,0.9116698495590343
4.061908056304648,4.115959464099933,5.958147913686224,6.054725062210736,8.860186457709617,5.7347063664202444,5.172489569232458,3.1076212343656002,2.3738790490056996,0.9491401043311634
2.650165573770474,3.8378190131433874,3.898503938630015,5.62953934290597,5.7347063664202444,8.378297394029962,5.263766978641596,4.465805914688867,2.414610854552479,1.3375141654735716
2.404015497509728,2.4324836458202874,3.5262594136259877,3.5783203103810104,5.172489569232458,5.263766978641596,7.707805363819949,4.571106740602089,3.4821767500426573,1.395866889704712
1.4361743462863932,2.075404736361745,2.1126298930835077,3.044368754280358,3.1076212343656002,4.465805914688867,4.571106740602089,6.671443867791529,3.5518526082120525,1.9623046165617213
1.1033138800750597,1.1158257537926088,1.6183581541226895,1.6414501781040884,2.3738790490056996,2.414610854552479,3.4821767500426573,3.5518526082120525,5.228404394469023,2.0528064595115176
0.4388066326668898,0.6214184333214774,0.6453670358540218,0.9116698495590343,0.9491401043311634,1.3375141654735716,1.395866889704712,1.9623046165617213,2.0528064595115176,2.9994002764168117
