1.4030497541513505,0.6820133060827598,-0.318916040968931,-0.8280508870424385,-0.594497155831055,-0.0045364214290959945,0.3835727884843846,0.34057557102321084,0.07297048491850225,-0.08123490029144517
0.6820133060827598,1.369903890833975,0.673687480138805,-0.2892252572316595,-0.7788433452682921,-0.5662499827171856,-0.02774537076446515,0.31846179329263935,0.2834923758431922,0.07779317785900905
-0.318916040968931,0.673687480138805,1.3327082371535433,0.6350317633004972,-0.2944124450847284,-0.7382760185755871,-0.5066019233088406,0.0008849988551861837,0.28295900533506646,0.20176227347599124
-0.8280508870424385,-0.2892252572316595,0.6350317633004972,1.2455366121964637,0.5679028203521517,-0.27574574706492205,-0.6314734171460858,-0.38918430976346535,0.024216230796982267,0.1696855349684206
-0.594497155831055,-0.7788433452682921,-0.2944124450847284,0.5679028203521517,1.1637128642191792,0.5426993173215816,-0.2085600486118899,-0.5123244578813133,-0.315019287022085,-0.024403189062654748
-0.0045364214290959945,-0.5662499827171856,-0.7382760185755871,-0.27574574706492205,0.5426993173215816,1.1077248227112606,0.5000449785445333,-0.19596558400599548,-0.4434976099706672,-0.2400444305381717
0.3835727884843846,-0.02774537076446515,-0.5066019233088406,-0.6314734171460858,-0.2085600486118899,0.5000449785445333,0.9693420469891845,0.3705453372046066,-0.19645935383557708,-0.2854151737936267
0.34057557102321084,0.31846179329263935,0.0008849988551861837,-0.38918430976346535,-0.5123244578813133,-0.19596558400599548,0.3705453372046066,0.7837915669852078,0.2855338635882184,-0.0806979698382711
0.07297048491850225,0.2834923758431922,0.28295900533506646,0.024216230796982267,-0.315019287022085,-0.4434976099706672,-0.19645935383557708,0.2855338635882184,0.6727241527730832,0.24383442145622897
-0.08123490029144517,0.07779317785900905,0.20176227347599124,0.1696855349684206,-0.024403189062654748,-0.2400444305381717,-0.2854151737936267,-0.0806979698382711,0.24383442145622897,0.47605527218538973
