7.635294934821361,-2.7653699084076573,4.106192428707578,-2.1026933095060754,2.469941746973027,-1.431010136347782,1.4197915575521336,-0.836588178886458,0.6729019946254304,-0.31314594262316625
-2.7653699084076573,7.5902624478787,-2.710668925453491,4.039965433357521,-2.022179595831145,2.372566088615817,-1.312470995801585,1.2766658346350188,-0.6619905957871498,0.46264473958027774
4.106192428707578,-2.710668925453491,7.520618933115606,-2.6312154913674,3.9359483047859394,-1.9076605552646515,2.21592186915491,-1.1494963413962527,1.0378245078579922,-0.4349974366544936
-2.1026933095060754,4.039965433357521,-2.6312154913674,7.422914228536026,-2.5147374587667093,3.791574987625013,-1.737258290331103,2.0020575647806247,-0.9010284458212353,0.719794197929509
2.469941746973027,-2.022179595831145,3.9359483047859394,-2.5147374587667093,7.2668779609165846,-2.347954663481021,3.555038738877653,-1.5025137843328125,1.6378792497033345,-0.5803289604623262
-1.431010136347782,2.372566088615817,-1.9076605552646515,3.791574987625013,-2.347954663481021,7.051890393558514,-2.106522758910871,3.2327495244622293,-1.156458712441844,1.149806202690685
1.4197915575521336,-1.312470995801585,2.21592186915491,-1.737258290331103,3.555038738877653,-2.106522758910871,6.689787439792247,-1.7728234473963853,2.6672814060174233,-0.715396609811398
-0.836588178886458,1.2766658346350188,-1.1494963413962527,2.0020575647806247,-1.5025137843328125,3.2327495244622293,-1.7728234473963853,6.19787991711943,-1.3089326150527942,1.9023875034655138
0.6729019946254304,-0.6619905957871498,1.0378245078579922,-0.9010284458212353,1.6378792497033345,-1.156458712441844,2.6672814060174233,-1.3089326150527942,5.297074107307412,-0.7313946685174988
-0.31314594262316625,0.46264473958027774,-0.4349974366544936,0.719794197929509,-0.5803289604623262,1.149806202690685,-0.715396609811398,1.9023875034655138,-0.7313946685174988,4.063074701589105
