47.4028130699,44.21700285611688,39.71053100595713,34.24288295625211,28.23498407239154,22.062499678994048,16.066485259615668,10.563895302218844,5.857653276589315,2.2460091839254375
44.21700285611688,43.573380368577276,40.02487281636239,35.203555277729535,29.496736267335212,23.359165322429998,17.20693902302391,11.42869284824999,6.396545284034773,2.476445219555169
39.71053100595713,40.02487281636239,38.983580894285694,35.08961209263312,30.005474393826404,24.155478409173163,18.038609267660256,12.123026783962949,6.8577353032463755,2.6838333579189664
34.24288295625211,35.203555277729535,35.08961209263312,33.67595218809026,29.498220285414916,24.258674457823606,18.42915293330344,12.564586190973271,7.198012830178666,2.852580153391086
28.23498407239154,29.496736267335212,30.005474393826404,29.498220285414916,27.784257509464762,23.44105213817762,18.220874793219064,12.654443397653196,7.3649805714817225,2.9635805471583327
22.062499678994048,23.359165322429998,24.155478409173163,24.258674457823606,23.44105213817762,21.554811073611095,17.228749570431397,12.27558329979897,7.29615104999749,2.993836222461567
16.066485259615668,17.20693902302391,18.038609267660256,18.42915293330344,18.220874793219064,17.228749570431397,15.356035676873278,11.29166954418685,6.918148575312056,2.916103942962287
10.563895302218844,11.42869284824999,12.123026783962949,12.564586190973271,12.654443397653196,12.27558329979897,11.29166954418685,9.663327423787939,6.1460819638911595,2.6985973798226808
5.857653276589315,6.396545284034773,6.8577353032463755,7.198012830178666,7.3649805714817225,7.29615104999749,6.918148575312056,6.1460819638911595,5.000322669679739,2.3047714136880284
2.2460091839254375,2.476445219555169,2.6838333579189664,2.852580153391086,2.9635805471583327,2.993836222461567,2.916103942962287,2.6985973798226808,2.3047714136880284,1.8103789016766698
