1.452584964018424,-0.656581197739279,0.5664342632443378,-0.38678200588415174,0.3316516612551774,-0.21934739248970603,0.1810497397401817,-0.11003889065924756,0.0763694158910466,-0.029894928508154034
-0.656581197739279,1.4474209701405918,-0.6517172092968002,0.5579962060435524,-0.37860330298199796,0.3178499074211308,-0.20561820764092686,0.15845377695243162,-0.08702664738554737,0.03934371476303784
0.5664342632443378,-0.6517172092968002,1.440054312831664,-0.6436026406978042,0.545888569272186,-0.3650767089850191,0.29793877014637776,-0.18308629320615516,0.12569250313543642,-0.0495184114313251
-0.38678200588415174,0.5579962060435524,-0.6436026406978042,1.4262563980952998,-0.6299748661796662,0.5233047336306164,-0.34222518013240893,0.2609418216396875,-0.14482027366565095,0.06503420754965807
0.3316516612551774,-0.37860330298199796,0.545888569272186,-0.6299748661796662,1.406339204125687,-0.6072829632582344,0.490524327603395,-0.30446339548297924,0.20696587467957323,-0.08201494507744117
-0.21934739248970603,0.3178499074211308,-0.3650767089850191,0.5233047336306164,-0.6072829632582344,1.3693518108727725,-0.5692693471533758,0.4298962156620361,-0.24086256828398597,0.10750967982984723
0.1810497397401817,-0.20561820764092686,0.29793877014637776,-0.34222518013240893,0.490524327603395,-0.5692693471533758,1.3153607892098982,-0.5060658180717706,0.34093470909143075,-0.13582520772070852
-0.11003889065924756,0.15845377695243162,-0.18308629320615516,0.2609418216396875,-0.30446339548297924,0.4298962156620361,-0.5060658180717706,1.2159283767388136,-0.4004016660943258,0.17774156907801325
0.0763694158910466,-0.08702664738554737,0.12569250313543642,-0.14482027366565095,0.20696587467957323,-0.24086256828398597,0.34093470909143075,-0.4004016660943258,1.0692545043225408,-0.22492226218049158
-0.029894928508154034,0.03934371476303784,-0.0495184114313251,0.06503420754965807,-0.08201494507744117,0.10750967982984723,-0.13582520772070852,0.17774156907801325,-0.22492226218049158,0.8012910482181472
