4.4094330659258345,-2.261211346496374,2.194917281828623,-1.67667676455938,1.4105408903813677,-1.0991185654635844,0.8524753198165556,-0.6121982796347964,0.4022885745911702,-0.18065644863051908
-2.261211346496374,4.363325601330196,-2.206885204586867,2.1307537247507478,-1.6012761243588853,1.320989896804727,-0.9951145811775892,0.7258908310132224,-0.4727254643229488,0.21354058677376686
2.194917281828623,-2.206885204586867,4.299315332083777,-2.1312850708503883,2.0419107283064406,-1.495767207959809,1.1984348794833695,-0.845995729373884,0.5614827810946688,-0.2505154885554655
-1.67667676455938,2.1307537247507478,-2.1312850708503883,4.210023965579433,-2.0263596771475156,1.917284804809979,-1.3510503135423126,1.0222405425965022,-0.6520006087576061,0.2985819855790917
1.4105408903813677,-1.6012761243588853,2.0419107283064406,-2.0263596771475156,4.086709533731253,-1.879935966840952,1.7471479110824464,-1.144179377026053,0.7938148788992861,-0.34417910448732814
-1.0991185654635844,1.320989896804727,-1.495767207959809,1.917284804809979,-1.879935966840952,3.912736499955993,-1.6780575019082762,1.5010041015466205,-0.8740198991101475,0.4254330928582943
0.8524753198165556,-0.9951145811775892,1.1984348794833695,-1.3510503135423126,1.7471479110824464,-1.6780575019082762,3.677813478966604,-1.3932949419185845,1.1844482565339784,-0.4530591441188478
-0.6121982796347964,0.7258908310132224,-0.845995729373884,1.0222405425965022,-1.144179377026053,1.5010041015466205,-1.3932949419185845,3.3284365966515135,-1.0150485023687454,0.6547753318891221
0.4022885745911702,-0.4727254643229488,0.5614827810946688,-0.6520006087576061,0.7938148788992861,-0.8740198991101475,1.1844482565339784,-1.0150485023687454,2.8947658812231145,-0.4730623998397967
-0.18065644863051908,0.21354058677376686,-0.2505154885554655,0.2985819855790917,-0.34417910448732814,0.4254330928582943,-0.4530591441188478,0.6547753318891221,-0.4730623998397967,2.0508191977442007
