0.9001106325564399,-0.280459197415336,0.20969178330238883,-0.16439137725862374,0.12910583511647056,-0.09991389010509347,0.07512847665269592,-0.053600798587048436,0.03437241617192276,-0.016524621879025432
-0.280459197415336,0.8974715523073483,-0.2772117244779916,0.2056956604838603,-0.15947399825138003,0.12305471584628583,-0.09246707507701023,0.06596087920274482,-0.042296952215750715,0.020334171159207857
0.20969178330238883,-0.2772117244779916,0.8934754326429607,-0.2722943671087237,0.19964466780390372,-0.15202790175885375,0.1138911707309442,-0.08118605082474767,0.05205112565161671,-0.025022397093884628
-0.16439137725862374,0.2056956604838603,-0.2722943671087237,0.8874244618131948,-0.26484842051244784,0.19048199963752702,-0.14075185513418623,0.10000948957286696,-0.06406959505980797,0.030793965990096324
0.12910583511647056,-0.15947399825138003,0.19964466780390372,-0.26484842051244784,0.8782619450131781,-0.25357341228832275,0.1766063935098711,-0.1236698816940726,0.07894680034075273,-0.037910464157923915
-0.09991389010509347,0.12305471584628583,-0.15202790175885375,0.19048199963752702,-0.25357341228832275,0.8643873874701931,-0.2364986323282604,0.15558578881869858,-0.09774962577885964,0.046748602869701845
0.07512847665269592,-0.09246707507701023,0.1138911707309442,-0.14075185513418623,0.1766063935098711,-0.2364986323282604,0.8433740468092323,-0.21062820897103257,0.12367913039576062,-0.05808056026762773
-0.053600798587048436,0.06596087920274482,-0.08118605082474767,0.10000948957286696,-0.1236698816940726,0.15558578881869858,-0.21062820897103257,0.811517709677819,-0.17130435659970727,0.07459396480600514
0.03437241617192276,-0.042296952215750715,0.05205112565161671,-0.06406959505980797,0.07894680034075273,-0.09774962577885964,0.12367913039576062,-0.17130435659970727,0.7627811429108766,-0.10937719808802027
-0.016524621879025432,0.020334171159207857,-0.025022397093884628,0.030793965990096324,-0.037910464157923915,0.046748602869701845,-0.05808056026762773,0.07459396480600514,-0.10937719808802027,0.6779852689607218
