1.4498195143039125,0.6634103737818322,0.5744298318125884,0.2651130182730724,0.236641239031872,0.10500572651455235,0.09563699224594872,0.03973383953117679,0.033945309661917195,0.010519526523787771
0.6634103737818322,1.4494692101794857,0.6631804560584703,0.5735956923995719,0.26451200538545466,0.23465080272929023,0.10344954833368797,0.09087782051981627,0.03573540897032127,0.02254428788689082
0.5744298318125884,0.6631804560584703,1.4488224988781933,0.6625941293730695,0.572043069019397,0.2630243479714583,0.23091699825492795,0.0996910987271831,0.08188446047384412,0.02627444270871181
0.2651130182730724,0.5735956923995719,0.6625941293730695,1.44683321333434,0.6610722566603259,0.5672892663375826,0.2591062615525122,0.2195347805365151,0.08967103489048478,0.0545815097422625
0.236641239031872,0.26451200538545466,0.572043069019397,0.6610722566603259,1.4430967278704947,0.6572338836111858,0.5582833977170576,0.24945811287454941,0.19779729034536625,0.06548990959311726
0.10500572651455235,0.23465080272929023,0.2630243479714583,0.5672892663375826,0.6572338836111858,1.4317207562090772,0.6474000220632942,0.531009588938508,0.22441051521919642,0.13229327216858427
0.09563699224594872,0.10344954833368797,0.23091699825492795,0.2591062615525122,0.5582833977170576,0.6474000220632942,1.4099687142159765,0.6227850904731337,0.4784038539005295,0.16294167981599111
0.03973383953117679,0.09087782051981627,0.0996910987271831,0.2195347805365151,0.24945811287454941,0.531009588938508,0.6227850904731337,1.3444985982178344,0.5603082477948224,0.3209788562196759
0.033945309661917195,0.03573540897032127,0.08188446047384412,0.08967103489048478,0.19779729034536625,0.22441051521919642,0.4784038539005295,0.5603082477948224,1.2170444964328981,0.404765465296784
0.010519526523787771,0.02254428788689082,0.02627444270871181,0.0545815097422625,0.06548990959311726,0.13229327216858427,0.16294167981599111,0.3209788562196759,0.404765465296784,0.8380945501935696
