14.443773332519543,5.296795874547192,10.292241283981792,3.9290588526591916,7.166334017453136,2.690124528504846,4.533774417953744,1.5419733740801609,2.212875077007651,0.4454473529835924
5.296795874547192,13.906356689826417,5.066821345028869,9.593406472975431,3.655473571254995,6.256517611223413,2.367985970360753,3.347836255111469,1.167527411948761,0.6650865459494741
10.292241283981792,5.066821345028869,13.66972373378565,4.773633818659604,9.293838269392916,3.2816083203661925,5.877390366411763,1.8911206357632298,2.8681780675153297,0.5591192139963985
3.9290588526591916,9.593406472975431,4.773633818659604,12.760738669973838,4.425614285289496,8.11009386516827,2.8729450458509964,4.333945499505256,1.4177532034945233,0.8532093901812648
7.166334017453136,3.655473571254995,9.293838269392916,4.425614285289496,12.380515293503137,3.982873224518361,7.627543189204781,2.309652649262024,3.7215881078990125,0.701018078862639
2.690124528504846,6.256517611223413,3.2816083203661925,8.11009386516827,3.982873224518361,10.838515684998084,3.4645126629719054,5.616388281028375,1.7114843127629311,1.0952328601392058
4.533774417953744,2.367985970360753,5.877390366411763,2.8729450458509964,7.627543189204781,3.4645126629719054,10.224252708574795,2.807101340877288,4.834358800217694,0.8778485187957689
1.5419733740801609,3.347836255111469,1.8911206357632298,4.333945499505256,2.309652649262024,5.616388281028375,2.807101340877288,7.600409989710382,2.051577899520484,1.4068432702130464
2.212875077007651,1.167527411948761,2.8681780675153297,1.4177532034945233,3.7215881078990125,1.7114843127629311,4.834358800217694,2.051577899520484,6.601340015699913,1.0977852992585992
0.4454473529835924,0.6650865459494741,0.5591192139963985,0.8532093901812648,0.701018078862639,1.0952328601392058,0.8778485187957689,1.4068432702130464,1.0977852992585992,2.122584133942395
