1.2553628524894038,0.4598940475494293,0.39352294241677804,0.32158557997993875,0.2613727809395139,0.20869185179098645,0.16226200473027735,0.12070711601410476,0.0824278229011159,0.049237722673617104
0.4598940475494293,1.248657443015757,0.451926391119457,0.3840554424065147,0.3103358011639087,0.24800603545766436,0.1928030419586543,0.14342981957211515,0.09794421891353434,0.05850638162326413
0.39352294241677804,0.451926391119457,1.2391899303701002,0.44067669971296464,0.3706879705361825,0.294452858292906,0.22912626707978467,0.17042582809339352,0.11638196535110361,0.06951972510033876
0.32158557997993875,0.3840554424065147,0.44067669971296464,1.2258225802037086,0.4247929149144851,0.35181519872226186,0.2720191339361293,0.202536733782186,0.1382864386173682,0.0826068562698463
0.2613727809395139,0.3103358011639087,0.3706879705361825,0.4247929149144851,1.20694863613909,0.4023672999916834,0.32515827461602365,0.24042405274373604,0.16434708381686974,0.09815264911894707
0.20869185179098645,0.24800603545766436,0.294452858292906,0.35181519872226186,0.4023672999916834,1.1803030031355868,0.3706941088418342,0.287617732000496,0.19504749328025903,0.11666452706829877
0.16226200473027735,0.1928030419586543,0.22912626707978467,0.2720191339361293,0.32515827461602365,0.3706941088418342,1.1426537047724954,0.3260699034233645,0.23368298211082317,0.13833932088314677
0.12070711601410476,0.14342981957211515,0.17042582809339352,0.202536733782186,0.24042405274373604,0.287617732000496,0.3260699034233645,1.0897664887602243,0.2621150671248098,0.16670288376666706
0.0824278229011159,0.09794421891353434,0.11638196535110361,0.1382864386173682,0.16434708381686974,0.19504749328025903,0.23368298211082317,0.2621150671248098,1.0126965583944547,0.17925982508798136
0.049237722673617104,0.05850638162326413,0.06951972510033876,0.0826068562698463,0.09815264911894707,0.11666452706829877,0.13833932088314677,0.16670288376666706,0.17925982508798136,0.9407238506886895
