1.3679141635714904,0.5739390879700534,0.3895832443707945,0.21411418736387827,0.1327785722967833,0.07626167897736397,0.04513635364702469,0.025109995752127343,0.012498826915700593,0.0033931561842939256
0.5739390879700534,1.367806721378104,0.5737579597152902,0.3892787618793282,0.21359985754098584,0.13191690969603576,0.07479770898939123,0.042707925846596204,0.020914372516966883,0.005737328012418104
0.3895832443707945,0.5737579597152902,1.367501290997444,0.5732447523898057,0.38841119143830694,0.21214830563839276,0.12944523978222217,0.07071327621887064,0.03560588284148406,0.009595709214793413
0.21411418736387827,0.3892787618793282,0.5732447523898057,1.3666382991269477,0.5717877785100665,0.3859680580491448,0.2080038900343586,0.1225520683067106,0.05885753180274958,0.016349592667019887
0.1327785722967833,0.21359985754098584,0.38841119143830694,0.5717877785100665,1.3641730499586515,0.567669552575577,0.378937047159996,0.19643787951894154,0.10228687009185668,0.026988656649240432
0.07626167897736397,0.13191690969603576,0.21214830563839276,0.3859680580491448,0.567669552575577,1.3572488644823806,0.5559770386145759,0.3593376519531784,0.16316950840467254,0.04701294861129968
0.04513635364702469,0.07479770898939123,0.12944523978222217,0.2080038900343586,0.378937047159996,0.5559770386145759,1.3371334725852702,0.5233197146048637,0.3008477153009607,0.07468969513078207
0.025109995752127343,0.042707925846596204,0.07071327621887064,0.1225520683067106,0.19643787951894154,0.3593376519531784,0.5233197146048637,1.2811359445951918,0.43188837252269985,0.13863763033253831
0.012498826915700593,0.020914372516966883,0.03560588284148406,0.05885753180274958,0.10228687009185668,0.16316950840467254,0.3008477153009607,0.43188837252269985,1.1068868270981245,0.19659645580601876
0.0033931561842939256,0.005737328012418104,0.009595709214793413,0.016349592667019887,0.026988656649240432,0.04701294861129968,0.07468969513078207,0.13863763033253831,0.19659645580601876,0.6020010762253806
