1.4131244239680845,-0.17314326308641664,0.050297464558253596,-0.015363074350785422,0.005164739002587531,-0.002017554495599754,0.0009389480188202065,-0.0005033046810985774,0.0002853886063121983,-0.00013619189661879033
-0.17314326308641664,1.4131239766601076,-0.1731425769755312,0.05029640379795897,-0.015361404544127391,0.0051620048957975,-0.002012710707072451,0.0009291399163513026,-0.00047965463287980904,0.00021811852246776103
0.050297464558253596,-0.1731425769755312,1.4131229237803997,-0.17314094747125736,0.050293832672786684,-0.015357173691841825,0.005154439438448559,-0.0019971752668517606,0.0008910951029341977,-0.00037011332704154796
-0.015363074350785422,0.05029640379795897,-0.17314094747125736,1.4131203957854468,-0.17313693719274037,0.05028715920905954,-0.015344992833725282,0.00512866855610794,-0.0019320449729896998,0.0006990532661520145
0.005164739002587531,-0.015361404544127391,0.050293832672786684,-0.17313693719274037,1.4131139583721475,-0.17312596352840082,0.05026627018169322,-0.015298222069496398,0.005003801584724318,-0.0015494334362338483
-0.002017554495599754,0.0051620048957975,-0.015357173691841825,0.05028715920905954,-0.17312596352840082,1.4130943612418623,-0.17308579970036664,0.05016812145964229,-0.015016091700852392,0.004098113848484539
0.0009389480188202065,-0.002012710707072451,0.005154439438448559,-0.015344992833725282,0.05026627018169322,-0.17308579970036664,1.4130032830347092,-0.17283982890006405,0.0494086619196849,-0.012478304006174473
-0.0005033046810985774,0.0009291399163513026,-0.0019971752668517606,0.00512866855610794,-0.015298222069496398,0.05016812145964229,-0.17283982890006405,1.41228252021576,-0.1704999414641597,0.041386875281324606
0.0002853886063121983,-0.00047965463287980904,0.0008910951029341977,-0.0019320449729896998,0.005003801584724318,-0.015016091700852392,0.0494086619196849,-0.1704999414641597,1.4044725195984316,-0.14336467867922503
-0.00013619189661879033,0.00021811852246776103,-0.00037011332704154796,0.0006990532661520145,-0.0015494334362338483,0.004098113848484539,-0.012478304006174473,0.041386875281324606,-0.14336467867922503,1.3096021234084072
