2.8289604175089575,-0.8171529842607435,-0.05419285010125682,0.013830506325750414,0.0011043220245566573,-0.0002320756407110333,-2.1969185167211512e-05,3.857317194621816e-06,4.2798797179366824e-07,-6.483854159061735e-08
-0.8171529842607435,2.8289604175089536,-0.8171529842607508,-0.05419285010102579,0.013830506326296522,0.0011043220117894546,-0.00023207567944695073,-2.1968484875620663e-05,3.859939772111201e-06,3.898795059115569e-07
-0.05419285010125682,-0.8171529842607508,2.828960417508668,-0.817152984260519,-0.054192850084699075,0.013830506323101436,0.0011043210841536859,-0.00023207606302947355,-2.19161233876585e-05,3.913565353783192e-06
0.013830506325750414,-0.05419285010102579,-0.817152984260519,2.828960417495709,-0.8171529842815428,-0.05419284936277051,0.013830507954609801,0.0011042811455616896,-0.0002321928804395079,-1.9722806170710322e-05
0.0011043220245566573,0.013830506326296522,-0.054192850084699075,-0.8171529842815428,2.828960416557219,-0.8171529836608837,-0.054192795774511374,0.013830505388642791,0.0011012412410941867,-0.00023389806493930983
-0.0002320756407110333,0.0011043220117894546,0.013830506323101436,-0.05419284936277051,-0.8171529836608837,2.82896037600323,-0.8171530435398968,-0.0541905329019319,0.013835278022248708,0.0009758466348960547
-2.1969185167211512e-05,-0.00023207567944695073,0.0011043210841536859,0.013830507954609801,-0.054192795774511374,-0.8171530435398968,2.8289573012070397,-0.8171515204362443,-0.05401527112903974,0.013855619189694468
3.857317194621816e-06,-2.1968484875620663e-05,-0.00023207606302947355,0.0011042811455616896,0.013830505388642791,-0.0541905329019319,-0.8171515204362443,2.828829928313058,-0.8173154208276809,-0.04689327541391169
4.2798797179366824e-07,3.859939772111201e-06,-2.19161233876585e-05,-0.0002321928804395079,0.0011012412410941867,0.013835278022248708,-0.05401527112903974,-0.8173154208276809,2.8187931707328255,-0.8141329086293306
-6.483854159061735e-08,3.898795059115569e-07,3.913565353783192e-06,-1.9722806170710322e-05,-0.00023389806493930983,0.0009758466348960547,0.013855619189694468,-0.04689327541391169,-0.8141329086293306,2.41692838209398
