5.230485856020921,-0.8701950462127438,2.6354179641136977,-0.7977337775735112,1.3587202051734364,-0.5391687593805712,0.6615895878097601,-0.266229171422227,0.22133232458822732,-0.004998575762147384
-0.8701950462127438,5.208341099883645,-0.8448405010500604,2.5981363347054387,-0.7576907069155744,1.2951089026025664,-0.4774427921481701,0.5509412015370314,-0.1751113880749205,0.023661744716356396
2.6354179641136977,-0.8448405010500604,5.174986748916856,-0.8035398837717208,2.542979270152262,-0.690679447976179,1.2034854766617915,-0.36939735117546224,0.39769526738765837,-0.002671211713497785
-0.7977337775735112,2.5981363347054387,-0.8035398837717208,5.111778123040816,-0.7391068005031955,2.4340232774347728,-0.5934697170052692,1.011235270963896,-0.2316616337554137,0.04765509197176213
1.3587202051734364,-0.7576907069155744,2.542979270152262,-0.7391068005031955,5.019329144201253,-0.6366113889205097,2.2773076604769344,-0.43351902683590454,0.7411602136079655,0.009783129846557166
-0.5391687593805712,1.2951089026025664,-0.690679447976179,2.4340232774347728,-0.6366113889205097,4.828771456589081,-0.48749720607117353,1.9343809007048702,-0.23761858051180074,0.10083334887876333
0.6615895878097601,-0.4774427921481701,1.2034854766617915,-0.5934697170052692,2.2773076604769344,-0.48749720607117353,4.55522646111688,-0.26938015236534346,1.4434119076469392,0.0523446733047257
-0.266229171422227,0.5509412015370314,-0.36939735117546224,1.011235270963896,-0.43351902683590454,1.9343809007048702,-0.26938015236534346,3.9220135354541528,-0.0249645670897245,0.22348600232400528
0.22133232458822732,-0.1751113880749205,0.39769526738765837,-0.2316616337554137,0.7411602136079655,-0.23761858051180074,1.4434119076469392,-0.0249645670897245,2.9937108911862573,0.17887715995636871
-0.004998575762147384,0.023661744716356396,-0.002671211713497785,0.04765509197176213,0.009783129846557166,0.10083334887876333,0.0523446733047257,0.22348600232400528,0.17887715995636871,0.5579356071878845
