7.352830663868211,6.420112462791145,5.433870426323595,4.476070024031861,3.5826710204722123,2.75652223985655,1.9915960339115262,1.285675880242982,0.6558801458312549,0.1744987426538135
6.420112462791145,7.128014750847242,6.160063903010014,5.133282121766863,4.1292091375984725,3.1840221341883677,2.302764131991207,1.4872607652883842,0.7589203943924443,0.20196638383477034
5.433870426323595,6.160063903010014,6.827211918053563,5.812367898053165,4.732061437585369,3.6680833548111047,2.659147791417303,1.7193787687674122,0.8779209523831861,0.2337815670441118
4.476070024031861,5.133282121766863,5.812367898053165,6.42531207069275,5.3485982593353505,4.199045180903156,3.0613730736397304,1.9847844501548126,1.014958518569629,0.2706738588242935
3.5826710204722123,4.1292091375984725,4.732061437585369,5.3485982593353505,5.890145688550568,4.733517939678895,3.498905800941393,2.283109744991921,1.171682934454931,0.3135667450494041
2.75652223985655,3.1840221341883677,3.6680833548111047,4.199045180903156,4.733517939678895,5.183199344321029,3.928756365254932,2.6042013380380573,1.3479422194098327,0.36374548975288723
1.9915960339115262,2.302764131991207,2.659147791417303,3.0613730736397304,3.498905800941393,3.928756365254932,4.266945086577617,2.909699496694914,1.537921598386022,0.4232897734742949
1.285675880242982,1.4872607652883842,1.7193787687674122,1.9847844501548126,2.283109744991921,2.6042013380380573,2.909699496694914,3.132442033363069,1.7194663808268085,0.49622645881472127
0.6558801458312549,0.7589203943924443,0.8779209523831861,1.014958518569629,1.171682934454931,1.3479422194098327,1.537921598386022,1.7194663808268085,1.874762447165232,0.5916474263123577
0.1744987426538135,0.20196638383477034,0.2337815670441118,0.2706738588242935,0.3135667450494041,0.36374548975288723,0.4232897734742949,0.49622645881472127,0.5916474263123577,0.7822185448460093
