0.5708057385695892,-0.338521122916484,0.21196247658008585,-0.13268492218327146,0.08295116856831589,-0.05168945016334316,0.03193815472207831,-0.019298980637818715,0.010957473225857153,-0.0050537152434645015
-0.338521122916484,0.570737220515607,-0.33841175480971686,0.21178790386408713,-0.13240627026143806,0.08250638603458187,-0.05097949115089938,0.03080491712495258,-0.017490253036026603,0.0080667099573985
0.21196247658008585,-0.33841175480971686,0.5705626477996198,-0.3381331028875979,0.21134312133792424,-0.13169631104907842,0.08137315371754217,-0.049170624095987533,0.027917836976456226,-0.012876034046885927
-0.13268492218327146,0.21178790386408713,-0.3381331028875979,0.5701178652729717,-0.3374231436872765,0.21020988870170534,-0.12988745242208896,0.07848585097462227,-0.044562284080534066,0.020552648303503698
0.08295116856831589,-0.13240627026143806,0.21134312133792424,-0.3374231436872765,0.5689846326572041,-0.3356142845527881,0.20732259941453374,-0.12527875710777847,0.07113004629222829,-0.03280601411125767
-0.05168945016334316,0.08250638603458187,-0.13169631104907842,0.21020988870170534,-0.3356142845527881,0.566097342507859,-0.3310056106332901,0.19996622747347637,-0.1135374655960335,0.05236475839197788
0.03193815472207831,-0.05097949115089938,0.08137315371754217,-0.12988745242208896,0.20732259941453374,-0.3310056106332901,0.5587410069137491,-0.31926341717299034,0.18122485369405952,-0.08358443337921778
-0.019298980637818715,0.03080491712495258,-0.049170624095987533,0.07848585097462227,-0.12527875710777847,0.19996622747347637,-0.31926341717299034,0.539998100843424,-0.2893484087152045,0.1334137981820501
0.010957473225857153,-0.017490253036026603,0.027917836976456226,-0.044562284080534066,0.07113004629222829,-0.1135374655960335,0.18122485369405952,-0.2893484087152045,0.4922516426523482,-0.21303810715457555
-0.0050537152434645015,0.0080667099573985,-0.012876034046885927,0.020552648303503698,-0.03280601411125767,0.05236475839197788,-0.08358443337921778,0.1334137981820501,-0.21303810715457555,0.3703024892428915
