4.2005768718977246,-2.5207611206735945,1.6908150103083686,-1.1261171623541504,0.7497692824505489,-0.4961065868553414,0.32424950281072357,-0.20572399133202252,0.1210275751534732,-0.0563993048308828
-2.5207611206735945,4.199111244254018,-2.5185682159966842,1.6875339864322,-1.1212078845095508,0.7424246098224745,-0.48511448746640173,0.3078153180058518,-0.18108169857207984,0.08438602012549026
1.6908150103083686,-2.5185682159966842,4.195830171503513,-2.513659075105396,1.6801886157151449,-1.1102186220583004,0.7259779858752319,-0.4605252962391481,0.27094496469704804,-0.1262578183120124
-1.1261171623541504,1.6875339864322,-2.513659075105396,4.188485115111468,-2.50266893186775,1.6637464813802283,-1.0856111856635078,0.6891876322919925,-0.4053599046501271,0.1889173516375256
0.7497692824505489,-1.1212078845095508,1.6801886157151449,-2.50266893186775,4.172040959261409,-2.478067160065248,1.6269272538004333,-1.0305631340286778,0.606645517838444,-0.28262548322043096
-0.4961065868553414,0.7424246098224745,-1.1102186220583004,1.6637464813802283,-2.478067160065248,4.1352347326307015,-2.4229826777975667,1.5445708363773962,-0.9070740653851286,0.42302267186566056
0.32424950281072357,-0.48511448746640173,0.7259779858752319,-1.0856111856635078,1.6269272538004333,-2.4229826777975667,4.052794702340469,-2.299727905100096,1.359753719044423,-0.6322725589307385
-0.20572399133202252,0.3078153180058518,-0.4605252962391481,0.6891876322919925,-1.0305631340286778,1.5445708363773962,-2.299727905100096,3.8685153235613132,-2.0234195735907234,0.9488575752460915
0.1210275751534732,-0.18108169857207984,0.27094496469704804,-0.4053599046501271,0.606645517838444,-0.9070740653851286,1.359753719044423,-2.0234195735907234,3.4541608274547833,-1.4074849017687847
-0.0563993048308828,0.08438602012549026,-0.1262578183120124,0.1889173516375256,-0.28262548322043096,0.42302267186566056,-0.6322725589307385,0.9488575752460915,-1.4074849017687847,2.5375112249644003
