1.7219031361718042,0.3251357258380143,0.30869659852812553,0.1564826484500878,0.10978549494420878,0.06392072363727255,0.040688248389604574,0.023814718363810643,0.013384364194123711,0.005328741673987717
0.3251357258380143,1.7218006954998117,0.3249719677149289,0.3084334928741921,0.1560638187191452,0.10910740371100847,0.06285637986428741,0.038920607201402224,0.021168970017524914,0.00860559541731512
0.30869659852812553,0.3249719677149289,1.7215388831564364,0.324551421563089,0.30776374510659565,0.1549803520285361,0.10740427167761865,0.060035333205160205,0.0346770283472054,0.013570387825458136
0.1564826484500878,0.3084334928741921,0.324551421563089,1.7208630698762601,0.32347600473527605,0.3060214829545602,0.15224899016838844,0.10285815057043196,0.05325888465701542,0.02234950440533056
0.10978549494420878,0.1560638187191452,0.30776374510659565,0.32347600473527605,1.7191492544438693,0.3207068897277853,0.30165887865656477,0.14505192781401632,0.09194952314193014,0.03398271311750314
0.06392072363727255,0.10910740371100847,0.1549803520285361,0.3060214829545602,0.3207068897277853,1.7146532375368195,0.3136868863085026,0.2898895735602876,0.12774839797077814,0.05971694942583575
0.040688248389604574,0.06285637986428741,0.10740427167761865,0.15224899016838844,0.30165887865656477,0.3136868863085026,1.7035096258237195,0.29555296565810546,0.2616935022826982,0.08012240629777609
0.023814718363810643,0.038920607201402224,0.060035333205160205,0.10285815057043196,0.14505192781401632,0.2898895735602876,0.29555296565810546,1.6723791077009138,0.251821433715508,0.17373254557922158
0.013384364194123711,0.021168970017524914,0.0346770283472054,0.05325888465701542,0.09194952314193014,0.12774839797077814,0.2616935022826982,0.251821433715508,1.598180448184718,0.14519736995940175
0.005328741673987717,0.00860559541731512,0.013570387825458136,0.02234950440533056,0.03398271311750314,0.05971694942583575,0.08012240629777609,0.17373254557922158,0.14519736995940175,1.3271577490559208
