0.8027004758164272,0.040503160157983525,0.01312513279579308,-0.006558103244567915,-0.01524211147621772,-0.014778570398687437,-0.009418513522227803,-0.0034199268755027625,0.00040385720284542853,0.0011691309519763777
0.040503160157983525,0.8025816481483509,0.04039750023260518,0.013104318401536334,-0.006417185571075109,-0.014898238105128234,-0.014277440049846867,-0.008932422783196985,-0.0032438800833837446,-6.942024216746578e-05
0.01312513279579308,0.04039750023260518,0.8023724130371968,0.04012769427955791,0.012885092531254734,-0.006419363220754339,-0.014516467169238444,-0.01344140793855273,-0.007783123126172409,-0.002212622247701844
-0.006558103244567915,0.013104318401536334,0.04012769427955791,0.8018209820055856,0.03940136850612994,0.012274061415413933,-0.006470715031992558,-0.013551094086759356,-0.011246527901225352,-0.004700727635342905
-0.01524211147621772,-0.006417185571075109,0.012885092531254734,0.03940136850612994,0.8006242389201097,0.038073268849762205,0.011489022063451641,-0.0058403843924191585,-0.010792980120678341,-0.006345668303858723
-0.014778570398687437,-0.014898238105128234,-0.006419363220754339,0.012274061415413933,0.038073268849762205,0.7988065289437632,0.036452561329346586,0.01116097833545241,-0.0036979867818630724,-0.0055445597135943495
-0.009418513522227803,-0.014277440049846867,-0.014516467169238444,-0.006470715031992558,0.011489022063451641,0.036452561329346586,0.7966577803749012,0.03462614644724269,0.010968184360526908,-0.0008980854828197157
-0.0034199268755027625,-0.008932422783196985,-0.01344140793855273,-0.013551094086759356,-0.0058403843924191585,0.01116097833545241,0.03462614644724269,0.7932548959420255,0.030428621899906413,0.007817964244939392
0.00040385720284542853,-0.0032438800833837446,-0.007783123126172409,-0.011246527901225352,-0.010792980120678341,-0.0036979867818630724,0.010968184360526908,0.030428621899906413,0.7844449551968492,0.018625187916367008
0.0011691309519763777,-6.942024216746578e-05,-0.002212622247701844,-0.004700727635342905,-0.006345668303858723,-0.0055445597135943495,-0.0008980854828197157,0.007817964244939392,0.018625187916367008,0.7642697330014371
