0.6418369353917079,0.11709809894822108,0.054506030451160356,0.02907634680376343,0.01575544793779666,0.008552508028979213,0.0046454943378592545,0.0025274748465751416,0.0013854137950833664,0.0008261197863155181
0.11709809894822108,0.6418371994814389,0.11709858545620941,0.0545069267022909,0.029077997935611992,0.015758490587701915,0.008558129582846798,0.00465614020135982,0.0025522188570695136,0.0015218832947121383
0.054506030451160356,0.11709858545620941,0.6418380957299294,0.11710023653644283,0.054509968429174264,0.029083603126998772,0.01576884665441428,0.008577741469151572,0.004701723803676304,0.0028036241116144657
0.02907634680376343,0.0545069267022909,0.11710023653644283,0.6418411373706864,0.11710584004393762,0.05452029438322346,0.0291026812037865,0.015804975927318023,0.008661716321943794,0.005164868693248807
0.01575544793779666,0.029077997935611992,0.054509968429174264,0.11710584004393762,0.641851460514948,0.11712486318543845,0.05455544126070843,0.029169241056747095,0.01595968280693639,0.009515004413434008
0.008552508028979213,0.015758490587701915,0.029083603126998772,0.05452029438322346,0.11712486318543845,0.6418865157259354,0.11718963082979002,0.05467809847559379,0.029454382254161145,0.017533024630466215
0.0046454943378592545,0.008558129582846798,0.01576884665441428,0.0291026812037865,0.05455544126070843,0.11718963082979002,0.64200618241332,0.11741630301976157,0.055205852148087986,0.03237775409117327
0.0025274748465751416,0.00465614020135982,0.008577741469151572,0.015804975927318023,0.029169241056747095,0.05467809847559379,0.11741630301976157,0.6424363731270121,0.11843218216086088,0.06103317397712564
0.0013854137950833664,0.0025522188570695136,0.004701723803676304,0.008661716321943794,0.01595968280693639,0.029454382254161145,0.055205852148087986,0.11843218216086088,0.6450808013266354,0.13699242522255772
0.0008261197863155181,0.0015218832947121383,0.0028036241116144657,0.005164868693248807,0.009515004413434008,0.017533024630466215,0.03237775409117327,0.06103317397712564,0.13699242522255772,0.8178490604620874
