1.9708505945820678,-1.1470009563647738,0.45349075825954255,-0.08116445752923679,-0.03620472239235072,0.04177606215319687,-0.021672929877412324,0.006614798648202227,-0.0004282606098985065,-0.0005294837458150923
-1.1470009563647738,1.9708506234597896,-1.1470033826213526,0.45349887767728403,-0.08118023357362629,-0.03619072616405846,0.04180557836268248,-0.021841886814657166,0.007045666495965291,-0.0010687764129692582
0.45349075825954255,-1.1470033826213526,1.9708555015673412,-1.1470081229789275,0.4534911557093739,-0.08113075494336808,-0.036321413707707036,0.042008503440745415,-0.021893522296592957,0.006228853560782671
-0.08116445752923679,0.45349887767728403,-1.1470081229789275,1.9708319245995074,-1.1469046628401582,0.4532542327303737,-0.0808301828764999,-0.03618585290264689,0.040076699225962596,-0.015979410834064883
-0.03620472239235072,-0.08118023357362629,0.4534911557093739,-1.1469046628401582,1.9705174462469535,-1.1463400380405402,0.4528701386055695,-0.08228434289515267,-0.029356063229098707,0.023936401075714542
0.04177606215319687,-0.03619072616405846,-0.08113075494336808,0.4532542327303737,-1.1463400380405402,1.9697539868748448,-1.1465025734344776,0.4571580151666192,-0.09608822513654236,-0.003332315499934335
-0.021672929877412324,0.04180557836268248,-0.036321413707707036,-0.0808301828764999,0.4528701386055695,-1.1465025734344776,1.9721861829811738,-1.1539884215703364,0.4707478920708143,-0.10574034169072935
0.006614798648202227,-0.021841886814657166,0.042008503440745415,-0.03618585290264689,-0.08228434289515267,0.4571580151666192,-1.1539884215703364,1.9766989238680241,-1.1327356186960602,0.37631423255095464
-0.0004282606098985065,0.007045666495965291,-0.021893522296592957,0.040076699225962596,-0.029356063229098707,-0.09608822513654236,0.4707478920708143,-1.1327356186960602,1.83786408629633,-0.764003677464792
-0.0005294837458150923,-0.0010687764129692582,0.006228853560782671,-0.015979410834064883,0.023936401075714542,-0.003332315499934335,-0.10574034169072935,0.37631423255095464,-0.764003677464792,1.0443687381752076
