4.453895955645961,2.3871813108810076,0.6254448160880451,-0.5054483749294445,-0.9592535280762264,-0.9074650337203871,-0.5953684195226353,-0.24311922352378396,0.0025053715362987694,0.07826955437416422
2.3871813108810076,4.446003111047351,2.3804159409713495,0.6243356475105825,-0.49557203136881484,-0.9344134813495066,-0.8682740986427668,-0.5505546244455359,-0.21170597238389974,-0.007355252896309803
0.6254448160880451,2.3804159409713495,4.436345409165462,2.3705567120790816,0.6193282423928329,-0.48900779850167175,-0.9100536692690204,-0.8241030837068268,-0.49336073456946766,-0.16086647593529152
-0.5054483749294445,0.6243356475105825,2.3705567120790816,4.415622924148649,2.3408403238260567,0.5888183974438035,-0.5048156376944386,-0.8904610807623242,-0.7498105257506296,-0.3578629801367082
-0.9592535280762264,-0.49557203136881484,0.6193282423928329,2.3408403238260567,4.356223475867776,2.2583364983878087,0.5075420984412786,-0.5407843902251295,-0.8240871671435737,-0.5304537151356801
-0.9074650337203871,-0.9344134813495066,-0.48900779850167175,0.5888183974438035,2.2583364983878087,4.221838367617579,2.0997580869286283,0.3884850650090059,-0.5241249596601139,-0.5667594930811216
-0.5953684195226353,-0.8682740986427668,-0.9100536692690204,-0.5048156376944386,0.5075420984412786,2.0997580869286283,4.005149477239846,1.8910197190829674,0.3049282803121004,-0.33329700212815677
-0.24311922352378396,-0.5505546244455359,-0.8241030837068268,-0.8904610807623242,-0.5407843902251295,0.3884850650090059,1.8910197190829674,3.7421124965896384,1.6674907003997714,0.27242843895601787
0.0025053715362987694,-0.21170597238389974,-0.49336073456946766,-0.7498105257506296,-0.8240871671435737,-0.5241249596601139,0.3049282803121004,1.6674907003997714,3.3796676787958857,1.2416539581488624
0.07826955437416422,-0.007355252896309803,-0.16086647593529152,-0.3578629801367082,-0.5304537151356801,-0.5667594930811216,-0.33329700212815677,0.27242843895601787,1.2416539581488624,2.456305273212951
