1.120248897543712,-0.2154471054941105,-0.029183220225133095,0.041959304433264184,-0.016580014050452896,0.0026242489181366405,0.0008671247704365617,-0.0007583943907602629,0.0002553816060681565,-3.0453441887464494e-05
-0.2154471054941105,1.120248899677592,-0.21544710812937512,-0.02918322685714407,0.04195934976679082,-0.016580132984710023,0.0026243445213088535,0.000867687057258481,-0.0007612475932213126,0.000261744598442799
-0.029183220225133095,-0.21544710812937512,1.1202488675503341,-0.21544696701079002,-0.029183508124406204,0.04195931313841054,-0.016577816201175533,0.0026159242039249493,0.0008813722763963756,-0.000747424639723859
0.041959304433264184,-0.02918322685714407,-0.21544696701079002,1.1202483887538042,-0.21544626152623308,-0.029182449046667752,0.04194986833195263,-0.01655053768544109,0.0025866148769277866,0.0007801412641979297
-0.016580014050452896,0.04195934976679082,-0.029183508124406204,-0.21544626152623308,1.120247917436017,-0.21544995667172429,-0.029164914845524623,0.04191262158122417,-0.016546452049829387,0.0028598415147707335
0.0026242489181366405,-0.016580132984710023,0.04195931313841054,-0.029182449046667752,-0.21544995667172429,1.1202535946070824,-0.21544265683180397,-0.029236325138415273,0.042124351520772346,-0.016788651776637936
0.0008671247704365617,0.0026243445213088535,-0.016577816201175533,0.04194986833195263,-0.029164914845524623,-0.21544265683180397,1.1200903197210907,-0.21488579371832822,-0.03006344391386733,0.04091741506780696
-0.0007583943907602629,0.000867687057258481,0.0026159242039249493,-0.01655053768544109,0.04191262158122417,-0.029236325138415273,-0.21488579371832822,1.118551462558329,-0.21341874533855254,-0.023652522885148866
0.0002553816060681565,-0.0007612475932213126,0.0008813722763963756,0.0025866148769277866,-0.016546452049829387,0.042124351520772346,-0.03006344391386733,-0.21341874533855254,1.1194480552166757,-0.2281534594664709
-3.0453441887464494e-05,0.000261744598442799,-0.000747424639723859,0.0007801412641979297,0.0028598415147707335,-0.016788651776637936,0.04091741506780696,-0.023652522885148866,-0.2281534594664709,1.1251362103817453
