9.832092101022624,3.4508400505187327,6.9381558949365765,2.916564805130227,4.9586089232104005,2.152223060008799,3.1922079567291544,1.2431518691196617,1.557752210940907,0.2488109155647069
3.4508400505187327,9.217349925888655,2.986612555360421,6.25086484415964,2.4620743318741845,4.177843358360608,1.7279391311986347,2.2876223743792017,0.8807364625676588,0.4849618004911558
6.9381558949365765,2.986612555360421,8.77589132812049,2.4850160569011983,5.789542555909243,1.9170975948551785,3.699751296815869,1.131398813271737,1.798235361437185,0.22125023896746288
2.916564805130227,6.25086484415964,2.4850160569011983,8.004152145195803,1.9995209134840675,4.908083938269378,1.4729581754881296,2.6718235309882425,0.767546168824313,0.5699740416539222
4.9586089232104005,2.4620743318741845,5.789542555909243,1.9995209134840675,7.514662314914504,1.4802730560316966,4.389494106575472,0.9166662778114659,2.1235869439864614,0.17015898447478298
2.152223060008799,4.177843358360608,1.9170975948551785,4.908083938269378,1.4802730560316966,6.501126709007653,1.0188218835275147,3.198107691637966,0.5622754703427737,0.6871104956916434
3.1922079567291544,1.7279391311986347,3.699751296815869,1.4729581754881296,4.389494106575472,1.0188218835275147,5.93471689249291,0.5446740503432252,2.5737476663566277,0.08319967109242471
1.2431518691196617,2.2876223743792017,1.131398813271737,2.6718235309882425,0.9166662778114659,3.198107691637966,0.5446740503432252,4.52118809574927,0.21681752089668288,0.8516837301373992
1.557752210940907,0.8807364625676588,1.798235361437185,0.767546168824313,2.1235869439864614,0.5622754703427737,2.5737476663566277,0.21681752089668288,3.7956212306572317,-0.058140621970879366
0.2488109155647069,0.4849618004911558,0.22125023896746288,0.5699740416539222,0.17015898447478298,0.6871104956916434,0.08319967109242471,0.8516837301373992,-0.058140621970879366,1.6738283269131085
