1.7206957839310153,0.8514228178081935,0.5863845742443798,0.3609492291391633,0.23908157550958065,0.14963071847226883,0.09582960327514833,0.057889879707564165,0.0328484903807887,0.012884941224514453
0.8514228178081935,1.7203375678631696,0.8508716641785807,0.585519412047053,0.35963072343972535,0.23698272673267334,0.14649798152204768,0.09068932199950445,0.05055964871995556,0.020007362739556646
0.5863845742443798,0.8508716641785807,1.7194885798059305,0.849541241477473,0.5834867429447106,0.3564069342977464,0.23214439266498388,0.1386221488609547,0.07932175003303814,0.030985195640837022
0.3609492291391633,0.585519412047053,0.849541241477473,1.7173985113986765,0.8463597437716242,0.5784135483342832,0.34885423056278264,0.21970526080335834,0.12098394442608879,0.04817307640166085
0.23908157550958065,0.35963072343972535,0.5834867429447106,0.8463597437716242,1.7125290172747336,0.8386569548374205,0.5668078970676871,0.3300692958747985,0.19235937315133317,0.07446764117834823
0.14963071847226883,0.23698272673267334,0.3564069342977464,0.5784135483342832,0.8386569548374205,1.7002004672159288,0.8204046472979103,0.5365041268603714,0.2876225455735211,0.11609087632876514
0.09582960327514833,0.14649798152204768,0.23214439266498388,0.34885423056278264,0.5668078970676871,0.8204046472979103,1.672462143330299,0.7760676927611165,0.47073265811868165,0.17873813750329193
0.057889879707564165,0.09068932199950445,0.1386221488609547,0.21970526080335834,0.3300692958747985,0.5365041268603714,0.7760676927611165,1.5975863367471494,0.6738913018511093,0.2802939074470946
0.0328484903807887,0.05055964871995556,0.07932175003303814,0.12098394442608879,0.19235937315133317,0.2876225455735211,0.47073265811868165,0.6738913018511093,1.439457350981093,0.42779287512670594
0.012884941224514453,0.020007362739556646,0.030985195640837022,0.04817307640166085,0.07446764117834823,0.11609087632876514,0.17873813750329193,0.2802939074470946,0.42779287512670594,0.9449459574090495
