1.741506914809951,0.9869739957996526,0.716697784079665,0.4586710747668752,0.3195676129271204,0.21015303555988107,0.14347830871893638,0.09559515901695925,0.06394906939173861,0.04354715120274316
0.9869739957996526,1.7414838512511648,0.986926820597197,0.7166560544018044,0.4585469202300322,0.31951959770034327,0.2097824998539323,0.14358436513493517,0.09431264488259272,0.06520326887249032
0.716697784079665,0.986926820597197,1.741395791870534,0.9868354891146509,0.7164338215347581,0.4584067646211457,0.31889475583469334,0.2097684877538298,0.14155826847722972,0.09570240910981827
0.4586710747668752,0.7166560544018044,0.9868354891146509,1.7413245226009084,0.9865883808154009,0.7163766613104012,0.4576420676224331,0.3192502637923617,0.20702488571755873,0.14466042865123768
0.3195676129271204,0.4585469202300322,0.7164338215347581,0.9865883808154009,1.740775453161005,0.9861721851436056,0.7148823999487102,0.4573445441501838,0.31459205472432494,0.20935560292536853
0.21015303555988107,0.31951959770034327,0.4584067646211457,0.7163766613104012,0.9861721851436056,1.740884059513612,0.9847390831791238,0.7162515947739022,0.4517048061744071,0.32304909154418937
0.14347830871893638,0.2097824998539323,0.31889475583469334,0.4576420676224331,0.7148823999487102,0.9847390831791238,1.737030370057841,0.9827995850946212,0.7050685622554514,0.453307831255306
0.09559515901695925,0.14358436513493517,0.2097684877538298,0.3192502637923617,0.4573445441501838,0.7162515947739022,0.9827995850946212,1.7428659099200028,0.9723455173839353,0.7314898093040041
0.06394906939173861,0.09431264488259272,0.14155826847722972,0.20702488571755873,0.31459205472432494,0.4517048061744071,0.7050685622554514,0.9723455173839353,1.713832777684323,0.9588503392127556
0.04354715120274316,0.06520326887249032,0.09570240910981827,0.14466042865123768,0.20935560292536853,0.32304909154418937,0.453307831255306,0.7314898093040041,0.9588503392127556,1.8094863045510174
