3.884767026888815,2.091189506282298,0.1913432040083247,-1.157431278487073,-1.5194880626367735,-1.0642410188705087,-0.3037728317877842,0.2622829338915149,0.40382718611945506,0.21768678697187188
2.091189506282298,3.8422501713175836,2.0473697449636177,0.1736372180037238,-1.1261163212015803,-1.4373916126976232,-0.9612636542691263,-0.23643212679703374,0.235141136787436,0.25758990500657425
0.1913432040083247,2.0473697449636177,3.772539935515166,1.9848087803380898,0.16136845663116944,-1.0579234418483814,-1.2965761804846645,-0.805542054027808,-0.1586717085980038,0.1506442909579008
-1.157431278487073,0.1736372180037238,1.9848087803380898,3.6851754519939486,1.9174419664799158,0.16591764682132332,-0.9524316987713808,-1.1127160161710505,-0.6259785791797225,-0.10003082941478307
-1.5194880626367735,-1.1261163212015803,0.16136845663116944,1.9174419664799158,3.5812841299768494,1.827181379785077,0.15300520333901335,-0.8454016690137203,-0.9008638689618267,-0.39810646684423423
-1.0642410188705087,-1.4373916126976232,-1.0579234418483814,0.16591764682132332,1.827181379785077,3.4117802808683684,1.6515390774996614,0.08071170593342028,-0.722270062697887,-0.574197769178525
-0.3037728317877842,-0.9612636542691263,-1.2965761804846645,-0.9524316987713808,0.15300520333901335,1.6515390774996614,3.113364019775387,1.3664832185842832,-0.0029371677845967197,-0.461640200839378
0.2622829338915149,-0.23643212679703374,-0.805542054027808,-1.1127160161710505,-0.8454016690137203,0.08071170593342028,1.3664832185842832,2.703186981544384,1.0376779363392972,-0.00417472251242876
0.40382718611945506,0.235141136787436,-0.1586717085980038,-0.6259785791797225,-0.9008638689618267,-0.722270062697887,-0.0029371677845967197,1.0376779363392972,2.2304328024769458,0.6590864874229774
0.21768678697187188,0.25758990500657425,0.1506442909579008,-0.10003082941478307,-0.39810646684423423,-0.574197769178525,-0.461640200839378,-0.00417472251242876,0.6590864874229774,1.548802236389017
