0.31824801561193083,-0.016901183796218102,0.0063255640600764895,0.0007081156426193658,0.0008393266360646616,0.00036697355314615934,0.00020984561390305194,0.0001089527004840398,6.484523675764811e-05,5.277175696412245e-06
-0.016901183796218102,0.3182480382899366,-0.01690114085370119,0.006325642563432366,0.0007082752098307693,0.0008395560116466763,0.0003678084593092595,0.00020908452537148937,0.00012093531632073423,1.0095790175445667e-05
0.0063255640600764895,-0.01690114085370119,0.3182481196010233,-0.016900992186865093,0.0063259446173078914,0.0007087100930254502,0.0008411337935032138,0.00036638548457300054,0.0002316694986452225,1.786763934140295e-05
0.0007081156426193658,0.006325642563432366,-0.016900992186865093,0.3182483912948287,-0.016900439437615922,0.006326736526801159,0.0007116125775201716,0.0008384284976950131,0.000408272822851108,3.9799015205983706e-05
0.0008393266360646616,0.0007082752098307693,0.0063259446173078914,-0.016900439437615922,0.3182495114885858,-0.016898811441972278,0.006332528890218663,0.0007067286075586259,0.0009200223812813307,3.869266202691307e-05
0.00036697355314615934,0.0008395560116466763,0.0007087100930254502,0.006326736526801159,-0.016898811441972278,0.3182517541053343,-0.016889914329343836,0.006322237353613213,0.0008428878740721483,0.0002801323895132933
0.00020984561390305194,0.0003678084593092595,0.0008411337935032138,0.0007116125775201716,0.006332528890218663,-0.016889914329343836,0.31827984607595083,-0.016902770283474658,0.006675906908017378,-0.0006691653644970936
0.0001089527004840398,0.00020908452537148937,0.00036638548457300054,0.0008384284976950131,0.0007067286075586259,0.006322237353613213,-0.016902770283474658,0.31821847372341927,-0.016803517890670014,0.005626961192654905
6.484523675764811e-05,0.00012093531632073423,0.0002316694986452225,0.000408272822851108,0.0009200223812813307,0.0008428878740721483,0.006675906908017378,-0.016803517890670014,0.32165738742946326,-0.029081097935137773
5.277175696412245e-06,1.0095790175445667e-05,1.786763934140295e-05,3.9799015205983706e-05,3.869266202691307e-05,0.0002801323895132933,-0.0006691653644970936,0.005626961192654905,-0.029081097935137773,0.35798001582466205
