4.434963298127171,-1.0417996977011597,-2.0030255724999666,1.6514313774864133,0.5032911505061717,-1.2738103134574972,0.28785810405496715,0.5769025670368603,-0.3802386343283341,-0.05700299805296835
-1.0417996977011597,4.4103879346448505,-1.027215840041481,-1.9774941856937618,1.6117049413171889,0.49443294748494887,-1.2092231882426634,0.2544101005090475,0.5062946676307908,-0.28046258481263264
-2.0030255724999666,-1.027215840041481,4.340874859420859,-0.9986176868801264,-1.8961808785763319,1.5113405706386178,0.44741692266481004,-1.0283404541237227,0.19328112196422642,0.2851541629561123
1.6514313774864133,-1.9774941856937618,-0.9986176868801264,4.2829001754655955,-0.99885213325338,-1.8110502403408817,1.4504863113898787,0.36640396155278643,-0.8809205569712142,0.2060301937792443
0.5032911505061717,1.6117049413171889,-1.8961808785763319,-0.99885213325338,4.1639037762845685,-0.9129656387029377,-1.6984018051884346,1.2436398004328868,0.3500129874656013,-0.5660032971384285
-1.2738103134574972,0.49443294748494887,1.5113405706386178,-1.8110502403408817,-0.9129656387029377,3.977403325136529,-0.9047630624370762,-1.4309813266373679,1.0393784018138579,0.10494468411783056
0.28785810405496715,-1.2092231882426634,0.44741692266481004,1.4504863113898787,-1.6984018051884346,-0.9047630624370762,3.806420065959137,-0.7938692726162835,-1.2601229548586494,0.7540382492920618
0.5769025670368603,0.2544101005090475,-1.0283404541237227,0.36640396155278643,1.2436398004328868,-1.4309813266373679,-0.7938692726162835,3.334796228858005,-0.6173483957182611,-0.6958520942119508
-0.3802386343283341,0.5062946676307908,0.19328112196422642,-0.8809205569712142,0.3500129874656013,1.0393784018138579,-1.2601229548586494,-0.6173483957182611,2.957507168355483,-0.6048186620883245
-0.05700299805296835,-0.28046258481263264,0.2851541629561123,0.2060301937792443,-0.5660032971384285,0.10494468411783056,0.7540382492920618,-0.6958520942119508,-0.6048186620883245,2.121559004644655
