1.8429338217303497,0.02442150670230473,0.14974088483493792,-0.09614096662246152,0.08503230925344422,-0.06878516651087567,0.05531149207653488,-0.042833181446392116,0.03151243311161515,-0.019965848276779358
0.02442150670230473,1.840685244434606,0.027032591685828958,0.14670881343450104,-0.09262024220944926,0.080942981048484,-0.06404227221699567,0.049771236420376064,-0.036587179637506774,0.02318552266381534
0.14974088483493792,0.027032591685828958,1.8376532095484648,0.030553482897833936,0.1426204901021368,-0.08787164790889147,0.07543544863444246,-0.057608867373834555,0.042518097170728436,-0.02691886017135478
-0.09614096662246152,0.14670881343450104,0.030553482897833936,1.8335646432890298,0.035300967496279576,0.1371062723405162,-0.08147616481421675,0.06796460392805001,-0.04918732727710332,0.031285071550243876
0.08503230925344422,-0.09262024220944926,0.1426204901021368,0.035300967496279576,1.8280520417043367,0.04170383336202286,0.1296799047871811,-0.07280233395897183,0.05817995758876927,-0.03617765082900666
-0.06878516651087567,0.080942981048484,-0.08787164790889147,0.1371062723405162,0.04170383336202286,1.820614921838168,0.050328547154179525,0.11959935503813543,-0.06147113040234139,0.0428762230635065
0.05531149207653488,-0.06404227221699567,0.07543544863444246,-0.08147616481421675,0.1296799047871811,0.050328547154179525,1.8106059064795121,0.061986523119707496,0.10626424534363874,-0.04482682489411027
-0.042833181446392116,0.049771236420376064,-0.057608867373834555,0.06796460392805001,-0.07280233395897183,0.11959935503813543,0.061986523119707496,1.7967948834547613,0.07645683449020313,0.08048152114844195
0.03151243311161515,-0.036587179637506774,0.042518097170728436,-0.04918732727710332,0.05817995758876927,-0.06147113040234139,0.10626424534363874,0.07645683449020313,1.7741783775872766,0.06941356444516361
-0.019965848276779358,0.02318552266381534,-0.02691886017135478,0.031285071550243876,-0.03617765082900666,0.0428762230635065,-0.04482682489411027,0.08048152114844195,0.06941356444516361,1.5704737206450607
