2.3199051824703987,0.8617912130110008,-0.5502516752667539,-0.6605864014174081,-0.0786790364133434,0.2558195243554131,0.15934722086974384,-0.03099394460461513,-0.07476148137737645,-0.02213052311609267
0.8617912130110008,2.3183718266973607,0.8606844595038744,-0.5480723346160633,-0.6557557248896163,-0.07821313793948112,0.24564944527278534,0.1471927372404293,-0.021804949925662828,-0.03783893112060902
-0.5502516752667539,0.8606844595038744,2.316354472363384,0.8609246099057695,-0.5433496643764227,-0.651120790787021,-0.08358416471365629,0.22952743434625839,0.1414320954393652,0.007536484250570371
-0.6605864014174081,-0.5480723346160633,0.8609246099057695,2.311799055209227,0.8554107715254505,-0.5393097855206603,-0.6345117581898551,-0.07434788494572997,0.20291109153595974,0.09189834836307045
-0.0786790364133434,-0.6557557248896163,-0.5433496643764227,0.8554107715254505,2.2953268630182637,0.8495828154016692,-0.5092677990696562,-0.5887660438545941,-0.09072631588316651,0.08386065960343737
0.2558195243554131,-0.07821313793948112,-0.651120790787021,-0.5393097855206603,0.8495828154016692,2.280020596023499,0.8457246526462352,-0.4796488045090385,-0.5478378515019819,-0.1114392064046365
0.15934722086974384,0.24564944527278534,-0.08358416471365629,-0.6345117581898551,-0.5092677990696562,0.8457246526462352,2.2093833031572054,0.7769881902169143,-0.39867021275224057,-0.3072968423636796
-0.03099394460461513,0.1471927372404293,0.22952743434625839,-0.07434788494572997,-0.5887660438545941,-0.4796488045090385,0.7769881902169143,2.068714479525725,0.7750816889226806,-0.08976384715465523
-0.07476148137737645,-0.021804949925662828,0.1414320954393652,0.20291109153595974,-0.09072631588316651,-0.5478378515019819,-0.39867021275224057,0.7750816889226806,1.8876009370540092,0.5811867869060475
-0.02213052311609267,-0.03783893112060902,0.007536484250570371,0.09189834836307045,0.08386065960343737,-0.1114392064046365,-0.3072968423636796,-0.08976384715465523,0.5811867869060475,0.9925776190327946
