7.4688853352993,6.157644146250006,5.078807756978548,4.155247827600534,3.357697210838802,2.662424898165936,2.0480914951849947,1.495989829537879,0.9895801761413368,0.5128260344927356
6.157644146250006,7.37484585640344,6.045714771321107,4.945576408890468,3.9966790802799816,3.1689325427580237,2.437799622327013,1.7806102429479351,1.1778670743350994,0.6103924535663625
5.078807756978548,6.045714771321107,7.241623237642956,5.887137745492181,4.7568418125374246,3.772004212560948,2.901574869722097,2.119433432505195,1.401967957441503,0.7265443154211565
4.155247827600534,4.945576408890468,5.887137745492181,7.052866420533529,5.662483950956131,4.489407591047028,3.4537642603071936,2.5226180097776845,1.6687303434690872,0.8647491720210667
3.357697210838802,3.9966790802799816,4.7568418125374246,5.662483950956131,6.785488762622495,5.344190356304359,4.110645587411949,3.002739829883038,1.9861999827059291,1.0293497265889358
2.662424898165936,3.1689325427580237,3.772004212560948,4.489407591047028,5.344190356304359,6.406582774756856,4.893302474158989,3.57373154795758,2.36417719681908,1.2250543053958514
2.0480914951849947,2.437799622327013,2.901574869722097,3.4537642603071936,4.110645587411949,4.893302474158989,5.870035251334238,4.254392253494026,2.813848484542571,1.4584522168705822
1.495989829537879,1.7806102429479351,2.119433432505195,2.5226180097776845,3.002739829883038,3.57373154795758,4.254392253494026,5.109219210738265,3.349552067857458,1.7352796331864901
0.9895801761413368,1.1778670743350994,1.401967957441503,1.6687303434690872,1.9861999827059291,2.36417719681908,2.813848484542571,3.349552067857458,4.0330252798353,2.0668698978206463
0.5128260344927356,0.6103924535663625,0.7265443154211565,0.8647491720210667,1.0293497265889358,1.2250543053958514,1.4584522168705822,1.7352796331864901,2.0668698978206463,2.5039360735552756
