1.897794664635816,-0.9679136893242628,0.7985058917150233,-0.66667595933255,0.550805108758853,-0.4422947795657315,0.33788407854757463,-0.23691337191751066,0.14099692800619684,-0.05580183601651305
-0.9679136893242628,1.8328232447498563,-0.8993276924722071,0.726127949284991,-0.5903565182920643,0.4704818075116932,-0.358143760623195,0.2507041952358725,-0.14910028424583371,0.05901122661899247
0.7985058917150233,-0.8993276924722071,1.7604215679161017,-0.8229230803218632,0.6455624802022445,-0.5055642385541546,0.3816483481221128,-0.26611163033771135,0.1580003382683149,-0.06253966444652088
-0.66667595933255,0.726127949284991,-0.8229230803218632,1.679792629415977,-0.7379030400392452,0.5560814270659591,-0.4118172790466789,0.2845225763897783,-0.16826864677128855,0.06661909341767129
0.550805108758853,-0.5903565182920643,0.6455624802022445,-0.7379030400392452,1.5901418493723116,-0.6435470140793982,0.4572238908333747,-0.30938858046100687,0.1813164566824303,-0.07182257783366881
-0.4422947795657315,0.4704818075116932,-0.5055642385541546,0.5560814270659591,-0.6435470140793982,1.4908304374893935,-0.5394895788577161,0.34938676858842577,-0.20067960979061986,0.07958631038668762
0.33788407854757463,-0.358143760623195,0.3816483481221128,-0.4118172790466789,0.4572238908333747,-0.5394895788577161,1.3817795824949006,-0.42642511788055876,0.23527261482505496,-0.09353161939190391
-0.23691337191751066,0.2507041952358725,-0.26611163033771135,0.2845225763897783,-0.30938858046100687,0.34938676858842577,-0.42642511788055876,1.2644197221459645,-0.3076298817620926,0.12281307392511011
0.14099692800619684,-0.14910028424583371,0.1580003382683149,-0.16826864677128855,0.1813164566824303,-0.20067960979061986,0.23527261482505496,-0.3076298817620926,1.1432806665476352,-0.19059793854415485
-0.05580183601651305,0.05901122661899247,-0.06253966444652088,0.06661909341767129,-0.07182257783366881,0.07958631038668762,-0.09353161939190391,0.12281307392511011,-0.19059793854415485,1.0240445152498887
