2.1152538479196776,-0.876071182845313,0.9503408019826068,-0.7276521576560642,0.614967580914541,-0.4898697003542567,0.38396584522782845,-0.2855815441058658,0.19206308365196645,-0.11161494512363954
-0.876071182845313,2.094899715699572,-0.8523387944008165,0.9226776728036782,-0.6953789801758572,0.5774133559382237,-0.4458358936259943,0.33348691269677894,-0.2237722461192635,0.13017114204840508
0.9503408019826068,-0.8523387944008165,2.0672283645341425,-0.8200843145537636,0.8850479521227078,-0.6515918477350782,0.5260706752921335,-0.3869801671696499,0.2614140708323898,-0.15162438457984329
-0.7276521576560642,0.9226776728036782,-0.8200843145537636,2.0296316192392228,-0.7762221927328121,0.8340080571848943,-0.5917468007711288,0.4574620117672601,-0.3029866085558635,0.1772596612112894
0.614967580914541,-0.6953789801758572,0.8850479521227078,-0.7762221927328121,1.9784594720671014,-0.7166779007945048,0.7641850307295988,-0.5117210455176096,0.35941404757973205,-0.2050035593838993
-0.4898697003542567,0.5774133559382237,-0.6515918477350782,0.8340080571848943,-0.7166779007945048,1.9091668610390167,-0.6354459269372196,0.6710074328984481,-0.3978245856918413,0.2447248497448034
0.38396584522782845,-0.4458358936259943,0.5260706752921335,-0.5917468007711288,0.7641850307295988,-0.6354459269372196,1.8138619605812174,-0.5263871695470612,0.5367849737533406,-0.26566524379698697
-0.2855815441058658,0.33348691269677894,-0.3869801671696499,0.4574620117672601,-0.5117210455176096,0.6710074328984481,-0.5263871695470612,1.6881713356045494,-0.3748255694027998,0.3773522525142621
0.19206308365196645,-0.2237722461192635,0.2614140708323898,-0.3029866085558635,0.35941404757973205,-0.3978245856918413,0.5367849737533406,-0.3748255694027998,1.4945205424438328,-0.20734891585112475
-0.11161494512363954,0.13017114204840508,-0.15162438457984329,0.1772596612112894,-0.2050035593838993,0.2447248497448034,-0.26566524379698697,0.3773522525142621,-0.20734891585112475,1.2359530415393238
