1.339762391445555,0.03460938743104973,0.05541187643858133,0.042229417188606344,0.03356044830974179,0.025552279907762127,0.018308783254502907,0.011584211438907832,0.005254823062042882,-0.0015852776695804286
0.03460938743104973,1.3381063373520128,0.03264745277710041,0.053087563172159374,0.039475798215554796,0.03029816573094759,0.021688063373347027,0.01372409273198226,0.006225391497010957,-0.0018780836767127347
0.05541187643858133,0.03264745277710041,1.335782024637001,0.02989382850733189,0.04982533852136161,0.03561095752755201,0.025720211206751834,0.016256560113730077,0.0073754748574832016,-0.0022249943939741832
0.042229417188606344,0.053087563172159374,0.02989382850733189,1.3325197929372412,0.02602905553002218,0.045246643473403216,0.030187433148471773,0.01928548355576689,0.008735322945956778,-0.0026357422862932052
0.03356044830974179,0.039475798215554796,0.04982533852136161,0.02602905553002218,1.3279411879998364,0.020604665569870506,0.03882138232353777,0.02256419779327519,0.010375052553675055,-0.003124933786685297
0.025552279907762127,0.03029816573094759,0.03561095752755201,0.045246643473403216,0.020604665569870506,1.3215147749198124,0.012992495388534916,0.029789936104964734,0.01200783703823912,-0.0036766780586749348
0.018308783254502907,0.021688063373347027,0.025720211206751834,0.030187433148471773,0.03882138232353777,0.012992495388534916,1.3124980544246891,0.0022946827503493006,0.0172852060617927,-0.004630340434984366
0.011584211438907832,0.01372409273198226,0.016256560113730077,0.01928548355576689,0.02256419779327519,0.029789936104964734,0.0022946827503493006,1.2998050777855843,-0.012535241594825153,-0.002522915418088254
0.005254823062042882,0.006225391497010957,0.0073754748574832016,0.008735322945956778,0.010375052553675055,0.01200783703823912,0.0172852060617927,-0.012535241594825153,1.2824034106303888,-0.034957514293221456
-0.0015852776695804286,-0.0018780836767127347,-0.0022249943939741832,-0.0026357422862932052,-0.003124933786685297,-0.0036766780586749348,-0.004630340434984366,-0.002522915418088254,-0.034957514293221456,1.2445690220773564
