0.27776163513014873,0.1187495194912641,0.09957104539116306,0.07956033661663597,0.06454512387170298,0.05036273677973799,0.038572143738362624,0.027716538860239538,0.01788058043533556,0.008763079318102562
0.1187495194912641,0.27601985087610337,0.11665390693148088,0.09706669269690646,0.07653776270247133,0.06094964510164167,0.04599387552592687,0.03342656589693881,0.021373024941110368,0.010567560049190381
0.09957104539116306,0.11665390693148088,0.27349813973452497,0.11364103655958165,0.09342915669120341,0.07221288998394311,0.05569072063333144,0.039806555856493626,0.02578702732895182,0.012586027505623099
0.07956033661663597,0.09706669269690646,0.11364103655958165,0.2698972365891868,0.10929568571289691,0.08825898882721599,0.06593273794069188,0.04829038613000482,0.030689929737470093,0.01526581824473158
0.06454512387170298,0.07653776270247133,0.09342915669120341,0.10929568571289691,0.26464975959531944,0.10305875023132235,0.08067134446648408,0.05701202308748476,0.03726436639440644,0.018027515353608595
0.05036273677973799,0.06094964510164167,0.07221288998394311,0.08825898882721599,0.10305875023132235,0.25722526661024486,0.09404683215930157,0.07004061906361603,0.043936162160189654,0.022139067153697747
0.038572143738362624,0.04599387552592687,0.05569072063333144,0.06593273794069188,0.08067134446648408,0.09404683215930157,0.2462502303682791,0.08116344436728733,0.05408109992837922,0.025668890228028762
0.027716538860239538,0.03342656589693881,0.039806555856493626,0.04829038613000482,0.05701202308748476,0.07004061906361603,0.08116344436728733,0.23101733675760538,0.062489981641789066,0.03237260706556317
0.01788058043533556,0.021373024941110368,0.02578702732895182,0.030689929737470093,0.03726436639440644,0.043936162160189654,0.05408109992837922,0.062489981641789066,0.20777539041905727,0.03607441949930923
0.008763079318102562,0.010567560049190381,0.012586027505623099,0.01526581824473158,0.018027515353608595,0.022139067153697747,0.025668890228028762,0.03237260706556317,0.03607441949930923,0.1767288541666359
