3.475103764570993,-0.3364446966473482,1.9147059803733235,-0.1472039522918967,1.3141783434750973,-0.05467136843266456,0.8109841536545848,-0.02283640894130999,0.36659509819279895,-0.02411307768974502
-0.3364446966473482,3.3765470739375787,-0.37469838709945624,1.7943261045827157,-0.18065343507217585,1.165473239061118,-0.07845533925113168,0.6250831026772139,-0.029663965512647085,0.13131295866682816
1.9147059803733235,-0.37469838709945624,3.292276397963654,-0.41268996037996303,1.692060079470671,-0.21604846156520766,1.040021993571864,-0.10763568625346906,0.4693990823144756,-0.047147201861501245
-0.1472039522918967,1.7943261045827157,-0.41268996037996303,3.1441426323280743,-0.44231539270983095,1.5076195556150527,-0.23047985562510986,0.807551558475392,-0.09672527232286245,0.17273092743288804
1.3141783434750973,-0.18065343507217585,1.692060079470671,-0.44231539270983095,3.0179656432894832,-0.46407561846208856,1.3500802994844703,-0.23830431120121784,0.6084214095485131,-0.0816161848211565
-0.05467136843266456,1.165473239061118,-0.21604846156520766,1.5076195556150527,-0.46407561846208856,2.786417084528588,-0.462590619602424,1.0557687593504115,-0.1993972404254754,0.22967790756167505
0.8109841536545848,-0.07845533925113168,1.040021993571864,-0.23047985562510986,1.3500802994844703,-0.462590619602424,2.5861159214344145,-0.4355088909179897,0.7979294971895394,-0.13256366394843583
-0.02283640894130999,0.6250831026772139,-0.10763568625346906,0.807551558475392,-0.23830431120121784,1.0557687593504115,-0.4355088909179897,2.2088599011488474,-0.3536541640028405,0.30842341794506856
0.36659509819279895,-0.029663965512647085,0.4693990823144756,-0.09672527232286245,0.6084214095485131,-0.1993972404254754,0.7979294971895394,-0.3536541640028405,1.871043056327526,-0.2071849516331693
-0.02411307768974502,0.13131295866682816,-0.047147201861501245,0.17273092743288804,-0.0816161848211565,0.22967790756167505,-0.13256366394843583,0.30842341794506856,-0.2071849516331693,1.2308235454294354
