11.479084145506018,0.609573507251,6.389379922945906,0.45515980800698325,3.4272569570958917,0.2901589712995426,1.5849839152652565,0.13883157551175834,0.2592193401542992,0.003128503649004565
0.609573507251,11.453018520635222,0.589639219042682,6.344209504387091,0.42174914442536415,3.3489358838229255,0.2342604467281193,1.4491058162826813,0.045492712825937434,0.023348447081254508
6.389379922945906,0.589639219042682,11.26990359042285,0.5614579939279727,6.022639941385665,0.3842860709615588,2.7837691460749525,0.18967799569460259,0.4550048534758327,0.004627109100922193
0.45515980800698325,6.344209504387091,0.5614579939279727,11.191384270577032,0.5147809526468625,5.886062959526045,0.3072214224076141,2.5460499108566013,0.06290641741911834,0.040963199552825694
3.4272569570958917,0.42174914442536415,6.022639941385665,0.5147809526468625,10.626566831812823,0.45395078193896776,4.893193387886318,0.2376815955873525,0.7993074440839606,0.006599794726910652
0.2901589712995426,3.3489358838229255,0.3842860709615588,5.886062959526045,0.45395078193896776,10.388232152007948,0.3558067450585304,4.476982094018952,0.08053594029667482,0.0719245896222753
1.5849839152652565,0.2342604467281193,2.7837691460749525,0.3072214224076141,4.893193387886318,0.3558067450585304,8.642574062965243,0.24906005183645663,1.405280344776496,0.008901814814853044
0.13883157551175834,1.4491058162826813,0.18967799569460259,2.5460499108566013,0.2376815955873525,4.476982094018952,0.24906005183645663,7.913280597724089,0.08862587306706014,0.12638949744901637
0.2592193401542992,0.045492712825937434,0.4550048534758327,0.06290641741911834,0.7993074440839606,0.08053594029667482,1.405280344776496,0.08862587306706014,2.5072019690801874,0.010893091269022388
0.003128503649004565,0.023348447081254508,0.004627109100922193,0.040963199552825694,0.006599794726910652,0.0719245896222753,0.008901814814853044,0.12638949744901637,0.010893091269022388,0.25681716658237014
