1.5374892972897394,-0.4613864273390297,0.19491358103516576,-0.09855033698517943,0.04256013844525036,-0.021098770135202824,0.009264809004591602,-0.004504451911051999,0.0019954668566324325,-0.0008547410855323306
-0.4613864273390297,1.5374888055809883,-0.46138573960526075,0.1949111929226704,-0.09854742797191288,0.042548409613972396,-0.02108695742163542,0.009206456702388658,-0.004459725793516676,0.0017009119621370417
0.19491358103516576,-0.46138573960526075,1.5374881088891235,-0.46138231927079876,0.1949085486580001,-0.09853016940657104,0.04253966631625064,-0.020998482545712027,0.0091870419538704,-0.003998484623495354
-0.09855033698517943,0.1949111929226704,-0.46138231927079876,1.5374765346316757,-0.4613677602672932,0.19485184265204647,-0.0984704463479892,0.04225833679398891,-0.02076821650358537,0.00777134993089537
0.04256013844525036,-0.09854742797191288,0.1949085486580001,-0.4613677602672932,1.5374669752488472,-0.46129378465244764,0.19482373614859055,-0.0980883827478894,0.042225445119912434,-0.0187610238997413
-0.021098770135202824,0.042548409613972396,-0.09853016940657104,0.19485184265204647,-0.46129378465244764,1.537189954314276,-0.4609869685822692,0.19345393295268914,-0.09688261769670711,0.03535796389746108
0.009264809004591602,-0.02108695742163542,0.04253966631625064,-0.0984704463479892,0.19482373614859055,-0.4609869685822692,1.53713431510108,-0.45938392807716033,0.19364478483761977,-0.08836153991889313
-0.004504451911051999,0.009206456702388658,-0.020998482545712027,0.04225833679398891,-0.0980883827478894,0.19345393295268914,-0.45938392807716033,1.5303869313614156,-0.4529602983678409,0.15996330489353536
0.0019954668566324325,-0.004459725793516676,0.0091870419538704,-0.02076821650358537,0.042225445119912434,-0.09688261769670711,0.19364478483761977,-0.4529602983678409,1.5333364306679584,-0.41815458099449454
-0.0008547410855323306,0.0017009119621370417,-0.003998484623495354,0.00777134993089537,-0.0187610238997413,0.03535796389746108,-0.08836153991889313,0.15996330489353536,-0.41815458099449454,1.366034183945446
