2.3575292455254098,-0.9855571034287163,0.823752472710152,-0.6003497857385951,0.4521229773894638,-0.3334086531105614,0.2422792931128971,-0.1701529116968566,0.11057766328486145,-0.06390860541867885
-0.9855571034287163,2.3542953677287857,-0.9812788283510798,0.8180933253413487,-0.5928603536102265,0.44222819193725205,-0.3202593454556747,0.2251535986943225,-0.14627229036987766,0.08454864484200678
0.823752472710152,-0.9812788283510798,2.348635401993525,-0.9737920304402299,0.8081851436204074,-0.5797699942232304,0.4248322606540649,-0.29760276588312484,0.19356085945963278,-0.11183593195125864
-0.6003497857385951,0.8180933253413487,-0.9737920304402299,2.338732137330229,-0.9606858436701915,0.7908697022265337,-0.5567592309855455,0.3948632075188666,-0.2558118979873737,0.14801485110709214
0.4521229773894638,-0.5928603536102265,0.8081851436204074,-0.9606858436701915,2.321387152379592,-0.9377701773833764,0.7604170351528174,-0.517096433568155,0.3395614741157801,-0.19551193593640676
-0.3334086531105614,0.44222819193725205,-0.5797699942232304,0.7908697022265337,-0.9377701773833764,2.2911119942572,-0.8975360012332843,0.7080210386506446,-0.4440102128422051,0.2600016002028911
0.2422792931128971,-0.3202593454556747,0.4248322606540649,-0.5567592309855455,0.7604170351528174,-0.8975360012332843,2.237649456307346,-0.8278828417484905,0.6110023897421345,-0.3377981669141476
-0.1701529116968566,0.2251535986943225,-0.29760276588312484,0.3948632075188666,-0.517096433568155,0.7080210386506446,-0.8278828417484905,2.147038994992392,-0.701043655167511,0.4748594024727407
0.11057766328486145,-0.14627229036987766,0.19356085945963278,-0.2558118979873737,0.3395614741157801,-0.4440102128422051,0.6110023897421345,-0.701043655167511,1.972393173797996,-0.501108150911008
-0.06390860541867885,0.08454864484200678,-0.11183593195125864,0.14801485110709214,-0.19551193593640676,0.2600016002028911,-0.3377981669141476,0.4748594024727407,-0.501108150911008,1.7979611608838661
