5.090487261561089,3.6955385190346783,2.3137001191181286,1.0111798761602593,0.05173806107119482,-0.4726495756044655,-0.6013325132425383,-0.4565691114366339,-0.19859684339210115,0.01121950259185967
3.6955385190346783,5.052214122715753,3.666459869361967,2.3096438669892594,1.0496825809677701,0.14718315575393337,-0.3159602528657601,-0.3971516173917963,-0.2436835279502708,-0.04379883479790651
2.3137001191181286,3.666459869361967,5.02904454895773,3.6608959393520655,2.3349460168693676,1.1171743716284195,0.2611489440909698,-0.16427781054061605,-0.23499371975015515,-0.11944408713160728
1.0111798761602593,2.3096438669892594,3.6608959393520655,5.0228920070910315,3.655867503471523,2.333477934014971,1.1220649098288602,0.27484031912565204,-0.14076005360897323,-0.20330428152076496
0.05173806107119482,1.0496825809677701,2.3349460168693676,3.655867503471523,4.96965910532742,3.54141189056746,2.1572004011896473,0.9040080108866193,0.062199190751727126,-0.27215879530610765
-0.4726495756044655,0.14718315575393337,1.1171743716284195,2.333477934014971,3.54141189056746,4.708192485345463,3.1269476655205706,1.6319284515407815,0.3750511428843146,-0.2928977415689209
-0.6013325132425383,-0.3159602528657601,0.2611489440909698,1.1220649098288602,2.1572004011896473,3.1269476655205706,4.042725308059308,2.2747643055822206,0.7623366394418575,-0.22739882100853798
-0.4565691114366339,-0.3971516173917963,-0.16427781054061605,0.27484031912565204,0.9040080108866193,1.6319284515407815,2.2747643055822206,2.942414955496002,1.1403822230594534,-0.04225809854394538
-0.19859684339210115,-0.2436835279502708,-0.23499371975015515,-0.14076005360897323,0.062199190751727126,0.3750511428843146,0.7623366394418575,1.1403822230594534,1.7581279425938747,0.276801056584911
0.01121950259185967,-0.04379883479790651,-0.11944408713160728,-0.20330428152076496,-0.27215879530610765,-0.2928977415689209,-0.22739882100853798,-0.04225809854394538,0.276801056584911,1.0912194543099987
