5.957233489936023,-3.93414782449433,2.8481486536995058,-2.057690218339233,1.4781164406557157,-1.050201532208776,0.7300323347705697,-0.48471057795398226,0.289858745280757,-0.11348929404065558
-3.93414782449433,5.947914551448686,-3.9213279497199203,2.830512610455888,-2.0334286902639467,1.4447400556561978,-1.0042907513165222,0.6668065169585706,-0.39875280302076543,0.15612492226345315
2.8481486536995058,-3.9213279497199203,5.930278509591038,-3.897066402526918,2.7971365180840384,-1.9875134739871367,1.3815815250325816,-0.917312275389296,0.5485561484652967,-0.21477789288046747
-2.057690218339233,2.830512610455888,-3.897066402526918,5.896902388296391,-3.851151585203735,2.733971880827855,-1.900627556852867,1.2619269894689715,-0.7546376269910532,0.2954655848058545
1.4781164406557157,-2.0334286902639467,2.7971365180840384,-3.851151585203735,5.83373835460887,-3.7642573425983104,2.6144447801083497,-1.7360213667709494,1.038138960345385,-0.4064661796557245
-1.050201532208776,1.4447400556561978,-1.9875134739871367,2.733971880827855,-3.7642573425983104,5.714198658456867,-3.599824890678469,2.3879974065240233,-1.4281578486621391,0.5591648405422505
0.7300323347705697,-1.0042907513165222,1.3815815250325816,-1.900627556852867,2.6144447801083497,-3.599824890678469,5.488014129731628,-3.288335758066947,1.9645191992442577,-0.7692688618660836
-0.48471057795398226,0.6668065169585706,-0.917312275389296,1.2619269894689715,-1.7360213667709494,2.3879974065240233,-3.288335758066947,5.059050805528329,-2.705107065849612,1.057704490788812
0.289858745280757,-0.39875280302076543,0.5485561484652967,-0.7546376269910532,1.038138960345385,-1.4281578486621391,1.9645191992442577,-2.705107065849612,4.266700986244882,-1.4636044734454798
-0.11348929404065558,0.15612492226345315,-0.21477789288046747,0.2954655848058545,-0.4064661796557245,0.5591648405422505,-0.7692688618660836,1.057704490788812,-1.4636044734454798,2.468016768772428
