3.839771960981098,1.4478472377169227,0.5427988041861804,0.14581460502634536,-0.013851249073758658,-0.06976856128427325,-0.08497645149502897,-0.08608269308990718,-0.07879893262320126,-0.05156924833130416
1.4478472377169227,3.8358373178407326,1.4413578815153847,0.5323822500576487,0.129652815569442,-0.03780702484918776,-0.10295364460839182,-0.12590191102238846,-0.12483352678482901,-0.0849036153689631
0.5427988041861804,1.4413578815153847,3.8251317399057445,1.4241681540833389,0.5057007293455766,0.09008173928566184,-0.09267218009028493,-0.17072929121289085,-0.19037180984582375,-0.13599465620569115
0.14581460502634536,0.5323822500576487,1.4241681540833389,3.79752001449179,1.3812887249360206,0.442062937734892,0.001753181313434561,-0.20200610120552298,-0.2753049312609381,-0.21041979224081744
-0.013851249073758658,0.129652815569442,0.5057007293455766,1.3812887249360206,3.730888418329111,1.2823124441105143,0.3044948455354758,-0.16897069415516672,-0.3664460802074271,-0.31068591765291254
-0.06976856128427325,-0.03780702484918776,0.09008173928566184,0.442062937734892,1.2823124441105143,3.58368495697127,1.0773195512073594,0.049184986234620476,-0.41724556068732865,-0.42775844142944786
-0.08497645149502897,-0.10295364460839182,-0.09267218009028493,0.001753181313434561,0.3044948455354758,1.0773195512073594,3.2973642760864608,0.7187520359922833,-0.304586293683013,-0.5214367860258444
-0.08608269308990718,-0.12590191102238846,-0.17072929121289085,-0.20200610120552298,-0.16897069415516672,0.049184986234620476,0.7187520359922833,2.8437866431895054,0.25959094970796787,-0.47782140231884107
-0.07879893262320126,-0.12483352678482901,-0.19037180984582375,-0.2753049312609381,-0.3664460802074271,-0.41724556068732865,-0.304586293683013,0.25959094970796787,2.3493311480487553,-0.021201764514716795
-0.05156924833130416,-0.0849036153689631,-0.13599465620569115,-0.21041979224081744,-0.31068591765291254,-0.42775844142944786,-0.5214367860258444,-0.47782140231884107,-0.021201764514716795,1.9082139159711646
