2.200088905930884,-0.8322940123163676,0.5702441944209377,-0.39190849019092217,0.2691249639478251,-0.18387502969761532,0.12407921453242081,-0.08139827799179676,0.049913958814640995,-0.02524430419109331
-0.8322940123163676,2.1993954919502965,-0.8312912804604877,0.5687941233443032,-0.38981138078605626,0.26609167515593635,-0.17948626769850642,0.11772485010114173,-0.07218375361571522,0.03650611743693805
0.5702441944209377,-0.8312912804604877,2.1979454618072656,-0.8291943621746505,0.565761536114547,-0.3854250036629085,0.25974517605287284,-0.17029735173235483,0.10439991771996972,-0.05279495955698594
-0.39190849019092217,0.5687941233443032,-0.8291943621746505,2.1949130653502764,-0.8248088757697047,0.5594183066710529,-0.3762472025106054,0.2464569003617752,-0.15102790673578487,0.07636142637921592
0.2691249639478251,-0.38981138078605626,0.565761536114547,-0.8248088757697047,2.188570725011216,-0.8156352258467181,0.5461452693646988,-0.35702955856738144,0.2185892490534251,-0.11047845114422142
-0.18387502969761532,0.26609167515593635,-0.3854250036629085,0.5594183066710529,-0.8156352258467181,2.175301831413143,-0.7964369288807989,0.5183486371837736,-0.316721523944657,0.15993836610112147
0.12407921453242081,-0.17948626769850642,0.25974517605287284,-0.3762472025106054,0.5461452693646988,-0.7964369288807989,2.1475245111574237,-0.7562190616524285,0.46002874183580367,-0.23186293255921814
-0.08139827799179676,0.11772485010114173,-0.17029735173235483,0.2464569003617752,-0.35702955856738144,0.5183486371837736,-0.7562190616524285,2.0892946198420406,-0.6717806991676878,0.33716879556060386
0.049913958814640995,-0.07218375361571522,0.10439991771996972,-0.15102790673578487,0.2185892490534251,-0.316721523944657,0.46002874183580367,-0.6717806991676878,1.9668541411132123,-0.4936345140998427
-0.02524430419109331,0.03650611743693805,-0.05279495955698594,0.07636142637921592,-0.11047845114422142,0.15993836610112147,-0.23186293255921814,0.33716879556060386,-0.4936345140998427,1.7076833613958877
