1.3397696829384789,1.056904425274063,0.8860626303099215,0.7333280555472876,0.5929972748258078,0.46199205887448463,0.33878861524135123,0.22350689342771668,0.11924733157767674,0.03575215542974527
1.056904425274063,1.2911017714204023,1.002490739523627,0.8252884414914883,0.6656009583807581,0.5178809745964801,0.3795360665373542,0.2503241979853996,0.13355085451135984,0.040035949313951553
0.8860626303099215,1.002490739523627,1.2302638070676088,0.9345409634156223,0.7495639632010722,0.5816126777480923,0.42568117009098727,0.2806058707495912,0.1496963369271926,0.04486510104285121
0.7333280555472876,0.8252884414914883,0.9345409634156223,1.1543700000486647,0.8499614538358662,0.6557494012680525,0.4786141439773715,0.31513558149244475,0.16809307156694167,0.050352801413173005
0.5929972748258078,0.6656009583807581,0.7495639632010722,0.8499614538358662,1.0601058579029117,0.7453931637803259,0.5409165130831252,0.3552996085993843,0.1894597508257842,0.0566919280316927
0.46199205887448463,0.5178809745964801,0.5816126777480923,0.6557494012680525,0.7453931637803259,0.9440793012280664,0.6179108101555207,0.4038575870796207,0.21521906199525687,0.06425540333423971
0.33878861524135123,0.3795360665373542,0.42568117009098727,0.4786141439773715,0.5409165130831252,0.6179108101555207,0.8038510976997371,0.46676439994791924,0.24843028529321726,0.07383322075405481
0.22350689342771668,0.2503241979853996,0.2806058707495912,0.31513558149244475,0.3552996085993843,0.4038575870796207,0.46676439994791924,0.6400091312772151,0.2959978779670554,0.08719358844053403
0.11924733157767674,0.13355085451135984,0.1496963369271926,0.16809307156694167,0.1894597508257842,0.21521906199525687,0.24843028529321726,0.2959978779670554,0.45643088169406987,0.1084128992930418
0.03575215542974527,0.040035949313951553,0.04486510104285121,0.050352801413173005,0.0566919280316927,0.06425540333423971,0.07383322075405481,0.08719358844053403,0.1084128992930418,0.22955360402298508
