5.382206945688757,-0.9826288242266805,-3.237722114537819,1.9833333906391455,1.6236295121072915,-1.9813004506637522,-0.37278437045640667,1.3010995571269874,-0.1864552228270902,-0.4101407283633276
-0.9826288242266805,5.181060836252827,-1.0249183240718158,-2.9828197867593476,1.909864027710043,1.361805661546021,-1.7695244040967812,-0.16950798724135613,0.9562607502010347,-0.25737426820734083
-3.237722114537819,-1.0249183240718158,4.973853713552926,-0.8758045585666699,-2.8130431659950945,1.654224093874376,1.2869825506836035,-1.4354128447201433,-0.24319624515986926,0.6021857546760464
1.9833333906391455,-2.9828197867593476,-0.8758045585666699,4.604818792081311,-0.871916455087388,-2.3846276710599095,1.4433367898741176,0.8890351434579761,-0.9978435802318267,0.010040559017974661
1.6236295121072915,1.909864027710043,-2.8130431659950945,-0.871916455087388,4.404989446435852,-0.7801986037627395,-2.195807659827116,1.2454469054770032,0.7641914471366558,-0.7069742760913522
-1.9813004506637522,1.361805661546021,1.654224093874376,-2.3846276710599095,-0.7801986037627395,3.861286954386003,-0.6252561661626465,-1.6364908020934232,0.7953819489473959,0.32881945359106557
-0.37278437045640667,-1.7695244040967812,1.2869825506836035,1.4433367898741176,-2.195807659827116,-0.6252561661626465,3.566495376753102,-0.6639248022552303,-1.2741435477731233,0.6659379872732785
1.3010995571269874,-0.16950798724135613,-1.4354128447201433,0.8890351434579761,1.2454469054770032,-1.6364908020934232,-0.6639248022552303,2.932967124047655,-0.31368784492765306,-0.7041584566604303
-0.1864552228270902,0.9562607502010347,-0.24319624515986926,-0.9978435802318267,0.7641914471366558,0.7953819489473959,-1.2741435477731233,-0.31368784492765306,2.341778780468641,-0.43730177244819607
-0.4101407283633276,-0.25737426820734083,0.6021857546760464,0.010040559017974661,-0.7069742760913522,0.32881945359106557,0.6659379872732785,-0.7041584566604303,-0.43730177244819607,1.7367269448074691
