1.5693374415650743,0.21125623078171651,-0.1509414836372366,-0.2095545678246834,-0.11983541478890669,-0.021204714189550788,0.02752349582566019,0.030320975177427212,0.014009341713437302,0.0009012093472544996
0.21125623078171651,1.5693637452078049,0.2113268532317631,-0.15085388550763706,-0.20954453482068108,-0.12004063720211358,-0.021683701907638436,0.026998989117111797,0.030406577947799104,0.01555966459230382
-0.1509414836372366,0.2113268532317631,1.5692814607851133,0.21096193840544125,-0.15144571491579112,-0.20990360311054695,-0.1192970077982333,-0.0191104537070257,0.030748270737624653,0.03200259669465361
-0.2095545678246834,-0.15085388550763706,0.21096193840544125,1.5682486909070912,0.2096296702769247,-0.1517055474196075,-0.20701909675944535,-0.11225620197037763,-0.011057600340705973,0.0302468870980672
-0.11983541478890669,-0.20954453482068108,-0.15144571491579112,0.2096296702769247,1.5668443706654496,0.20998817741066628,-0.1472692878450751,-0.19815835398202392,-0.10421423485969522,-0.016306767791645218
-0.021204714189550788,-0.12004063720211358,-0.20990360311054695,-0.1517055474196075,0.20998817741066628,1.5683100428896661,0.21229253598754155,-0.14598757853159317,-0.20131059545834945,-0.11449830220837917
0.02752349582566019,-0.021683701907638436,-0.1192970077982333,-0.20701909675944535,-0.1472692878450751,0.21229253598754155,1.5618814125339582,0.1921228015960368,-0.17381830508293045,-0.21038403093642138
0.030320975177427212,0.026998989117111797,-0.0191104537070257,-0.11225620197037763,-0.19815835398202392,-0.14598757853159317,0.1921228015960368,1.5140380316474564,0.13887943094332258,-0.16715136649788392
0.014009341713437302,0.030406577947799104,0.030748270737624653,-0.011057600340705973,-0.10421423485969522,-0.20131059545834945,-0.17381830508293045,0.13887943094332258,1.468760911900135,0.17714468521882382
0.0009012093472544996,0.01555966459230382,0.03200259669465361,0.0302468870980672,-0.016306767791645218,-0.11449830220837917,-0.21038403093642138,-0.16715136649788392,0.17714468521882382,1.535911722158663
