2.9583496070613307,2.467632749054889,1.6869359656046947,0.7871395616787225,-0.03353639793912151,-0.6355208305846263,-0.9508667026701922,-0.9812755487883871,-0.7846137754444809,-0.4543518169679511
2.467632749054889,2.8531660214799133,2.343367866206258,1.5664319937758249,0.6995223183446977,-0.057643942820998266,-0.570631703497865,-0.7841499079273563,-0.7194966476340735,-0.45870487278406363
1.6869359656046947,2.343367866206258,2.7186393330798295,2.226564437669575,1.4999934309356167,0.7146352021276015,0.06106324252558654,-0.34340781324676106,-0.46711235656035044,-0.35803748087653914
0.7871395616787225,1.5664319937758249,2.226564437669575,2.633785113161211,2.2033478882510353,1.5631084272408202,0.8764892888402758,0.3150510632202408,-0.0273288142978333,-0.1427966242346671
-0.03353639793912151,0.6995223183446977,1.4999934309356167,2.2033478882510353,2.672715321596868,2.31486495971685,1.744088519053197,1.1067198803759086,0.5565652775196919,0.17299121290038952
-0.6355208305846263,-0.057643942820998266,0.7146352021276015,1.5631084272408202,2.31486495971685,2.8219341810076757,2.4789893009814197,1.8897236437096672,1.1942974996660762,0.5475862828010236
-0.9508667026701922,-0.570631703497865,0.06106324252558654,0.8764892888402758,1.744088519053197,2.4789893009814197,2.9258581321319306,2.479751357142364,1.7548292154950489,0.9125341544863141
-0.9812755487883871,-0.7841499079273563,-0.34340781324676106,0.3150510632202408,1.1067198803759086,1.8897236437096672,2.479751357142364,2.7361855399141866,2.0839754644267856,1.1801728679060794
-0.7846137754444809,-0.7194966476340735,-0.46711235656035044,-0.0273288142978333,0.5565652775196919,1.1942974996660762,1.7548292154950489,2.0839754644267856,2.0895905006641953,1.2579465428769734
-0.4543518169679511,-0.45870487278406363,-0.35803748087653914,-0.1427966242346671,0.17299121290038952,0.5475862828010236,0.9125341544863141,1.1801728679060794,1.2579465428769734,1.1250157135119678
