0.47174464243582265,-0.14577793945092282,0.0066163137705483425,0.03899631490594139,-0.034511724481139594,0.01693787070091747,-0.0036174793773780375,-0.002529323112906526,0.0044622495094385215,-0.005154063141780286
-0.14577793945092282,0.471935887608761,-0.14623914084363748,0.007244839650053697,0.03879769803674226,-0.03603264277349292,0.021730915314375918,-0.011680042843760332,0.003702678590186743,0.013939974271240255
0.0066163137705483425,-0.14623914084363748,0.473008853033114,-0.1476479838903982,0.007561514835394494,0.042556821182832376,-0.04730767419187755,0.040102175252117345,-0.024720099800006806,-0.02105216735956527
0.03899631490594139,0.007244839650053697,-0.1476479838903982,0.47478342772250576,-0.1478587778331698,0.002314359763377823,0.05753649814381436,-0.07088562204532019,0.055167860047233494,0.011598433389172411
-0.034511724481139594,0.03879769803674226,0.007561514835394494,-0.1478587778331698,0.4743186350404981,-0.1459016597827798,-0.001490284751669731,0.06147673922653425,-0.06913463823573683,0.03747465057848824
0.01693787070091747,-0.03603264277349292,0.042556821182832376,0.002314359763377823,-0.1459016597827798,0.4862016219196742,-0.1846794495263574,0.06512326465247335,0.0072886249756093195,-0.14009138955501596
-0.0036174793773780375,0.021730915314375918,-0.04730767419187755,0.05753649814381436,-0.001490284751669731,-0.1846794495263574,0.6042754661929747,-0.37899594946592463,0.2069358388985016,0.25854583312786383
-0.002529323112906526,-0.011680042843760332,0.040102175252117345,-0.07088562204532019,0.06147673922653425,0.06512326465247335,-0.37899594946592463,0.9148937626970938,-0.5874032926959605,-0.2444871732419714
0.0044622495094385215,0.003702678590186743,-0.024720099800006806,0.055167860047233494,-0.06913463823573683,0.0072886249756093195,0.2069358388985016,-0.5874032926959605,1.0172058571961746,-0.18236240608128662
-0.005154063141780286,0.013939974271240255,-0.02105216735956527,0.011598433389172411,0.03747465057848824,-0.14009138955501596,0.25854583312786383,-0.2444871732419714,-0.18236240608128662,1.3950712013129491
