20.312002884937222,0.47641993821082684,-9.445748195752149,-0.947274074315424,4.324130098839354,0.7420115994578196,-1.8883484668368675,-0.3928675472420585,0.6889848664397122,-0.010357905220584968
0.47641993821082684,20.28673909535187,0.4960431879910143,-9.388767382996823,-0.9795111577968915,4.197614730603456,0.789493112864462,-1.6114551951543872,-0.44772972647250875,0.09113815743937921
-9.445748195752149,0.4960431879910143,20.268177767314878,0.4512317302849586,-9.356762445570418,-0.878908217360728,4.146313537214792,0.5670575562672169,-1.5394070669157203,0.037192795659039754
-0.947274074315424,-9.388767382996823,0.4512317302849586,20.139569330422443,0.5250997562352944,-9.071026841703443,-0.988400037463929,3.5205733857598536,0.6956951584508448,-0.18758180157248278
4.324130098839354,-0.9795111577968915,-9.356762445570418,0.5250997562352944,20.08381797430234,0.358765691754884,-8.980178653073269,-0.6196279297417551,3.3888011651667815,-0.11030113913175915
0.7420115994578196,4.197614730603456,-0.878908217360728,-9.071026841703443,0.358765691754884,19.448616141657702,0.6066830741869826,-7.588381775789888,-0.9150639914029719,0.3804654992441719
-1.8883484668368675,0.789493112864462,4.146313537214792,-0.988400037463929,-8.980178653073269,0.6066830741869826,19.296727036281272,0.054292615580880305,-7.3573920631717895,0.2978463871716617
-0.3928675472420585,-1.6114551951543872,0.5670575562672169,3.5205733857598536,-0.6196279297417551,-7.588381775789888,0.054292615580880305,16.245620001796034,0.7208812682086371,-0.7593459109065184
0.6889848664397122,-0.44772972647250875,-1.5394070669157203,0.6956951584508448,3.3888011651667815,-0.9150639914029719,-7.3573920631717895,0.7208812682086371,15.865459978485612,-0.7596609299137297
-0.010357905220584968,0.09113815743937921,0.037192795659039754,-0.18758180157248278,-0.11030113913175915,0.3804654992441719,0.2978463871716617,-0.7593459109065184,-0.7596609299137297,1.5906282518353543
