4.616717066726945,0.08260450077403045,0.8147511126324822,0.45930034676508524,0.38684330238183884,0.27762534805418326,0.19719918273090772,0.12484415409390875,0.059962903124629444,-0.0008469539539936036
0.08260450077403045,4.607355435447028,0.07075059968981216,0.7997416381096342,0.4402944187797144,0.36278055678682475,0.24714387036454455,0.15865933113676675,0.07579611716610835,-0.0010495237104934333
0.8147511126324822,0.07075059968981216,4.592345766970416,0.0517452803722906,0.7756759007125088,0.4098257245176439,0.3241839029143798,0.19834538374073965,0.09654697829134791,-0.001429808176759981
0.45930034676508524,0.7997416381096342,0.0517452803722906,4.568281111247228,0.021273191589110403,0.7370959320246586,0.36095594512754026,0.262388334556594,0.11972772434159307,-0.0013661203077820346
0.38684330238183884,0.4402944187797144,0.7756759007125088,0.021273191589110403,4.529695110098454,-0.02757765666543685,0.6752073109265473,0.28273588320367476,0.16270853901147508,-0.0036868205761885855
0.27762534805418326,0.36278055678682475,0.4098257245176439,0.7370959320246586,-0.02757765666543685,4.46784013184179,-0.10590329692623879,0.5760464675352326,0.15710394989493817,0.003951211866788775
0.19719918273090772,0.24714387036454455,0.3241839029143798,0.36095594512754026,0.6752073109265473,-0.10590329692623879,4.368491663400765,-0.23094642322986642,0.41439496084251815,-0.032961017082702465
0.12484415409390875,0.15865933113676675,0.19834538374073965,0.262388334556594,0.28273588320367476,0.5760464675352326,-0.23094642322986642,4.207886535603654,-0.4242951480249291,0.12547441026483297
0.059962903124629444,0.07579611716610835,0.09654697829134791,0.11972772434159307,0.16270853901147508,0.15710394989493817,0.41439496084251815,-0.4242951480249291,3.9131303634239676,-0.5775877184112346
-0.0008469539539936036,-0.0010495237104934333,-0.001429808176759981,-0.0013661203077820346,-0.0036868205761885855,0.003951211866788775,-0.032961017082702465,0.12547441026483297,-0.5775877184112346,2.782894141321667
