2.1703533792321803,-0.2296073352439741,0.3873283456151713,-0.2847652547610469,0.23365046856014604,-0.18184931055709158,0.13615810451747135,-0.09387314655163954,0.05491500984689711,-0.01286045159718039
-0.2296073352439741,2.1609387451747484,-0.21850533985424783,0.3742364538607861,-0.26932750559396224,0.2154421613170246,-0.16040025493791893,0.11072397062378042,-0.0647531771772549,0.015166067885861414
0.3873283456151713,-0.21850533985424783,2.147846966897938,-0.20306702106302021,0.3560318354809728,-0.24785576902998263,0.1901488445781844,-0.13040762781936308,0.0763848831593466,-0.017880247971186508
-0.2847652547610469,0.3742364538607861,-0.20306702106302021,2.12964151900094,-0.1815994484320052,0.3307115532777627,-0.21802893884071872,0.15478038853741344,-0.08991379681833273,0.021109836087061948
0.23365046856014604,-0.26932750559396224,0.3560318354809728,-0.1815994484320052,2.104327300539923,-0.1517421800354628,0.29554021385746465,-0.17632313796821075,0.10702999048302232,-0.024738814414193684
-0.18184931055709158,0.2154421613170246,-0.24785576902998263,0.3307115532777627,-0.1517421800354628,2.069111635371991,-0.11025888141508298,0.24634890006234816,-0.12000761379193155,0.030130586065191978
0.13615810451747135,-0.16040025493791893,0.1901488445781844,-0.21802893884071872,0.29554021385746465,-0.11025888141508298,2.020244341273092,-0.05231687340061193,0.17998254033090016,-0.02959318102537592
-0.09387314655163954,0.11072397062378042,-0.13040762781936308,0.15478038853741344,-0.17632313796821075,0.24634890006234816,-0.05231687340061193,1.9515094086660332,0.026208018246261053,0.07170446270105074
0.05491500984689711,-0.0647531771772549,0.0763848831593466,-0.08991379681833273,0.10702999048302232,-0.12000761379193155,0.17998254033090016,0.026208018246261053,1.8605455175889647,0.14361023225753436
-0.01286045159718039,0.015166067885861414,-0.017880247971186508,0.021109836087061948,-0.024738814414193684,0.030130586065191978,-0.02959318102537592,0.07170446270105074,0.14361023225753436,1.658361160264747
