3.461158412028802,-1.720020396834855,1.331062184485867,-0.7094204953291146,0.5183449976047334,-0.28503255946911144,0.19296621828798793,-0.10142495280572542,0.04632332902782364,-0.005781580982839816
-1.720020396834855,3.4600823437869797,-1.7181596075463172,1.3284238332378362,-0.7047115767127117,0.5119132409293231,-0.2730542227117211,0.17741312571020443,-0.07075069447581224,0.009145437833136382
1.331062184485867,-1.7181596075463172,3.4565568469743786,-1.7136750782286803,1.3193721536843548,-0.6940442197901358,0.48845899831957856,-0.24816615575645773,0.11594347360639541,-0.014391122275871717
-0.7094204953291146,1.3284238332378362,-1.7136750782286803,3.450068334610374,-1.7023594091110876,1.3034874696997287,-0.6653684311431245,0.4498175824487453,-0.17508894839512923,0.022783264842382245
0.5183449976047334,-0.7047115767127117,1.3193721536843548,-1.7023594091110876,3.4267780722138332,-1.675556743222244,1.2429758612905224,-0.6032348212599121,0.29070135875013126,-0.03581659299740857
-0.28503255946911144,0.5119132409293231,-0.6940442197901358,1.3034874696997287,-1.675556743222244,3.387662879863701,-1.608011251695999,1.1470476443639723,-0.43234390053202165,0.05676684722045054
0.19296621828798793,-0.2730542227117211,0.48845899831957856,-0.6653684311431245,1.2429758612905224,-1.608011251695999,3.229915505174067,-1.4527564993881876,0.7305484758098604,-0.08912409206162225
-0.10142495280572542,0.17741312571020443,-0.24816615575645773,0.4498175824487453,-0.6032348212599121,1.1470476443639723,-1.4527564993881876,2.992026074624006,-1.0643602109081338,0.14146993767069843
0.04632332902782364,-0.07075069447581224,0.11594347360639541,-0.17508894839512923,0.29070135875013126,-0.43234390053202165,0.7305484758098604,-1.0643602109081338,1.8869030016800306,-0.22171740051371513
-0.005781580982839816,0.009145437833136382,-0.014391122275871717,0.022783264842382245,-0.03581659299740857,0.05676684722045054,-0.08912409206162225,0.14146993767069843,-0.22171740051371513,0.39805291394052644
