1.8016477325212494,-0.4559043145382795,0.19421432788531368,-0.09004623620901489,0.04046180846311921,-0.0183838885402493,0.008307296956099995,-0.0037349267551351666,0.0016276132952049462,-0.0005735532616778072
-0.4559043145382795,1.801647151264476,-0.45590303193056664,0.19421149634446194,-0.09003999319043363,0.040447995289832714,-0.01835361946782355,0.00823919523660183,-0.003592508545075781,0.0012656603718562984
0.19421432788531368,-0.45590303193056664,1.8016443210479292,-0.4558967838207329,0.19419772043000072,-0.09000951288551713,0.04038120322692719,-0.01820334538013356,0.007924934042240043,-0.0027938165999233087
-0.09004623620901489,0.19421149634446194,-0.4558967838207329,1.80163052744782,-0.4558663715077946,0.1941304307879092,-0.08986205973729275,0.04004945200555453,-0.01750956606072215,0.006161722325310813
0.04046180846311921,-0.09003999319043363,0.19419772043000072,-0.4558663715077946,1.8015634739916548,-0.4557180103493778,0.19380532457061828,-0.08913060771213044,0.038519813766252346,-0.013621919668428743
-0.0183838885402493,0.040447995289832714,-0.09000951288551713,0.1941304307879092,-0.4557180103493778,1.8012352135900875,-0.45499868449750464,0.19218694451798146,-0.08574606774090707,0.029918657229756288
0.008307296956099995,-0.01835361946782355,0.04038120322692719,-0.08986205973729275,0.19380532457061828,-0.45499868449750464,1.7996589566165067,-0.4514522035262078,0.18477090530226598,-0.06689475264057113
-0.0037349267551351666,0.00823919523660183,-0.01820334538013356,0.04004945200555453,-0.08913060771213044,0.19218694451798146,-0.4514522035262078,1.7916803777284787,-0.434763556472872,0.14237868233273443
0.0016276132952049462,-0.003592508545075781,0.007924934042240043,-0.01750956606072215,0.038519813766252346,-0.08574606774090707,0.18477090530226598,-0.434763556472872,1.7568006844699373,-0.3459862467416174
-0.0005735532616778072,0.0012656603718562984,-0.0027938165999233087,0.006161722325310813,-0.013621919668428743,0.029918657229756288,-0.06689475264057113,0.14237868233273443,-0.3459862467416174,1.531968570853495
