1.371360817781099,-0.8562828441204988,0.5861918889151456,-0.38481308952501275,0.26555568868490176,-0.17042404742121858,0.11777906921606249,-0.07074466198378376,0.04595756295523041,-0.019326850043839758
-0.8562828441204988,1.3710668471783465,-0.8556542111425386,0.5854781255322002,-0.3834998651878999,0.2638946887559383,-0.16762326562603364,0.1140000143082604,-0.06469133866017045,0.037467366812532085
0.5861918889151456,-0.8556542111425386,1.3696063225826145,-0.8540885967868033,0.5824583958780327,-0.37980946822693695,0.25749796550316734,-0.1591681927779724,0.10023425317221296,-0.04562063837856409
-0.38481308952501275,0.5854781255322002,-0.8540885967868033,1.3678600199887438,-0.8508285921305817,0.5783786692368666,-0.37287142653415606,0.24819602713708824,-0.14419311608275226,0.07931069735943466
0.26555568868490176,-0.3834998651878999,0.5824583958780327,-0.8508285921305817,1.3616087605334337,-0.8431566167545611,0.5651256336079505,-0.35530940706342845,0.21966046281300095,-0.10460075117092696
-0.17042404742121858,0.2638946887559383,-0.37980946822693695,0.5783786692368666,-0.8431566167545611,1.3520587675913958,-0.8268461499846136,0.5433277440401434,-0.3201284696298432,0.17059880928882815
0.11777906921606249,-0.16762326562603364,0.25749796550316734,-0.37287142653415606,0.5651256336079505,-0.8268461499846136,1.3239462024858646,-0.789530981354668,0.48277655783642826,-0.23603109093480296
-0.07074466198378376,0.1140000143082604,-0.1591681927779724,0.24819602713708824,-0.35530940706342845,0.5433277440401434,-0.789530981354668,1.2741632224624433,-0.7090730361382807,0.37069015757576973
0.04595756295523041,-0.06469133866017045,0.10023425317221296,-0.14419311608275226,0.21966046281300095,-0.3201284696298432,0.48277655783642826,-0.7090730361382807,1.143714158332738,-0.52778166205335
-0.019326850043839758,0.037467366812532085,-0.04562063837856409,0.07931069735943466,-0.10460075117092696,0.17059880928882815,-0.23603109093480296,0.37069015757576973,-0.52778166205335,0.8913041707261062
