11.180769396836876,-9.27889356983803,8.226503815017978,-7.206110965535719,6.179614160354571,-5.158047092699107,4.141713581779904,-3.1161425065587083,2.1249017491384783,-1.0405214609416145
-9.27889356983803,10.346664795387944,-8.426692846770372,7.355570865092012,-6.316728275199614,5.269412149818287,-4.232182682737137,3.1838522207995403,-2.171182344325155,1.0631413799041434
8.226503815017978,-8.426692846770372,9.475975356123126,-7.53686476414299,6.446892815330606,-5.386779095491303,4.323461138773054,-3.2535394892738694,2.2183931117281617,-1.0863804908347672
-7.206110965535719,7.355570865092012,-7.53686476414299,8.566587988741249,-6.608212959254891,5.4965026876346235,-4.420034350921454,3.3233085956022794,-2.266852303328984,1.1097642154009297
6.179614160354571,-6.316728275199614,6.446892815330606,-6.608212959254891,7.618264018988181,-5.637689115995888,4.509280763784114,-3.398688397197523,2.315737550317599,-1.134687067548522
-5.158047092699107,5.269412149818287,-5.386779095491303,5.4965026876346235,-5.637689115995888,6.625023622563661,-4.62735122769752,3.4640443609158766,-2.3674800335876993,1.1572160263139233
4.141713581779904,-4.232182682737137,4.323461138773054,-4.420034350921454,4.509280763784114,-4.62735122769752,5.597318315151284,-3.56407767754963,2.4152375479217323,-1.188606822840634
-3.1161425065587083,3.1838522207995403,-3.2535394892738694,3.3233085956022794,-3.398688397197523,3.4640443609158766,-3.56407767754963,4.497445504247698,-2.478606545003639,1.1968157801970483
2.1249017491384783,-2.171182344325155,2.2183931117281617,-2.266852303328984,2.315737550317599,-2.3674800335876993,2.4152375479217323,-2.478606545003639,3.4277729204546628,-1.2732388767608365
-1.0405214609416145,1.0631413799041434,-1.0863804908347672,1.1097642154009297,-1.134687067548522,1.1572160263139233,-1.188606822840634,1.1968157801970483,-1.2732388767608365,2.083328451845774
