1.286543355922899,-0.6491473812272777,0.49076337314807567,-0.3108908805001668,0.22044230811890236,-0.1439103022256385,0.09779551481434973,-0.062030023511503385,0.03844910110531341,-0.01732161524544568
-0.6491473812272777,1.286055359831484,-0.6484438696382265,0.48969827746252026,-0.3093941933554487,0.21808807213856524,-0.1407934757350764,0.09244594744845124,-0.05587993977988964,0.025582527280117145
0.49076337314807567,-0.6484438696382265,1.2850410970301405,-0.6469084351610086,0.48754038344506523,-0.3060005569335572,0.21359379418569074,-0.13308310336701398,0.08357531335918572,-0.037340181287248655
-0.3108908805001668,0.48969827746252026,-0.6469084351610086,1.2827163961784733,-0.6436419471385969,0.48240181426695006,-0.2991985294103619,0.20191654934565223,-0.11966339288932808,0.0554858928532457
0.22044230811890236,-0.3093941933554487,0.48754038344506523,-0.6436419471385969,1.2781251994418652,-0.6364226853324916,0.4728387949181355,-0.2827981081133998,0.18303695160427075,-0.08023678280774041
-0.1439103022256385,0.21808807213856524,-0.3060005569335572,0.48240181426695006,-0.6364226853324916,1.2667659911590856,-0.6213914078670494,0.4470214192703874,-0.25315262580322645,0.12091513049894853
0.09779551481434973,-0.1407934757350764,0.21359379418569074,-0.2991985294103619,0.4728387949181355,-0.6213914078670494,1.2468427644341702,-0.5872531144237277,0.4076657423052555,-0.17112751119071842
-0.062030023511503385,0.09244594744845124,-0.13308310336701398,0.20191654934565223,-0.2827981081133998,0.4470214192703874,-0.5872531144237277,1.1881455856550618,-0.5199710468260343,0.2663381344736318
0.03844910110531341,-0.05587993977988964,0.08357531335918572,-0.11966339288932808,0.18303695160427075,-0.25315262580322645,0.4076657423052555,-0.5199710468260343,1.1102866307736372,-0.35853456708316467
-0.01732161524544568,0.025582527280117145,-0.037340181287248655,0.0554858928532457,-0.08023678280774041,0.12091513049894853,-0.17112751119071842,0.2663381344736318,-0.35853456708316467,0.7695784817182201
