4.240254127812224,-0.1347358342667509,1.5098044110378377,-0.6398000125955982,0.8873666451435489,-0.59033319942685,0.5591451572662658,-0.4177209266229238,0.29807060759871895,-0.24241192649682614
-0.1347358342667509,4.185075747961928,-0.0750322000875015,1.447455954582772,-0.5702055489483938,0.8189365738309768,-0.5051861288364647,0.492341911452741,-0.29751935165225085,0.2679773756538841
1.5098044110378377,-0.0750322000875015,4.120435144567939,-0.00760891178160099,1.372030061931475,-0.49636364188129795,0.726349865443862,-0.4337681874501824,0.3604801798810291,-0.2685269161607501
-0.6398000125955982,1.447455954582772,-0.00760891178160099,4.049948485048636,0.07091155275448949,1.2945183000737313,-0.400584767393993,0.6500476315807846,-0.2996543327305644,0.3230960899729701
0.8873666451435489,-0.5702055489483938,1.372030061931475,0.07091155275448949,3.961793416028551,0.15660883706605977,1.1857318157045058,-0.3189650725624593,0.49294115074771394,-0.2725910660882992
-0.59033319942685,0.8189365738309768,-0.49636364188129795,1.2945183000737313,0.15660883706605977,3.8759416634941437,0.25995284781014516,1.0986240263354625,-0.17878475859986503,0.4380190006199373
0.5591451572662658,-0.5051861288364647,0.726349865443862,-0.400584767393993,1.1857318157045058,0.25995284781014516,3.739412964222568,0.3533205167790686,0.8928651867249225,-0.1724910236888663
-0.4177209266229238,0.492341911452741,-0.4337681874501824,0.6500476315807846,-0.3189650725624593,1.0986240263354625,0.3533205167790686,3.640148778797882,0.4604884858949437,0.7804777576411112
0.29807060759871895,-0.29751935165225085,0.3604801798810291,-0.2996543327305644,0.49294115074771394,-0.17878475859986503,0.8928651867249225,0.4604884858949437,3.298281330173121,0.3675945325941699
-0.24241192649682614,0.2679773756538841,-0.2685269161607501,0.3230960899729701,-0.2725910660882992,0.4380190006199373,-0.1724910236888663,0.7804777576411112,0.3675945325941699,2.968111932539077
