0.6250191254663438,0.04389768944405947,-0.12204378796504581,-0.02502248192723093,0.030004687918123094,0.009921492223028447,-0.007228967925913979,-0.003395217175998033,0.0026308897901605372,0.0014523279403808509
0.04389768944405947,0.6250350029622884,0.043939671352861476,-0.12208603007282134,-0.025196553803262023,0.030091681898874297,0.010607371878330028,-0.007274859568946798,-0.005976881078067726,0.0017515154630650448
-0.12204378796504581,0.043939671352861476,0.6250986660156406,0.04380870797458339,-0.12237723351977894,-0.02482570582763198,0.03133079911612055,0.009725973619150143,-0.01226394388210798,-0.0047140840242079875
-0.02502248192723093,-0.12208603007282134,0.04380870797458339,0.6252032072297724,0.044340643074312916,-0.12255135821878985,-0.02688430927659318,0.031143514738803,0.017342295311876765,-0.008463893207325022
0.030004687918123094,-0.025196553803262023,-0.12237723351977894,0.044340643074312916,0.6265078946595874,0.042883987336434504,-0.12801962170261838,-0.023666948540088315,0.05288685229400495,0.0141702996078668
0.009921492223028447,0.030091681898874297,-0.02482570582763198,-0.12255135821878985,0.042883987336434504,0.6265656319721891,0.04835069636134792,-0.12601015985729158,-0.043276909063093116,0.03739573062792578
-0.007228967925913979,0.010607371878330028,0.03133079911612055,-0.02688430927659318,-0.12801962170261838,0.04835069636134792,0.6492245625410284,0.03714606345968298,-0.21524250311856247,-0.03772947988144146
-0.003395217175998033,-0.007274859568946798,0.009725973619150143,0.031143514738803,-0.023666948540088315,-0.12601015985729158,0.03714606345968298,0.6371548137619725,0.07410238240115205,-0.15509746425331972
0.0026308897901605372,-0.005976881078067726,-0.01226394388210798,0.017342295311876765,0.05288685229400495,-0.043276909063093116,-0.21524250311856247,0.07410238240115205,0.9856397642709034,0.0778547660162211
0.0014523279403808509,0.0017515154630650448,-0.0047140840242079875,-0.008463893207325022,0.0141702996078668,0.03739573062792578,-0.03772947988144146,-0.15509746425331972,0.0778547660162211,0.7624181747884753
