3.5515425558717486,-1.131879022341844,1.0957257486125447,-0.36462016985125384,0.35159381242044424,-0.1169118378166186,0.11044324887739515,-0.03579665031416035,0.027286895494703367,-0.00569793207708285
-1.131879022341844,3.5513625244398592,-1.1317305220953677,1.0951659235038242,-0.3641597984227565,0.34985297771724255,-0.1154846393423504,0.10502992732172112,-0.03137224236356008,0.010453518731220798
1.0957257486125447,-1.1317305220953677,3.5506907846715605,-1.1312705100603024,1.0930767817655678,-0.3627348369932828,0.34335563202108077,-0.11107067476903798,0.08482276791078322,-0.017699793155498095
-0.36462016985125384,1.0951659235038242,-1.1312705100603024,3.548949948814233,-1.1298444301102848,1.0876634530260345,-0.3583139101876699,0.32652222172060474,-0.09736572320838141,0.032477075610689694
0.35159381242044424,-0.3641597984227565,1.0930767817655678,-1.1298444301102848,3.542452606709995,-1.1254269844150544,1.0674563159730304,-0.3446306268022444,0.2636765943773477,-0.05498180508963548
-0.1169118378166186,0.34985297771724255,-0.3627348369932828,1.0876634530260345,-1.1254269844150544,3.5256191852305707,-1.111732866959963,1.0151105540895604,-0.30217927200549394,0.10090006415131496
0.11044324887739515,-0.1154846393423504,0.34335563202108077,-0.3583139101876699,1.0674563159730304,-1.111732866959963,3.462773592678944,-1.0693152304463511,0.8196558662175284,-0.1707928461601462
-0.03579665031416035,0.10502992732172112,-0.11107067476903798,0.32652222172060474,-0.3446306268022444,1.0151105540895604,-1.0693152304463511,3.29999695417282,-0.9378238650304745,0.3134772873811396
0.027286895494703367,-0.03137224236356008,0.08482276791078322,-0.09736572320838141,0.2636765943773477,-0.30217927200549394,0.8196558662175284,-0.9378238650304745,2.692116267549182,-0.5305425695221868
-0.00569793207708285,0.010453518731220798,-0.017699793155498095,0.032477075610689694,-0.05498180508963548,0.10090006415131496,-0.1707928461601462,0.3134772873811396,-0.5305425695221868,1.1180722392712397
