4.533860691329465,-1.732849408105598,-1.071960248729987,1.8798762844949537,-0.8679219699419733,-0.3889849599752518,0.7693023104519447,-0.36370537849135737,-0.0890793871374493,0.14268544009649758
-1.732849408105598,4.517655107068104,-1.7214301252412363,-1.0603956576044031,1.8453567964132158,-0.8407152100716409,-0.3682273256880382,0.696196101798483,-0.2998833296250012,-0.053459203289190294
-1.071960248729987,-1.7214301252412363,4.485272686636232,-1.6968556274268414,-1.039648476103217,1.7766371910919458,-0.7827743074297033,-0.33198572236094703,0.5512155287036913,-0.16513536869977982
1.8798762844949537,-1.0603956576044031,-1.6968556274268414,4.433017862081722,-1.6674120274843247,-0.9924378179650521,1.6642448428429364,-0.7100676778381312,-0.24305265944406465,0.31085472588475854
-0.8679219699419733,1.8453567964132158,-1.039648476103217,-1.6674120274843247,4.358962188351378,-1.616741845400769,-0.937555594322435,1.5062765523229824,-0.588820218216275,-0.14368284389699154
-0.3889849599752518,-0.8407152100716409,1.7766371910919458,-0.9924378179650521,-1.616741845400769,4.2124044237062215,-1.503840936743628,-0.8459169145677501,1.1955093992802792,-0.32316706250087884
0.7693023104519447,-0.3682273256880382,-0.7827743074297033,1.6642448428429364,-0.937555594322435,-1.503840936743628,3.969423689678537,-1.364657246308049,-0.6294479980204484,0.673228158759047
-0.36370537849135737,0.696196101798483,-0.33198572236094703,-0.7100676778381312,1.5062765523229824,-0.8459169145677501,-1.364657246308049,3.630043923787982,-1.1395085015748425,-0.36844124073662443
-0.0890793871374493,-0.2998833296250012,0.5512155287036913,-0.24305265944406465,-0.588820218216275,1.1955093992802792,-0.6294479980204484,-1.1395085015748425,2.9677098794264816,-0.6228943372670311
0.14268544009649758,-0.053459203289190294,-0.16513536869977982,0.31085472588475854,-0.14368284389699154,-0.32316706250087884,0.673228158759047,-0.36844124073662443,-0.6228943372670311,1.8394691809586454
