1.3422670907877703,0.13494758915566069,-0.3088340930635264,-0.08439611217378781,0.09294830058954634,0.03989047080689084,-0.02568242476119258,-0.015731478388579013,0.005447145392715947,0.0027610494602363467
0.13494758915566069,1.3422143419599097,0.1349701389881967,-0.3086687151274202,-0.08440093617760865,0.0924546023381928,0.03971899805056803,-0.024278560944942074,-0.014693074341883305,0.0016624819825556412
-0.3088340930635264,0.1349701389881967,1.3420480174201823,0.13484046705088182,-0.3082228236929876,-0.0838474267624661,0.09133672302000756,0.037651945103579984,-0.021731667767050458,-0.007586438477283719
-0.08439611217378781,-0.3086687151274202,0.13484046705088182,1.3415073282428231,0.13502264203356956,-0.30654608724984445,-0.08375816974382916,0.08638321126995527,0.03552203953742242,-0.007800133693332668
0.09294830058954634,-0.08440093617760865,-0.3082228236929876,0.13502264203356956,1.3402496841055465,0.13400744135821446,-0.30318759071414125,-0.07947457598426465,0.07800633759392336,0.019628441196549194
0.03989047080689084,0.0924546023381928,-0.0838474267624661,-0.30654608724984445,0.13400744135821446,1.334880470722939,0.1350060534645715,-0.2868421098187429,-0.0762925431511588,0.03058774574059978
-0.02568242476119258,0.03971899805056803,0.09133672302000756,-0.08375816974382916,-0.30318759071414125,0.1350060534645715,1.3252671782654728,0.12841758578814177,-0.26072915616062387,-0.04686797299051283
-0.015731478388579013,-0.024278560944942074,0.037651945103579984,0.08638321126995527,-0.07947457598426465,-0.2868421098187429,0.12841758578814177,1.274171113716919,0.12878181702311212,-0.1086173577404656
0.005447145392715947,-0.014693074341883305,-0.021731667767050458,0.03552203953742242,0.07800633759392336,-0.0762925431511588,-0.26072915616062387,0.12878181702311212,1.19664060926684,0.09851714470570411
0.0027610494602363467,0.0016624819825556412,-0.007586438477283719,-0.007800133693332668,0.019628441196549194,0.03058774574059978,-0.04686797299051283,-0.1086173577404656,0.09851714470570411,0.7328242553002806
