2.7240357984978747,-1.799887130901352,1.4427726827427416,-1.1305233236165897,0.8889408454203078,-0.6771080303743096,0.5062800652396741,-0.3531014665118121,0.22106921163722493,-0.0965921414434853
-1.799887130901352,2.706255754727592,-1.7781188402122765,1.4152737931033,-1.0969649632269098,0.8463966721737499,-0.625393338080794,0.4404327689137948,-0.27344378366538535,0.11910556742228293
1.4427726827427416,-1.7781188402122765,2.679345649689759,-1.7444849058235359,1.3737424695899936,-1.044991505481138,0.7823082457312511,-0.545069018864918,0.3415513886922076,-0.14928220059480973
-1.1305233236165897,1.4152737931033,-1.7444849058235359,2.636811176814641,-1.6926402082537613,1.3079283873461272,-0.9651080612432766,0.6804301682519557,-0.42204322611009765,0.1837663905690336
0.8889408454203078,-1.0969649632269098,1.3737424695899936,-1.6926402082537613,2.572706223239141,-1.612537387204711,1.2089904182037645,-0.8413311220562547,0.527750831746625,-0.2307539681862339
-0.6771080303743096,0.8463966721737499,-1.044991505481138,1.3079283873461272,-1.612537387204711,2.470856304075938,-1.4891342140902706,1.0513018341845028,-0.6513216395579554,0.28347571724979326
0.5062800652396741,-0.625393338080794,0.7823082457312511,-0.9651080612432766,1.2089904182037645,-1.4891342140902706,2.3181289924762503,-1.2984879228232764,0.8155612897715743,-0.35676425938834055
-0.3531014665118121,0.4404327689137948,-0.545069018864918,0.6804301682519557,-0.8413311220562547,1.0513018341845028,-1.2984879228232764,2.0739356161654303,-1.0050155138097794,0.4371826001237407
0.22106921163722493,-0.27344378366538535,0.3415513886922076,-0.42204322611009765,0.527750831746625,-0.6513216395579554,0.8155612897715743,-1.0050155138097794,1.7099585479266772,-0.5517267279471727
-0.0965921414434853,0.11910556742228293,-0.14928220059480973,0.1837663905690336,-0.2307539681862339,0.28347571724979326,-0.35676425938834055,0.4371826001237407,-0.5517267279471727,1.123473280101083
