1.6184193912349865,-0.04340371147450581,-0.7733248748006518,-0.11733046441613856,0.37854776012841895,0.12700600494933872,-0.16500670877347318,-0.08625154940368665,0.054253466800055175,0.029374227039817825
-0.04340371147450581,1.6169213998737502,-0.04487347263803419,-0.770982606633505,-0.11371993502975214,0.3753405154440381,0.11901975962773922,-0.16167015558001893,-0.06988966863454135,0.053575388807012334
-0.7733248748006518,-0.04487347263803419,1.6113883459797886,-0.04399409679265148,-0.7601434283593308,-0.1116351359277129,0.35542714247570295,0.10814463740841374,-0.12752917654846588,-0.037344800722801774
-0.11733046441613856,-0.770982606633505,-0.04399409679265148,1.6072339400737259,-0.04710905716818564,-0.7533142473817939,-0.10333630549125572,0.3453033000325112,0.08883381053634852,-0.11495167813766957
0.37854776012841895,-0.11371993502975214,-0.7601434283593308,-0.04710905716818564,1.5855172958995472,-0.048709889353654154,-0.7125237614114086,-0.0861424318594417,0.2736063621910667,0.031234497920566928
0.12700600494933872,0.3753405154440381,-0.1116351359277129,-0.7533142473817939,-0.048709889353654154,1.5719602607037522,-0.05036367982065887,-0.6872864706428102,-0.07424156458007669,0.22968506663958543
-0.16500670877347318,0.11901975962773922,0.35542714247570295,-0.10333630549125572,-0.7125237614114086,-0.05036367982065887,1.4937269724573707,-0.07434630226700735,-0.5466576607721326,0.020188140616378438
-0.08625154940368665,-0.16167015558001893,0.10814463740841374,0.3453033000325112,-0.0861424318594417,-0.6872864706428102,-0.07434630226700735,1.4373613198030941,-0.04823407281419555,-0.4302891289497714
0.054253466800055175,-0.06988966863454135,-0.12752917654846588,0.08883381053634852,0.2736063621910667,-0.07424156458007669,-0.5466576607721326,-0.04823407281419555,1.1786781351382292,-0.18765940649704713
0.029374227039817825,0.053575388807012334,-0.037344800722801774,-0.11495167813766957,0.031234497920566928,0.22968506663958543,0.020188140616378438,-0.4302891289497714,-0.18765940649704713,0.908775094334392
