2.10595949323166,0.6100265443326411,0.1916630472222588,0.05022073588516586,0.007075317024674897,-0.003446683135989069,-0.004363277343692127,-0.0031536411221522124,-0.0019173454369154472,-0.0010167126926761954
0.6100265443326411,2.105958019973276,0.6100235544201402,0.19165714086119104,0.05020948483830473,0.007054988424217024,-0.0034803813786081048,-0.004410356410077481,-0.003191689598743241,-0.0018442395463650362
0.1916630472222588,0.6100235544201402,2.105951937447818,0.6100115010917042,0.19163408048228966,0.050167544310712006,0.006984669203742919,-0.0035811339300549296,-0.00450118950488595,-0.0030780772122652985
0.05022073588516586,0.19165714086119104,0.6100115010917042,2.105927955125266,0.6099653618812624,0.1915494646960476,0.05002365635438434,0.0067722104360401734,-0.003795678803998978,-0.004366374445839035
0.007075317024674897,0.05020948483830473,0.19163408048228966,0.6099653618812624,2.105838514413315,0.609799500420592,0.1912621858808974,0.04958336544518749,0.006270506294289446,-0.003776291120338839
-0.003446683135989069,0.007054988424217024,0.050167544310712006,0.1915494646960476,0.609799500420592,2.1055259846969117,0.6092442127587359,0.19036891640864032,0.04842132750937948,0.0056532560873332575
-0.004363277343692127,-0.0034803813786081048,0.006984669203742919,0.05002365635438434,0.1912621858808974,0.6092442127587359,2.1045005664512697,0.6074803475988291,0.18770243724119468,0.0455088046154213
-0.0031536411221522124,-0.004410356410077481,-0.0035811339300549296,0.0067722104360401734,0.04958336544518749,0.19036891640864032,0.6074803475988291,2.1011424961943814,0.6014182052652761,0.17766866400707992
-0.0019173454369154472,-0.003191689598743241,-0.00450118950488595,-0.003795678803998978,0.006270506294289446,0.04842132750937948,0.18770243724119468,0.6014182052652761,2.087489330795313,0.5709652323893755
-0.0010167126926761954,-0.0018442395463650362,-0.0030780772122652985,-0.004366374445839035,-0.003776291120338839,0.0056532560873332575,0.0455088046154213,0.17766866400707992,0.5709652323893755,2.001312519027917
