1.1187892628907081,0.19412649168669954,0.1546961120921576,0.04931089004439267,0.04664848829237963,0.011775846975388344,0.014255370138271082,0.002420184508791457,0.004088806755882888,1.9443778832930738e-05
0.19412649168669954,1.1187846118062352,0.1941279028908307,0.1546825972109085,0.049311069077123786,0.04660804230670452,0.01176426340162869,0.014130695736857237,0.002348112335927378,0.003693601554544049
0.1546961120921576,0.1941279028908307,1.1187466522843454,0.19412075682342017,0.15456670366673658,0.04925492592350855,0.04624392373633124,0.011486908860173596,0.012956440380998534,0.0011650941143248955
0.04931089004439267,0.1546825972109085,0.19412075682342017,1.1187040112534303,0.19408656457524565,0.1544286765067565,0.04911110172361523,0.04578720345979228,0.010919054086777076,0.011417636773861357
0.04664848829237963,0.049311069077123786,0.15456670366673658,0.19408656457524565,1.1183464705085573,0.19387696076273964,0.15329443495753425,0.0481431006253343,0.04209818424167644,0.006912820167383765
0.011775846975388344,0.04660804230670452,0.04925492592350855,0.1544286765067565,0.19387696076273964,1.117870038661832,0.19310607943462801,0.15163572318957808,0.045335973062187535,0.036286386949547784
0.014255370138271082,0.01176426340162869,0.04624392373633124,0.04911110172361523,0.15329443495753425,0.19310607943462801,1.1142400885082862,0.1897082490344125,0.13973976513619663,0.03158904565183064
0.002420184508791457,0.014130695736857237,0.011486908860173596,0.04578720345979228,0.0481431006253343,0.15163572318957808,0.1897082490344125,1.1082512807417921,0.1777314629012162,0.11820431342516206
0.004088806755882888,0.002348112335927378,0.012956440380998534,0.010919054086777076,0.04209818424167644,0.045335973062187535,0.13973976513619663,0.1777314629012162,1.0690140509165733,0.1300831321332073
1.9443778832930738e-05,0.003693601554544049,0.0011650941143248955,0.011417636773861357,0.006912820167383765,0.036286386949547784,0.03158904565183064,0.11820431342516206,0.1300831321332073,0.9902010798142158
