1.04177036711376,-0.2609100275580942,0.07784780581898862,-0.022627616462113948,0.006949481473104142,-0.0018994310120106057,0.0006542317012856872,-0.00014213022958963736,5.04376946917639e-05,-2.441926444289013e-06
-0.2609100275580942,1.0417695747205231,-0.2609112802956932,0.07784580909396431,-0.02263074411445777,0.006944397809202326,-0.0019070628558695707,0.0006406943988451698,-0.00015872039820591063,7.690654295672071e-06
0.07784780581898862,-0.2609112802956932,1.0417675358923382,-0.26091433239154516,0.07784036429397709,-0.02263732312480809,0.006927036539665851,-0.001911150694220341,0.0005550263150214882,-2.6882658533749414e-05
-0.022627616462113948,0.07784580909396431,-0.26091433239154516,1.0417623166380574,-0.2609213161563648,0.07782493762252495,-0.022647050969160136,0.006861853363657872,-0.0018462876634155736,8.94411106711113e-05
0.006949481473104142,-0.02263074411445777,0.07784036429397709,-0.2609213161563648,1.0417456817232063,-0.26092887573990653,0.07774939084703414,-0.022551974549977025,0.00628653095768215,-0.00030451692095185927
-0.0018994310120106057,0.006944397809202326,-0.02263732312480809,0.07782493762252495,-0.26092887573990653,1.041676607481089,-0.26084541464630173,0.07722958601605771,-0.021172056266020214,0.0010256068277083009
0.0006542317012856872,-0.0019070628558695707,0.006927036539665851,-0.022647050969160136,0.07774939084703414,-0.26084541464630173,1.0411221294308706,-0.2594032733181213,0.07167125545515143,-0.0034717996625519137
-0.00014213022958963736,0.0006406943988451698,-0.001911150694220341,0.006861853363657872,-0.022551974549977025,0.07722958601605771,-0.2594032733181213,1.0357495425445353,-0.24203634419706824,0.01172449324498733
5.04376946917639e-05,-0.00015872039820591063,0.0005550263150214882,-0.0018462876634155736,0.00628653095768215,-0.021172056266020214,0.07167125545515143,-0.24203634419706824,0.9748077555458583,-0.039638617885333294
-2.441926444289013e-06,7.690654295672071e-06,-2.6882658533749414e-05,8.94411106711113e-05,-0.00030451692095185927,0.0010256068277083009,-0.0034717996625519137,0.01172449324498733,-0.039638617885333294,0.29046014994435715
