6.74421623636791,2.777345841640302,4.806370565893334,2.178159643717752,3.2968960530863822,1.5549744631477642,2.053345022202575,0.9300532877517171,0.9697466313026654,0.3103628240339972
2.777345841640302,6.593428388767451,2.626076267423093,4.615926973853026,1.9919951988772413,3.055750224032759,1.3267208986719032,1.7470542548090764,0.6515370855013073,0.5792721578260897
4.806370565893334,2.626076267423093,6.3712116280258755,2.4439255303267586,4.330118382945304,1.7749615253726116,2.6859734864823483,1.0718169671881865,1.2653694127482606,0.3581408443145502
2.178159643717752,4.615926973853026,2.4439255303267586,6.129558772115499,2.2213139361188157,4.022410276170157,1.5044651127900541,2.2925162209863514,0.7456063353291487,0.7597830559158267
3.2968960530863822,1.9919951988772413,4.330118382945304,2.2213139361188157,5.76048665876338,1.9585692586788053,3.542695135737963,1.1999236279344145,1.6643184391845618,0.4017359803759909
1.5549744631477642,3.055750224032759,1.7749615253726116,4.022410276170157,1.9585692586788053,5.366050164545659,1.6432550502732397,3.034371449684293,0.8259392758002828,1.00513514271144
2.053345022202575,1.3267208986719032,2.6859734864823483,1.5044651127900541,3.542695135737963,1.6432550502732397,4.739213234232896,1.2842417427567392,2.208597000321556,0.4313271021530043
0.9300532877517171,1.7470542548090764,1.0718169671881865,2.2925162209863514,1.1999236279344145,3.034371449684293,1.2842417427567392,4.078138738355486,0.8688240433847572,1.3423672177273043
0.9697466313026654,0.6515370855013073,1.2653694127482606,0.7456063353291487,1.6643184391845618,0.8259392758002828,2.208597000321556,0.8688240433847572,2.9830225148604526,0.42984996715091617
0.3103628240339972,0.5792721578260897,0.3581408443145502,0.7597830559158267,0.4017359803759909,1.00513514271144,0.4313271021530043,1.3423672177273043,0.42984996715091617,1.8346605299158423
