0.7172039500128256,-0.07577885529069397,0.31201714228372357,-0.04352225021734417,0.19268190036838673,-0.024111834140184002,0.11155796683316065,-0.012030489429730125,0.052531442010860435,-0.0037118021639882866
-0.07577885529069397,0.715757613279738,-0.07552121781606724,0.3097696885262188,-0.043068446246243085,0.18918829750439178,-0.023323795342388404,0.10612525448593965,-0.010677441676688106,0.04408022675545891
0.31201714228372357,-0.07552121781606724,0.7092160923256534,-0.07496313674165456,0.2996196037701383,-0.04195717700533849,0.17343306370805572,-0.021219207947703406,0.08166033870371336,-0.006822134271477565
-0.04352225021734417,0.3097696885262188,-0.07496313674165456,0.7057199571970764,-0.07401345197555512,0.29417904209668033,-0.040353457200298086,0.16496359806828276,-0.018528462411144447,0.06847098271637986
0.19268190036838673,-0.043068446246243085,0.2996196037701383,-0.07401345197555512,0.6899686473172049,-0.07215934601987495,0.2697262893801444,-0.03688658321512084,0.1269882024954715,-0.01223411072255305
-0.024111834140184002,0.18918829750439178,-0.04195717700533849,0.29417904209668033,-0.07215934601987495,0.6814931013015778,-0.06908046243110055,0.2565180858939911,-0.031794895426547565,0.10639754495041395
0.11155796683316065,-0.023323795342388404,0.17343306370805572,-0.040353457200298086,0.2697262893801444,-0.06908046243110055,0.6435271276853399,-0.06338755709388808,0.19754897710099126,-0.021541345311442722
-0.012030489429730125,0.10612525448593965,-0.021219207947703406,0.16496359806828276,-0.03688658321512084,0.2565180858939911,-0.06338755709388808,0.6229218701767602,-0.05406563452457545,0.16539335347297013
0.052531442010860435,-0.010677441676688106,0.08166033870371336,-0.018528462411144447,0.1269882024954715,-0.031794895426547565,0.19754897710099126,-0.05406563452457545,0.5313188456867103,-0.03739619318161935
-0.0037118021639882866,0.04408022675545891,-0.006822134271477565,0.06847098271637986,-0.01223411072255305,0.10639754495041395,-0.021541345311442722,0.16539335347297013,-0.03739619318161935,0.48108671585635165
