3.6557519317034908,2.2854632783418247,0.8675805487956783,-0.29979368129145234,-0.957949640318243,-1.0809136745314465,-0.818765989113236,-0.40651235388060925,-0.06987654286400652,0.048075281918453866
2.2854632783418247,3.6216760419637786,2.2532493519950885,0.8507969169936223,-0.28742389866781026,-0.9078924178699294,-0.9955793790377472,-0.7155943798172653,-0.31800675707116444,-0.03770970471891902
0.8675805487956783,2.2532493519950885,3.5707596825464796,2.1951160001003944,0.8050649128862893,-0.29700226426862775,-0.8609012394885482,-0.8845304606240122,-0.5548308190237052,-0.14808898917170432
-0.29979368129145234,0.8507969169936223,2.1951160001003944,3.4751885792148522,2.082592075724077,0.7121888992653141,-0.32454061574008625,-0.7821698591400534,-0.6816959315753595,-0.25082437904050636
-0.957949640318243,-0.28742389866781026,0.8050649128862893,2.082592075724077,3.309539717215366,1.9047371724567004,0.5866923919686424,-0.32406508867015965,-0.59794318088211,-0.30185935407095
-1.0809136745314465,-0.9078924178699294,-0.29700226426862775,0.7121888992653141,1.9047371724567004,3.0777835153506166,1.6857271188704543,0.4727145413810789,-0.23970417581913825,-0.2572653914388285
-0.818765989113236,-0.9955793790377472,-0.8609012394885482,-0.32454061574008625,0.5866923919686424,1.6857271188704543,2.8086499584620808,1.449604894366236,0.37796726694437627,-0.09063495408491909
-0.40651235388060925,-0.7155943798172653,-0.8845304606240122,-0.7821698591400534,-0.32406508867015965,0.4727145413810789,1.449604894366236,2.4873511839894906,1.1307188134240866,0.18843577587723115
-0.06987654286400652,-0.31800675707116444,-0.5548308190237052,-0.6816959315753595,-0.59794318088211,-0.23970417581913825,0.37796726694437627,1.1307188134240866,1.9670192126038892,0.5215662083980933
0.048075281918453866,-0.03770970471891902,-0.14808898917170432,-0.25082437904050636,-0.30185935407095,-0.2572653914388285,-0.09063495408491909,0.18843577587723115,0.5215662083980933,0.9855245707881051
