1.5476795890929416,-0.5945153816111387,0.3668666555054684,-0.2052631848316103,0.1273836381365096,-0.07057183435061193,0.04375915595243807,-0.023484672161743932,0.013627655894322806,-0.005579951766985557
-0.5945153816111387,1.5476320551033775,-0.5944391472679447,0.36672999584483523,-0.20504244395745788,0.12699057242872452,-0.06993295416453593,0.042628172263651634,-0.021636314691063096,0.010372333138290599
0.3668666555054684,-0.5944391472679447,1.5474846381757668,-0.5942172347033294,0.3663077546402458,-0.20439722203328464,0.12578011532452682,-0.06805881577190422,0.039155439162945,-0.016197321059075814
-0.2052631848316103,0.36672999584483523,-0.5942172347033294,1.5470914448464823,-0.593575176697885,0.36517608020407333,-0.20254020825212282,0.12252198448904139,-0.06268943842885477,0.02977266315923983
0.1273836381365096,-0.20504244395745788,0.3663077546402458,-0.593575176697885,1.545881332358943,-0.5917096193789546,0.36170521233028546,-0.1971245892772843,0.11255971744421572,-0.04698053036507775
-0.07057183435061193,0.12699057242872452,-0.20439722203328464,0.36517608020407333,-0.5917096193789546,1.542622270954221,-0.5863170705408232,0.3523173996496004,-0.1815405476091203,0.08551235627504751
0.04375915595243807,-0.06993295416453593,0.12578011532452682,-0.20254020825212282,0.36170521233028546,-0.5863170705408232,1.5326625167278656,-0.5706707325239913,0.3237188379038263,-0.1361757222527004
-0.023484672161743932,0.042628172263651634,-0.06805881577190422,0.12252198448904139,-0.1971245892772843,0.3523173996496004,-0.5706707325239913,1.505608370188607,-0.5254741261558956,0.2457416054382056
0.013627655894322806,-0.021636314691063096,0.039155439162945,-0.06268943842885477,0.11255971744421572,-0.1815405476091203,0.3237188379038263,-0.5254741261558956,1.4234607494233869,-0.39448202818639133
-0.005579951766985557,0.010372333138290599,-0.016197321059075814,0.02977266315923983,-0.04698053036507775,0.08551235627504751,-0.1361757222527004,0.2457416054382056,-0.39448202818639133,1.1986308625873985
