1.6008885176206789,-0.5988306709944565,0.39445743088846236,-0.25726616159054266,0.16705568506435167,-0.10775329601830962,0.0684384843984418,-0.0418307865928691,0.023036804995451268,-0.00891116288744575
-0.5988306709944565,1.6005576054086779,-0.5983232179710462,0.39367925505986895,-0.25607285041917394,0.16522590301571843,-0.10494857393727872,0.0641472245235629,-0.035326876599667024,0.013665251522056325
0.39445743088846236,-0.5983232179710462,1.599779427506413,-0.5971298873454391,0.3918493154570147,-0.2532668843674223,0.16092486893481203,-0.09836793794808099,0.05417349500030437,-0.020955620954188518
-0.25726616159054266,0.39367925505986895,-0.5971298873454391,1.597949462946997,-0.5943236871626164,0.3875463852166015,-0.2466712772343725,0.15083350718594252,-0.08307328764058902,0.03213525009351945
0.16705568506435167,-0.25607285041917394,0.3918493154570147,-0.5943236871626164,1.5936462323552423,-0.5877252622703637,0.37743220325478977,-0.2311964497374181,0.12737956258311098,-0.0492780885333671
-0.10775329601830962,0.16522590301571843,-0.2532668843674223,0.3875463852166015,-0.5877252622703637,1.5835284356756016,-0.572216523140553,0.3537036181921837,-0.19523282449499615,0.07555793120483259
0.0684384843984418,-0.10494857393727872,0.16092486893481203,-0.2466712772343725,0.37743220325478977,-0.572216523140553,1.5597563476111178,-0.5358447725899711,0.2985766985444238,-0.115789963202834
-0.0418307865928691,0.0641472245235629,-0.09836793794808099,0.15083350718594252,-0.2311964497374181,0.3537036181921837,-0.5358447725899711,1.5041058708665198,-0.4514901375750022,0.17695154304338018
0.023036804995451268,-0.035326876599667024,0.05417349500030437,-0.08307328764058902,0.12737956258311098,-0.19523282449499615,0.2985766985444238,-0.4514901375750022,1.3761797241276807,-0.2665504805638898
-0.00891116288744575,0.013665251522056325,-0.020955620954188518,0.03213525009351945,-0.0492780885333671,0.07555793120483259,-0.115789963202834,0.17695154304338018,-0.2665504805638898,1.1049147382031936
