0.440336509572978,-0.07294026089274276,0.08085701559668546,-0.04131713532961947,0.03734671121793139,-0.02155745809855695,0.017064874831724957,-0.010052878461325533,0.00657750296410029,-0.00289028733097171
-0.07294026089274276,0.440197841877931,-0.0727417995694251,0.0805812686994424,-0.04091869322375136,0.03680011134364291,-0.02075431873719101,0.01598747256679938,-0.008422838854409965,0.0044753252902800834
0.08085701559668546,-0.0727417995694251,0.4399094343183552,-0.07234914929688474,0.07999855368479497,-0.040147384730199215,0.03561268538865879,-0.019258748948739392,0.013532956918329963,-0.005592501319008477
-0.04131713532961947,0.0805812686994424,-0.07234914929688474,0.4393601848723133,-0.07156253141504884,0.07890658985300902,-0.03856767731429982,0.033448992230443945,-0.016072971167251288,0.009271116069905327
0.03734671121793139,-0.04091869322375136,0.07999855368479497,-0.07156253141504884,0.4381797624549767,-0.07002329086971693,0.07649056438001087,-0.03560429813010884,0.028418428566116018,-0.010541271382239495
-0.02155745809855695,0.03680011134364291,-0.040147384730199215,0.07890658985300902,-0.07002329086971693,0.43599755704491727,-0.06695294675765465,0.07212698354563474,-0.02948473845909738,0.019683795162411095
0.017064874831724957,-0.02075431873719101,0.03561268538865879,-0.03856767731429982,0.07649056438001087,-0.06695294675765465,0.4310159262893001,-0.06111612443781623,0.06162933340016795,-0.018858759006269727
-0.010052878461325533,0.01598747256679938,-0.019258748948739392,0.033448992230443945,-0.03560429813010884,0.07212698354563474,-0.06111612443781623,0.42215194991992044,-0.04974279338723378,0.043402358743113344
0.00657750296410029,-0.008422838854409965,0.013532956918329963,-0.016072971167251288,0.028418428566116018,-0.02948473845909738,0.06162933340016795,-0.04974279338723378,0.3996067318411767,-0.029993680858619295
-0.00289028733097171,0.0044753252902800834,-0.005592501319008477,0.009271116069905327,-0.010541271382239495,0.019683795162411095,-0.018858759006269727,0.043402358743113344,-0.029993680858619295,0.3604624525219675
