7.264950335511604,-0.1620874237453551,5.372252329223418,0.10765657051283116,3.8859030572597963,0.22451087559837649,2.5313962166329254,0.24069188238721292,1.2585642137616921,0.20124077926352274
-0.1620874237453551,7.075998762139175,-0.3502242157034964,5.175246797155582,-0.08732996497281235,3.680358980022181,0.022590230218962185,2.3167602525668167,0.03180586765482687,1.0341966484802771
5.372252329223418,-0.3502242157034964,6.505184289875145,-0.500049202758337,4.529537398264943,-0.18355306915295927,2.9410770358584615,6.643607958900579e-06,1.4597643866688172,0.10908055383718854
0.10765657051283116,5.175246797155582,-0.500049202758337,6.2941840417508805,-0.6487914851992947,4.302131636281796,-0.32905423057828276,2.694201431775289,-0.13937312013228792,1.1895073987206959
3.8859030572597963,-0.08732996497281235,4.529537398264943,-0.6487914851992947,5.561247177004808,-0.7332171480859201,3.459985998430939,-0.3254909321923246,1.7144245999741083,-0.016858026640896785
0.22451087559837649,3.680358980022181,-0.18355306915295927,4.302131636281796,-0.7332171480859201,5.306992765759498,-0.8006796472329363,3.1724594127581836,-0.36920690078364915,1.3853362775191753
2.5313962166329254,0.022590230218962185,2.9410770358584615,-0.32905423057828276,3.459985998430939,-0.8006796472329363,4.33579688173725,-0.7617984363350314,2.038340808110536,-0.18697324306397956
0.24069188238721292,2.3167602525668167,6.643607958900579e-06,2.694201431775289,-0.3254909321923246,3.1724594127581836,-0.7617984363350314,3.996729620523407,-0.6756185266413329,1.6336215971121568
1.2585642137616921,0.03180586765482687,1.4597643866688172,-0.13937312013228792,1.7144245999741083,-0.36920690078364915,2.038340808110536,-0.6756185266413329,2.6674308793019743,-0.41479976509545813
0.20124077926352274,1.0341966484802771,0.10908055383718854,1.1895073987206959,-0.016858026640896785,1.3853362775191753,-0.18697324306397956,1.6336215971121568,-0.41479976509545813,2.165264923761594
