5.084438067460304,2.1685899958732993,-0.5660654796505132,-1.7622363082506127,-1.2541896832490083,-0.125051185360006,0.5675127614558025,0.5385055584730809,0.17198363755630272,-0.049488585217489334
2.1685899958732993,5.077904789893882,2.1645827275403535,-0.5611330160451735,-1.7477770612540509,-1.2402239199868585,-0.1280818426359106,0.5390273115982398,0.4995989141368507,0.16032715539357986
-0.5660654796505132,2.1645827275403535,5.054096206135983,2.134575871019609,-0.5669894152932057,-1.7057081908236913,-1.1651590836928378,-0.08362912733646459,0.4798964344438674,0.3323716736112927
-1.7622363082506127,-0.5611330160451735,2.134575871019609,4.9992671778575595,2.1008777742807303,-0.5257000847739987,-1.5844092001644374,-1.0478478957546686,-0.10881815526471611,0.24103613389166018
-1.2541896832490083,-1.7477770612540509,-0.5669894152932057,2.1008777742807303,4.95711075346611,2.0930754302167807,-0.46593987240464063,-1.4786578316624355,-0.9860639055847055,-0.19342290907773046
-0.125051185360006,-1.2402239199868585,-1.7057081908236913,-0.5257000847739987,2.0930754302167807,4.874685542049296,1.9788476277156206,-0.5022185081803632,-1.3401497886998837,-0.7099579917106205
0.5675127614558025,-0.1280818426359106,-1.1651590836928378,-1.5844092001644374,-0.46593987240464063,1.9788476277156206,4.596133410648796,1.7425273563234895,-0.39320409036381543,-0.7688180914507234
0.5385055584730809,0.5390273115982398,-0.08362912733646459,-1.0478478957546686,-1.4786578316624355,-0.5022185081803632,1.7425273563234895,4.29233162607795,1.67517919765141,0.020255507999521118
0.17198363755630272,0.4995989141368507,0.4798964344438674,-0.10881815526471611,-0.9860639055847055,-1.3401497886998837,-0.39320409036381543,1.67517919765141,4.0023828036642835,1.3413473146174126
-0.049488585217489334,0.16032715539357986,0.3323716736112927,0.24103613389166018,-0.19342290907773046,-0.7099579917106205,-0.7688180914507234,0.020255507999521118,1.3413473146174126,2.7813971466504728
