2.530886965720162,-1.4494756338274117,1.2667451013441149,-1.0960650834453634,0.9310084887401069,-0.7703452001362491,0.6132845365088574,-0.45906203779690097,0.3066235759903282,-0.1511678590823507
-1.4494756338274117,2.4501310139038273,-1.363005791452768,1.1741570805933834,-0.9969259767267562,0.8248545814890103,-0.6566777984356437,0.4915430134496073,-0.3283187406967035,0.1618637468385169
1.2667451013441149,-1.363005791452768,2.357542994418887,-1.263866701639247,1.0680033824657498,-0.8832611455780692,0.7031446382944234,-0.5263224491063906,0.35154896919452405,-0.17331642402172354
-1.0960650834453634,1.1741570805933834,-1.263866701639247,2.251389312941209,-1.1502020928566281,0.946296190038698,-0.7529396087663959,0.5635659891619205,-0.37642311857731225,0.1855794540162094
0.9310084887401069,-0.9969259767267562,1.0680033824657498,-1.1502020928566281,2.129682339524298,-1.0198834810030302,0.8067537239433807,-0.603485041222678,0.40306049701547636,-0.1987103787585341
-0.7703452001362491,0.8248545814890103,-0.8832611455780692,0.946296190038698,-1.0198834810030302,1.9901427542438683,-0.8704673877634652,0.6467241761154858,-0.43162262333506995,0.21277312933977205
0.6132845365088574,-0.6566777984356437,0.7031446382944234,-0.7529396087663959,0.8067537239433807,-0.8704673877634652,1.8301511000696076,-0.6991110530544994,0.4626972832915007,-0.227864633205914
-0.45906203779690097,0.4915430134496073,-0.5263224491063906,0.5635659891619205,-0.603485041222678,0.6467241761154858,-0.6991110530544994,1.646622652665326,-0.5020099782183444,0.24443845418081414
0.3066235759903282,-0.3283187406967035,0.35154896919452405,-0.37642311857731225,0.40306049701547636,-0.43162262333506995,0.4626972832915007,-0.5020099782183444,1.4349202733185988,-0.26727713400474135
-0.1511678590823507,0.1618637468385169,-0.17331642402172354,0.1855794540162094,-0.1987103787585341,0.21277312933977205,-0.227864633205914,0.24443845418081414,-0.26727713400474135,1.1709122062195294
