1.4317757706118273,-0.08529440083717812,-0.46973396817402985,0.05195806851429324,0.21066094218373732,-0.029440141264448806,-0.09169141188309926,0.015547959478596022,0.03406972613112463,-0.006678432482520714
-0.08529440083717812,1.4310834040438016,-0.08517709785434525,-0.46821868969383923,0.051606687228583165,0.2073505169125601,-0.02846333345914584,-0.08447202970718072,0.01295481383372351,0.018354226618676136
-0.46973396817402985,-0.08517709785434525,1.4302734061580502,-0.08538510197379529,-0.4664246818760577,0.05195346848063283,0.20338411801276668,-0.028981334872202353,-0.07571799371251098,0.013554120729474511
0.05195806851429324,-0.46821868969383923,-0.08538510197379529,1.4269541402122305,-0.08472303488593061,-0.4591664520933784,0.050050041106040416,0.18754066454873786,-0.023818793811408986,-0.04119662430017852
0.21066094218373732,0.051606687228583165,-0.4664246818760577,-0.08472303488593061,1.4229683007029839,-0.08593314992315072,-0.450326990361219,0.052166035818927786,0.1679722494770415,-0.027265264289294808
-0.029440141264448806,0.2073505169125601,0.05195346848063283,-0.4591664520933784,-0.08593314992315072,1.4070820974137206,-0.0822925640534482,-0.41561777008150547,0.04202022166795964,0.09227240153332392
-0.09169141188309926,-0.02846333345914584,0.20338411801276668,0.050050041106040416,-0.450326990361219,-0.0822925640534482,1.3874196756411559,-0.08908580812864278,-0.37196130715495956,0.054266669949623446
0.015547959478596022,-0.08447202970718072,-0.028981334872202353,0.18754066454873786,0.052166035818927786,-0.41561777008150547,-0.08908580812864278,1.311513107324672,-0.06946707117619073,-0.2062527526831121
0.03406972613112463,0.01295481383372351,-0.07571799371251098,-0.023818793811408986,0.1679722494770415,0.04202022166795964,-0.37196130715495956,-0.06946707117619073,1.2143030170685027,-0.10661459777832519
-0.006678432482520714,0.018354226618676136,0.013554120729474511,-0.04119662430017852,-0.027265264289294808,0.09227240153332392,0.054266669949623446,-0.2062527526831121,-0.10661459777832519,0.8522010711579944
