0.7452638360427093,0.00936706830246244,0.0066823067833194786,0.0037940233913686216,0.002180568606793796,0.0012510634047926213,0.0007156491938410567,0.00040559987751678415,0.0002235615339685618,0.0001039592787504957
0.00936706830246244,0.745263484771271,0.009366456977340301,0.006681242881238957,0.0037921718607403275,0.0021773463288228437,0.0012454561835120788,0.0007058741696225826,0.00038906886815218,0.00018092253454319462
0.0066823067833194786,0.009366456977340301,0.745262420869216,0.009364605446021147,0.006678020623279857,0.003786564062154841,0.002167587962893819,0.0012284445018762066,0.0006771049039645593,0.0003148633149069448
0.0037940233913686216,0.006681242881238957,0.009364605446021147,0.7452591986099775,0.009358997682128407,0.006668261252421086,0.0037695813708861227,0.00213798217239471,0.0011783767388027122,0.0005479633952085323
0.002180568606793796,0.0037921718607403275,0.006678020623279857,0.009358997682128407,0.7452494393033704,0.009342013248703278,0.0066387059262088,0.0037180578063420616,0.0020508482066040755,0.0009536294096986227
0.0012510634047926213,0.0021773463288228437,0.003786564062154841,0.006668261252421086,0.009342013248703278,0.745219880750646,0.009290577169559142,0.006549037808898872,0.0035664160681545183,0.0016597048929137552
0.0007156491938410567,0.0012454561835120788,0.002167587962893819,0.0037695813708861227,0.0066387059262088,0.009290577169559142,0.7451303746582248,0.009134542200572297,0.006285151300504877,0.002886012051347167
0.00040559987751678415,0.0007058741696225826,0.0012284445018762066,0.00213798217239471,0.0037180578063420616,0.006549037808898872,0.009134542200572297,0.7448583517895677,0.008674751873274763,0.005092056624775484
0.0002235615339685618,0.00038906886815218,0.0006771049039645593,0.0011783767388027122,0.0020508482066040755,0.0035664160681545183,0.006285151300504877,0.008674751873274763,0.7440738385289396,0.0068573031367102745
0.0001039592787504957,0.00018092253454319462,0.0003148633149069448,0.0005479633952085323,0.0009536294096986227,0.0016597048929137552,0.002886012051347167,0.005092056624775484,0.0068573031367102745,0.7334398158342615
