1.0696467850335654,0.02493316191293392,0.032324095107559334,-0.0026010699962715263,0.011781040582205263,-0.004610397665937077,0.005112364949044015,-0.0025870040331314073,0.0017289013429751064,-7.471454546575108e-05
0.02493316191293392,1.0694476991082835,0.02518163695665698,0.032009260332923006,-0.0022130010225655606,0.011278134072298327,-0.004015867109482003,0.004282866184735034,-0.0017371013621690164,0.00022579533879837771
0.032324095107559334,0.02518163695665698,1.069137008616281,0.025573983404576225,0.03152266117153088,-0.0015893644140273593,0.010525472232862512,-0.003003135572808453,0.003168312802392948,1.8651797333672107e-05
-0.0026010699962715263,0.032009260332923006,0.025573983404576225,1.0686385170527621,0.026185345405438043,0.030723203888036024,-0.0006601553844492081,0.009190428191581917,-0.0017146348958085188,0.0006671918384252744
0.011781040582205263,-0.0022130010225655606,0.03152266117153088,0.026185345405438043,1.0678731861165365,0.027149777556441802,0.02952244369938136,0.0008680208477093986,0.0073220255561963505,0.0007421575288480801
-0.004610397665937077,0.011278134072298327,-0.0015893644140273593,0.030723203888036024,0.027149777556441802,1.0665744972196602,0.02857687778554819,0.027268701135320005,0.0026370421105759755,0.0026805781148190257
0.005112364949044015,-0.004015867109482003,0.010525472232862512,-0.0006601553844492081,0.02952244369938136,0.02857687778554819,1.0646017701366377,0.03063594598291459,0.023733022241152164,0.004896417867637598
-0.0025870040331314073,0.004282866184735034,-0.003003135572808453,0.009190428191581917,0.0008680208477093986,0.027268701135320005,0.03063594598291459,1.060259691341791,0.032063005248699025,0.012745948745772007
0.0017289013429751064,-0.0017371013621690164,0.003168312802392948,-0.0017146348958085188,0.0073220255561963505,0.0026370421105759755,0.023733022241152164,0.032063005248699025,1.051586656907216,0.02720630982635957
-7.471454546575108e-05,0.00022579533879837771,1.8651797333672107e-05,0.0006671918384252744,0.0007421575288480801,0.0026805781148190257,0.004896417867637598,0.012745948745772007,0.02720630982635957,1.015045450862225
