3.4371736937621207,-0.050149400013384825,0.4053927566605739,-0.28814431354055686,0.24176677963870055,-0.19342881289264047,0.1512477004450206,-0.11289908592349863,0.07745106452479963,-0.04462349325826569
-0.050149400013384825,3.4301545892746153,-0.04189812461343987,0.3956930125903665,-0.2767417985413402,0.22836281280909546,-0.17767027527890797,0.13273479103687633,-0.09104503179862335,0.05245719855248193
0.4053927566605739,-0.04189812461343987,3.4204548411303937,-0.030495635910215566,0.3822888394895331,-0.26098482818160795,0.20983793730014344,-0.15590751467661976,0.10704433467153858,-0.06166380363315089
-0.28814431354055686,0.3956930125903665,-0.030495635910215566,3.4070507045715965,-0.014738429687532272,0.36376581413858333,-0.23920801003210834,0.1842548113528529,-0.12570742562223197,0.07250390458728566
0.24176677963870055,-0.2767417985413402,0.3822888394895331,-0.014738429687532272,3.388527351455392,0.007036272879828122,0.3381660931253631,-0.20913401070763044,0.14875167680678036,-0.085114779605434
-0.19342881289264047,0.22836281280909546,-0.26098482818160795,0.36376581413858333,0.007036272879828122,3.3629305703456858,0.03712924800261046,0.30281180868446467,-0.16741039783369777,0.10094778467187628
0.1512477004450206,-0.17767027527890797,0.20983793730014344,-0.23920801003210834,0.3381660931253631,0.03712924800261046,3.327549916323062,0.07868265669746105,0.25367279959948597,-0.1118663704588707
-0.11289908592349863,0.13273479103687633,-0.15590751467661976,0.1842548113528529,-0.20913401070763044,0.30281180868446467,0.07868265669746105,3.278647430252202,0.1357533372392456,0.1834064187585192
0.07745106452479963,-0.09104503179862335,0.10704433467153858,-0.12570742562223197,0.14875167680678036,-0.16741039783369777,0.25367279959948597,0.1357533372392456,3.206259546810592,0.18041878226483776
-0.04462349325826569,0.05245719855248193,-0.06166380363315089,0.07250390458728566,-0.085114779605434,0.10094778467187628,-0.1118663704588707,0.1834064187585192,0.18041878226483776,2.8642984615803857
