3.4748402658790334,1.4645756027341637,0.0326135268128423,-0.8632807517594503,-0.9599118492967753,-0.5221628591236273,-0.014390818749368324,0.23198124276986073,0.17731965993516188,0.018273558226898277
1.4645756027341637,3.4609353571848307,1.4631019095826217,0.051781704028156406,-0.8269752312498837,-0.9255466056255162,-0.5180844517299492,-0.06099020574995232,0.1429430162849857,0.09239763307594803
0.0326135268128423,1.4631019095826217,3.4489563056382133,1.4441641993653076,0.03695857507552573,-0.8235999813654789,-0.8963398786149308,-0.4715702320255221,-0.02424396624913608,0.13525253984882352
-0.8632807517594503,0.051781704028156406,1.4441641993653076,3.3853412582065503,1.3610013103113716,-0.010887943501964165,-0.7781872530371419,-0.7408438856989472,-0.26691873882278927,0.09514584771631562
-0.9599118492967753,-0.8269752312498837,0.03695857507552573,1.3610013103113716,3.261062536717508,1.2708526423858222,0.023904673007281454,-0.5752612384584732,-0.4354334041381974,-0.04311994786291457
-0.5221628591236273,-0.9255466056255162,-0.8235999813654789,-0.010887943501964165,1.2708526423858222,3.176124635878409,1.2614226671113125,0.14023415006532977,-0.3541653978318734,-0.2255235522814867
-0.014390818749368324,-0.5180844517299492,-0.8963398786149308,-0.7781872530371419,0.023904673007281454,1.2614226671113125,3.1048970854216127,1.1498643180299009,0.05394991582392416,-0.33244513440438345
0.23198124276986073,-0.06099020574995232,-0.4715702320255221,-0.7408438856989472,-0.5752612384584732,0.14023415006532977,1.1498643180299009,2.7248060644955885,0.6504840935135263,-0.2363490037003731
0.17731965993516188,0.1429430162849857,-0.02424396624913608,-0.26691873882278927,-0.4354334041381974,-0.3541653978318734,0.05394991582392416,0.6504840935135263,1.9742608452419532,0.10158057326077345
0.018273558226898277,0.09239763307594803,0.13525253984882352,0.09514584771631562,-0.04311994786291457,-0.2255235522814867,-0.33244513440438345,-0.2363490037003731,0.10158057326077345,1.4554678982466567
