3.6045598660599145,2.58602520810114,1.0650312881786925,-0.27241352666891316,-1.0176916046382642,-1.1221195985159245,-0.7993965624990571,-0.36005433296638145,-0.05434427329208458,0.022847217307645072
2.58602520810114,3.58405814473589,2.556413308183023,1.0369585879758985,-0.28374979338369677,-0.9980757315739051,-1.0661144332939765,-0.7175383788119392,-0.2814464763362106,-0.021010086293145214
1.0650312881786925,2.556413308183023,3.518156746362164,2.4698940478458606,0.963944491810316,-0.298968819892807,-0.9187050537016024,-0.8855197489353577,-0.4777749802118446,-0.07605778247938848
-0.27241352666891316,1.0369585879758985,2.4698940478458606,3.388349488223817,2.341800929949855,0.9042475014737613,-0.22530477954110917,-0.6826762092225787,-0.5270157033395526,-0.11961877516178698
-1.0176916046382642,-0.28374979338369677,0.963944491810316,2.341800929949855,3.2433875164625765,2.246004299841834,0.9314906095240019,-0.02733835957270372,-0.33012678281807883,-0.12354999977386576
-1.1221195985159245,-0.9980757315739051,-0.298968819892807,0.9042475014737613,2.246004299841834,3.142620195003035,2.189555215952714,0.9705848360423437,0.13510822845847717,-0.06596395046483391
-0.7993965624990571,-1.0661144332939765,-0.9187050537016024,-0.22530477954110917,0.9314906095240019,2.189555215952714,2.989529191553867,1.9700415035349197,0.764149609273931,0.05438801706817639
-0.36005433296638145,-0.7175383788119392,-0.8855197489353577,-0.6826762092225787,-0.02733835957270372,0.9705848360423437,1.9700415035349197,2.494561516616125,1.3158748279669794,0.20712727749917648
-0.05434427329208458,-0.2814464763362106,-0.4777749802118446,-0.5270157033395526,-0.33012678281807883,0.13510822845847717,0.764149609273931,1.3158748279669794,1.5043582704669374,0.33000293227387517
0.022847217307645072,-0.021010086293145214,-0.07605778247938848,-0.11961877516178698,-0.12354999977386576,-0.06596395046483391,0.05438801706817639,0.20712727749917648,0.33000293227387517,0.38124954641114217
