3.0074799391201394,-2.0638235253412907,1.7939550147274168,-1.550472511369676,1.3103664294355377,-1.0708047159882907,0.8314412100678039,-0.5924053020309337,0.3552913587132399,-0.1333893883687146
-2.0638235253412907,2.789058844083927,-1.8430505980058816,1.5708049765884735,-1.324920133208157,1.082388841935089,-0.8404003455201423,0.5987848083590546,-0.35911704088106894,0.13482566379742056
1.7939550147274168,-1.8430505980058816,2.565908761276377,-1.6174978090374794,1.3428239805862878,-1.094487814610438,0.8495036101544434,-0.6052388337891044,0.36298463256717034,-0.13627748813242646
-1.550472511369676,1.5708049765884735,-1.6174978090374794,2.3379273956796847,-1.3870620913642469,1.1099105463697159,-0.8590950560166172,0.6118100612800166,-0.3668997350329902,0.13774563156077846
1.3103664294355377,-1.324920133208157,1.3428239805862878,-1.3870620913642469,2.105010903384757,-1.1516412083284324,0.8719836464649717,-0.6188425873009207,0.37090501778196844,-0.13923520403271059
-1.0708047159882907,1.082388841935089,-1.094487814610438,1.1099105463697159,-1.1516412083284324,1.86705870049778,-0.9111560339154876,0.629147822821092,-0.3753465567586571,0.14078682794416808
0.8314412100678039,-0.8404003455201423,0.8495036101544434,-0.8590950560166172,0.8719836464649717,-0.9111560339154876,1.6240135163224398,-0.6657345628064623,0.3830540790443804,-0.1427318176437395
-0.5924053020309337,0.5987848083590546,-0.6052388337891044,0.6118100612800166,-0.6188425873009207,0.629147822821092,-0.6657345628064623,1.3761874932542457,-0.417188450201465,0.14778107927928674
0.3552913587132399,-0.35911704088106894,0.36298463256717034,-0.3668997350329902,0.37090501778196844,-0.3753465567586571,0.3830540790443804,-0.417188450201465,1.1265813643039975,-0.17812484924509922
-0.1333893883687146,0.13482566379742056,-0.13627748813242646,0.13774563156077846,-0.13923520403271059,0.14078682794416808,-0.1427318176437395,0.14778107927928674,-0.17812484924509922,0.8746513103842408
