0.9197442701946807,0.015763776752094276,0.03312995096544666,-0.013299455336647194,0.008718214456523685,-0.004988528982591988,0.0029408217164401222,-0.0017048369608106476,0.0009752999364374237,-0.00046170084160519645
0.015763776752094276,0.9197428114096358,0.01576625714456835,0.033125732201672024,-0.013292288913705513,0.00870597883439784,-0.00496806419260945,0.0029036845776841493,-0.0016577286561383607,0.0007851663963357406
0.03312995096544666,0.01576625714456835,0.9197385939636635,0.01577343036619853,0.033113547025683684,-0.013271484566076054,0.008671181918858262,-0.004904921790120694,0.0028235692713960998,-0.0013345544557007323
-0.013299455336647194,0.033125732201672024,0.01577343036619853,0.9197263934167246,0.015794155413391704,0.03307816170243658,-0.01321230279063414,0.008563770065281258,-0.00476877056519097,0.0022731282292354645
0.008718214456523685,-0.013292288913705513,0.033113547025683684,0.015794155413391704,0.9196911873814512,0.015854262155347038,0.032977613082546466,-0.013029954500945514,0.008331718093307582,-0.0038390276258662964
-0.004988528982591988,0.00870597883439784,-0.013271484566076054,0.03307816170243658,0.015854262155347038,0.9195885475325636,0.01602582156301896,0.032665507814128,-0.012639057751149887,0.006707977370928882
0.0029408217164401222,-0.00496806419260945,0.008671181918858262,-0.01321230279063414,0.032977613082546466,0.01602582156301896,0.9193008345233209,0.01654256067951732,0.031975515025165456,-0.010171521355347164
-0.0017048369608106476,0.0029036845776841493,-0.004904921790120694,0.008563770065281258,-0.013029954500945514,0.032665507814128,0.01654256067951732,0.9183263285086919,0.017542261832259085,0.025766369348847566
0.0009752999364374237,-0.0016577286561383607,0.0028235692713960998,-0.00476877056519097,0.008331718093307582,-0.012639057751149887,0.031975515025165456,0.017542261832259085,0.9154357674290594,0.014290129788272831
-0.00046170084160519645,0.0007851663963357406,-0.0013345544557007323,0.0022731282292354645,-0.0038390276258662964,0.006707977370928882,-0.010171521355347164,0.025766369348847566,0.014290129788272831,0.8262336954698034
