4.109160887824214,-1.3022685785674897,-0.07488388882777432,0.3352897713500479,-0.14743902814626855,-0.004421514900065658,0.03581159157561249,-0.016469917225937172,0.0003597138460720935,0.0021336652364436597
-1.3022685785674897,4.109161026220669,-1.3022735989549465,-0.0748737406979255,0.3352899372032381,-0.14748365048737977,-0.004326673677374017,0.035803123514752705,-0.01686548852274854,0.0012438210168785784
-0.07488388882777432,-1.3022735989549465,4.109143886950303,-1.302214993497377,-0.07492448890653035,0.33514297846313834,-0.14694755006235583,-0.004833755653526081,0.0345505841626552,-0.011971066915912744
0.3352897713500479,-0.0748737406979255,-1.302214993497377,4.108974108407677,-1.302107032913002,-0.07441511012036568,0.3335811411746026,-0.1458246279097788,-0.0004257546402434499,0.020211965197587528
-0.14743902814626855,0.3352899372032381,-0.07492448890653035,-1.302107032913002,4.108964265124104,-1.3025568869381203,-0.0734087503949168,0.33338819537152253,-0.1498012492446804,0.008932358590081013
-0.004421514900065658,-0.14748365048737977,0.33514297846313834,-0.07441511012036568,-1.3025568869381203,4.107705726914747,-1.2978992519518915,-0.07789382854601656,0.3226765243035731,-0.10729642427869371
0.03581159157561249,-0.004326673677374017,-0.14694755006235583,0.3335811411746026,-0.0734087503949168,-1.2978992519518915,4.093340940342004,-1.2874522106833792,-0.03760694241596516,0.1908257627588168
-0.016469917225937172,0.035803123514752705,-0.004833755653526081,-0.1458246279097788,0.33338819537152253,-0.07789382854601656,-1.2874522106833792,4.090531562840605,-1.3270065798612878,0.05935879297226946
0.0003597138460720935,-0.01686548852274854,0.0345505841626552,-0.0004257546402434499,-0.1498012492446804,0.3226765243035731,-0.03760694241596516,-1.3270065798612878,3.9995071410575562,-0.9595255851779703
0.0021336652364436597,0.0012438210168785784,-0.011971066915912744,0.020211965197587528,0.008932358590081013,-0.10729642427869371,0.1908257627588168,0.05935879297226946,-0.9595255851779703,2.7895235017691524
