11.581147384078863,4.6003708470947835,8.091713697850304,3.9086122688164116,5.737955172637992,2.876472346166406,3.6552347683487945,1.6385658135109509,1.7341826721323237,0.2812422792233401
4.6003708470947835,10.755083103931117,3.9002165762927716,7.20991961317938,3.2353083934393103,4.777637209022668,2.2578518574418207,2.579946460552686,1.119764320347769,0.4854857116034277
8.091713697850304,3.9002165762927716,10.090679192718932,3.1710602671852453,6.543346954468058,2.4694351036552082,4.1177106387393145,1.443081410608079,1.9411243989221565,0.2367277401984468
3.9086122688164116,7.20991961317938,3.1710602671852453,9.144710977778901,2.4769699910514866,5.5058912091191985,1.8439178213214147,2.9450547710902946,0.9404318972776246,0.563138287555477
5.737955172637992,3.2353083934393103,6.543346954468058,2.4769699910514866,8.466341733895874,1.7591952956639365,4.818445745334233,1.0980351741182275,2.2531658774275845,0.1595657899750299
2.876472346166406,4.777637209022668,2.4694351036552082,5.5058912091191985,1.7591952956639365,7.317388874376167,1.131884296968442,3.5029517065140117,0.6297786740043514,0.6827640597250475
3.6552347683487945,2.2578518574418207,4.1177106387393145,1.8439178213214147,4.818445745334233,1.131884296968442,6.595036252591725,0.5112364023371438,2.734023587582117,0.029660670228321046
1.6385658135109509,2.579946460552686,1.443081410608079,2.9450547710902946,1.0980351741182275,3.5029517065140117,0.5112364023371438,5.063787217776989,0.106975818233051,0.8698857938830206
1.7341826721323237,1.119764320347769,1.9411243989221565,0.9404318972776246,2.2531658774275845,0.6297786740043514,2.734023587582117,0.106975818233051,4.179404271912768,-0.18537258864177927
0.2812422792233401,0.4854857116034277,0.2367277401984468,0.563138287555477,0.1595657899750299,0.6827640597250475,0.029660670228321046,0.8698857938830206,-0.18537258864177927,1.8586763488905342
