1.9405988772441154,-1.3574156170685412,1.2009108871761283,-1.0367786125981464,0.8838068954442382,-0.7324019113344382,0.5853171588781602,-0.44164329933059193,0.2977356128487664,-0.16079443044132813
-1.3574156170685412,1.8662922853146842,-1.277745881880569,1.1155875645918707,-0.945194309068874,0.7859426208374989,-0.6268883980542179,0.4735659510493301,-0.3190222129694726,0.17239579696722943
1.2009108871761283,-1.277745881880569,1.7808722995802395,-1.1862642927108127,1.0173930232715191,-0.8402667023379649,0.6728133246478808,-0.5070719635789547,0.34209345550182224,-0.18463825870106598
-1.0367786125981464,1.1155875645918707,-1.1862642927108127,1.6828988805929335,-1.081101721168913,0.9050192305607325,-0.7191099740394672,0.54449328288333,-0.3662722121098603,0.19816817795464986
0.8838068954442382,-0.945194309068874,1.0173930232715191,-1.081101721168913,1.5700192582451362,-0.9604824879457281,0.7749709325626569,-0.5813762192463137,0.3933565919489951,-0.211796584517196
-0.7324019113344382,0.7859426208374989,-0.8402667023379649,0.9050192305607325,-0.9604824879457281,1.441128073679043,-0.821519183269052,0.6277877238986306,-0.4198869537080562,0.22826546905993528
0.5853171588781602,-0.6268883980542179,0.6728133246478808,-0.7191099740394672,0.7749709325626569,-0.821519183269052,1.2912979036736725,-0.6628425814843935,0.45365279039951634,-0.24194135407390496
-0.44164329933059193,0.4735659510493301,-0.5070719635789547,0.54449328288333,-0.5813762192463137,0.6277877238986306,-0.6628425814843935,1.1232180414829678,-0.4784628570564239,0.26508283454900944
0.2977356128487664,-0.3190222129694726,0.34209345550182224,-0.3662722121098603,0.3933565919489951,-0.4198869537080562,0.45365279039951634,-0.4784628570564239,0.9207967731945893,-0.2717770220883158
-0.16079443044132813,0.17239579696722943,-0.18463825870106598,0.19816817795464986,-0.211796584517196,0.22826546905993528,-0.24194135407390496,0.26508283454900944,-0.2717770220883158,0.709057083556081
