1.4137457004555727,0.7208666808627396,0.4136578069678388,0.236572440698235,0.1353089716339263,0.07728981870085351,0.043982946851977955,0.024737672293717688,0.013405543999113301,0.006312481592442498
0.7208666808627396,1.4137192055364804,0.7208203821563189,0.41357690197202135,0.23643106317877316,0.13506191587221053,0.07685815398274012,0.04322800806057431,0.023425599527073532,0.011030784922850879
0.4136578069678388,0.7208203821563189,1.4136383005822606,0.7206790042326395,0.4133298509715938,0.2359993440955097,0.1343076007531068,0.07553893162889942,0.04093521860482387,0.019275812130891846
0.236572440698235,0.41357690197202135,0.7206790042326395,1.4133912487484581,0.7202472932475519,0.4125754404638967,0.23468121090387342,0.13200231652274866,0.07153238048126614,0.03368364729313708
0.1353089716339263,0.23643106317877316,0.4133298509715938,0.7202472932475519,1.4126368549367654,0.7189289978154523,0.41027206726754184,0.23065283926452018,0.12500106800482136,0.05886057482751042
0.07728981870085351,0.13506191587221053,0.2359993440955097,0.4125754404638967,0.7189289978154523,1.4103331472493437,0.7149038765337344,0.4032325327151989,0.2184181896716016,0.10285767408690061
0.043982946851977955,0.07685815398274012,0.1343076007531068,0.23468121090387342,0.41027206726754184,0.7149038765337344,1.4033003139574074,0.7026041086309966,0.38185616880764506,0.17972322500750623
0.024737672293717688,0.04322800806057431,0.07553893162889942,0.13200231652274866,0.23065283926452018,0.4032325327151989,0.7026041086309966,1.381789695669165,0.6652137371068828,0.31424247946672057
0.013405543999113301,0.023425599527073532,0.04093521860482387,0.07153238048126614,0.12500106800482136,0.2184181896716016,0.38185616880764506,0.6652137371068828,1.3168656852303051,0.5470151747302947
0.006312481592442498,0.011030784922850879,0.019275812130891846,0.03368364729313708,0.05886057482751042,0.10285767408690061,0.17972322500750623,0.31424247946672057,0.5470151747302947,1.110853189123892
