2.4637699237035147,-0.925692489765275,-0.6633994594491698,1.3422896887229787,-0.7571122515275361,-0.2653673560239307,0.7279809404759305,-0.42409904021184647,-0.06712275488090239,0.17463758516277997
-0.925692489765275,2.311704602575046,-0.8491324975502264,-0.5853424161182305,1.1689166983550698,-0.643017062071926,-0.20719701224649306,0.5364777756298089,-0.2674365146014008,-0.03809576157825398
-0.6633994594491698,-0.8491324975502264,2.19018505139788,-0.7930251493269238,-0.5171308260878819,1.0292031087581055,-0.5568712801118416,-0.15365283721921197,0.3808207903131007,-0.14693842952811395
1.3422896887229787,-0.5853424161182305,-0.7930251493269238,2.0404155029580933,-0.6820961944616267,-0.4810999349268785,0.8666149001849203,-0.40927510255632304,-0.14578246539397285,0.2105639598844865
-0.7571122515275361,1.1689166983550698,-0.5171308260878819,-0.6820961944616267,1.838363482413703,-0.5709281175064689,-0.38824014055103456,0.6384216035543862,-0.2483133857876468,-0.08162521610310686
-0.2653673560239307,-0.643017062071926,1.0292031087581055,-0.4810999349268785,-0.5709281175064689,1.6711848475752498,-0.5001198857769217,-0.2870624838854504,0.44474587734903875,-0.1361261300927507
0.7279809404759305,-0.20719701224649306,-0.5568712801118416,0.8666149001849203,-0.38824014055103456,-0.5001198857769217,1.4883438647514418,-0.3672207763063653,-0.24017245162378503,0.24567524102547272
-0.42409904021184647,0.5364777756298089,-0.15365283721921197,-0.40927510255632304,0.6384216035543862,-0.2870624838854504,-0.3672207763063653,1.2250236414707305,-0.20960051582519712,-0.13380681610822304
-0.06712275488090239,-0.2674365146014008,0.3808207903131007,-0.14578246539397285,-0.2483133857876468,0.44474587734903875,-0.24017245162378503,-0.20960051582519712,0.9925720683105894,-0.11447502309897661
0.17463758516277997,-0.03809576157825398,-0.14693842952811395,0.2105639598844865,-0.08162521610310686,-0.1361261300927507,0.24567524102547272,-0.13380681610822304,-0.11447502309897661,0.7670189030499084
