3.188022843725313,-2.0266637251012747,1.308737045849211,-0.8366162428604726,0.5385785741480876,-0.34025335007572416,0.2138028544438399,-0.12611610398028883,0.0657550209612208,-0.01665234917434092
-2.0266637251012747,3.1868589887963332,-2.024877060619393,1.305931562141331,-0.832298173870972,0.5318138937360459,-0.32982012829251456,0.19748777683401136,-0.1009129159643153,0.0263990055643213
1.308737045849211,-2.024877060619393,3.184087987469954,-2.020565201617924,1.2992415870976564,-0.8218916583012635,0.5156630504127537,-0.3047035097940199,0.15849783546725646,-0.04029112528200193
-0.8366162428604726,1.305931562141331,-2.020565201617924,3.177324425424733,-2.0101454336457123,1.282931319053148,-0.7967180475044213,0.4763226254607153,-0.24389697574598107,0.0635927964852658
0.5385785741480876,-0.832298173870972,1.2992415870976564,-2.0101454336457123,3.161171195454772,-1.9850001040905083,1.243931113850914,-0.7360331376645772,0.38216553470648973,-0.09743566010626306
-0.34025335007572416,0.5318138937360459,-0.8218916583012635,1.282931319053148,-1.9850001040905083,3.121835863717426,-1.924254840769216,1.1490479783699112,-0.5893122703231753,0.15325732349402327
0.2138028544438399,-0.32982012829251456,0.5156630504127537,-0.7967180475044213,1.243931113850914,-1.924254840769216,3.0276679038068033,-1.7776627705566508,0.9216891802811202,-0.23553257815251083
-0.12611610398028883,0.19748777683401136,-0.3047035097940199,0.4763226254607153,-0.7360331376645772,1.1490479783699112,-1.7776627705566508,2.798782887878242,-1.423608219338945,0.36947568114682644
0.0657550209612208,-0.1009129159643153,0.15849783546725646,-0.24389697574598107,0.38216553470648973,-0.5893122703231753,0.9216891802811202,-1.423608219338945,2.249826408405844,-0.569176921569183
-0.01665234917434092,0.0263990055643213,-0.04029112528200193,0.0635927964852658,-0.09743566010626306,0.15325732349402327,-0.23553257815251083,0.36947568114682644,-0.569176921569183,0.9175012687538543
