6.440966258903461,3.36604975280597,2.439020606382137,1.5793985633037346,1.07034710259738,0.7058347436744239,0.46343374964477646,0.2934346030556968,0.17125402481610275,0.07728023131588034
3.36604975280597,6.438630427134172,3.362568376923376,2.4338329649816743,1.5716647214780664,1.0588298385429287,0.6886406374511389,0.4379096745181364,0.2550522778697235,0.11521968712258483
2.439020606382137,3.362568376923376,6.433441701706014,3.3548366097736717,2.4223062306332173,1.5544992656277432,1.0332028844857575,0.6506005615208705,0.38069837875212204,0.17155581872883308
1.5793985633037346,2.4338329649816743,3.3548366097736717,6.421920467014675,3.337660628356078,2.3967273227376507,1.5163138361901312,0.97651353003633,0.5653677504738988,0.2562167369264925
1.07034710259738,1.5716647214780664,2.4223062306332173,3.337660628356078,6.396313657407238,3.299528598855761,2.3397942130633615,1.4318184550581272,0.8493838947240477,0.3800008761157777
0.7058347436744239,1.0588298385429287,1.5544992656277432,2.3967273227376507,3.299528598855761,6.339522103016948,3.2147623008952704,2.2139012344924764,1.2427103370972457,0.5726103859962617
0.46343374964477646,0.6886406374511389,1.0332028844857575,1.5163138361901312,2.3397942130633615,3.2147623008952704,6.21291096426575,3.02702864012806,1.930853727343071,0.8319838345137205
0.2934346030556968,0.4379096745181364,0.6506005615208705,0.97651353003633,1.4318184550581272,2.2139012344924764,3.02702864012806,5.933506938518196,2.609329028536184,1.312756055491946
0.17125402481610275,0.2550522778697235,0.38069837875212204,0.5653677504738988,0.8493838947240477,1.2427103370972457,1.930853727343071,2.609329028536184,5.296924592788536,1.708519432463044
0.07728023131588034,0.11521968712258483,0.17155581872883308,0.2562167369264925,0.3800008761157777,0.5726103859962617,0.8319838345137205,1.312756055491946,1.708519432463044,3.8851181876703107
