4.879465252727203,-0.750209208711595,2.4768400972706193,-0.5400992426586931,1.3846372507985814,-0.347835918954975,0.7414339200967762,-0.18321135404761357,0.33616987440468493,-0.03503454793652234
-0.750209208711595,4.8540286343872365,-0.7386321032297576,2.432538076120456,-0.5238993053440383,1.3070755922339243,-0.32674817406069634,0.6049043865799268,-0.15937252631885018,0.09449229110302794
2.4768400972706193,-0.7386321032297576,4.847202651441932,-0.7186267691583705,2.4223654316581342,-0.489165149041294,1.2924151193143778,-0.26613637562875825,0.5848478921967786,-0.05304256931112076
-0.5400992426586931,2.432538076120456,-0.7186267691583705,4.7700274009708155,-0.6906962002093562,2.2872215838274537,-0.4529514772746451,1.054471541797546,-0.22555202530253687,0.1635546878491732
1.3846372507985814,-0.5238993053440383,2.4223654316581342,-0.6906962002093562,4.754676077297288,-0.6423185403387224,2.2646876516859464,-0.3687462388659924,1.0227339864704723,-0.07822598212042634
-0.347835918954975,1.3070755922339243,-0.489165149041294,2.2872215838274537,-0.6423185403387224,4.517967657046195,-0.5798610357212397,1.8478238052423777,-0.2994090471725114,0.2844726903606991
0.7414339200967762,-0.32674817406069634,1.2924151193143778,-0.4529514772746451,2.2646876516859464,-0.5798610357212397,4.4840217904994875,-0.47164153659631236,1.7981215560161106,-0.11097259490597339
-0.18321135404761357,0.6049043865799268,-0.26613637562875825,1.054471541797546,-0.3687462388659924,1.8478238052423777,-0.47164153659631236,3.7497086867195724,-0.3527219289679655,0.497334236289213
0.33616987440468493,-0.15937252631885018,0.5848478921967786,-0.22555202530253687,1.0227339864704723,-0.2994090471725114,1.7981215560161106,-0.3527219289679655,3.6729224501983193,-0.1479051476618788
-0.03503454793652234,0.09449229110302794,-0.05304256931112076,0.1635546878491732,-0.07822598212042634,0.2844726903606991,-0.11097259490597339,0.497334236289213,-0.1479051476618788,1.3680701950740342
