0.9288867246420005,0.1987926540988489,0.14473405812296214,0.11466337817344466,0.0931249323140044,0.07528205429381558,0.05944039416077461,0.04477397644692143,0.03045617807685072,0.014750206397720716
0.1987926540988489,0.925676468024037,0.19509451245605697,0.14047285803462486,0.10974992440143452,0.08744767393405517,0.06868272283197219,0.05163605697092373,0.035098681322297806,0.0169937270196382
0.14473405812296214,0.19509451245605697,0.9214162936868642,0.19018570639114746,0.13481266604543543,0.10320983110470315,0.07984531953473215,0.059692046476905125,0.04048946125107687,0.019587277585442132
0.11466337817344466,0.14047285803462486,0.19018570639114746,0.9157600941972613,0.1836637032212639,0.1272767386319354,0.09444972563070068,0.0694848951941614,0.046845363238930085,0.0226063414018476
0.0931249323140044,0.10974992440143452,0.13481266604543543,0.1836637032212639,0.9082397066666321,0.174974009389452,0.11717486599732516,0.08250048631412993,0.054661765931148784,0.026191006867190565
0.07528205429381558,0.08744767393405517,0.10320983110470315,0.1272767386319354,0.174974009389452,0.8981983194383205,0.16329883113379323,0.1033580895565405,0.06533922320875053,0.03068221707269537
0.05944039416077461,0.06868272283197219,0.07984531953473215,0.09444972563070068,0.11717486599732516,0.16329883113379323,0.8846169684769617,0.1472042874340625,0.08329553671651967,0.0370795329149677
0.04477397644692143,0.05163605697092373,0.059692046476905125,0.0694848951941614,0.08250048631412993,0.1033580895565405,0.1472042874340625,0.8654707549616591,0.12309655614751913,0.04858495039459042
0.03045617807685072,0.035098681322297806,0.04048946125107687,0.046845363238930085,0.054661765931148784,0.06533922320875053,0.08329553671651967,0.12309655614751913,0.8343268079010063,0.07581624257383537
0.014750206397720716,0.0169937270196382,0.019587277585442132,0.0226063414018476,0.026191006867190565,0.03068221707269537,0.0370795329149677,0.04858495039459042,0.07581624257383537,0.755201333424687
