2.3130335533233497,0.6739082081577632,0.31820943303135424,0.1433382619334723,0.06501035656367303,0.02944828180674308,0.01332679617376754,0.005998388057943371,0.0026300783746913033,0.0009679846704481446
0.6739082081577632,2.313032774662198,0.6739064898928451,0.3182056413439626,0.14332989493617238,0.0649918918566241,0.02940755553025745,0.013236633740742208,0.005803770231437451,0.002136044187561706
0.31820943303135424,0.6739064898928451,2.3130289829816695,0.6738981228086433,0.31818717796244117,0.14328914902473475,0.064902021530024,0.029208594857653515,0.01280717226303954,0.004713588928072597
0.1433382619334723,0.3182056413439626,0.6738981228086433,2.3130105193749615,0.6738573797484876,0.3180972641448087,0.14309083258191677,0.06446297593619793,0.028260903885595486,0.010401478290151762
0.06501035656367303,0.14332989493617238,0.31818717796244117,0.6738573797484876,2.3129206129457724,0.6736589697540886,0.3176596455072865,0.14212200420052748,0.062371740235808736,0.022952272842079884
0.02944828180674308,0.0649918918566241,0.14328914902473475,0.3180972641448087,0.6736589697540886,2.3124827518907787,0.6726932108334811,0.3155215908610003,0.1375068991053425,0.050657307667591106
0.01332679617376754,0.02940755553025745,0.064902021530024,0.14309083258191677,0.3176596455072865,0.6726932108334811,2.3103526510483174,0.6679773956339372,0.3053433046267182,0.11165555061927998
0.005998388057943371,0.013236633740742208,0.029208594857653515,0.06446297593619793,0.14212200420052748,0.3155215908610003,0.6679773956339372,2.2999133976702346,0.6454303816354833,0.2483152442534552
0.0026300783746913033,0.005803770231437451,0.01280717226303954,0.028260903885595486,0.062371740235808736,0.1375068991053425,0.3053433046267182,0.6454303816354833,2.2514477624764826,0.5193208259677873
0.0009679846704481446,0.002136044187561706,0.004713588928072597,0.010401478290151762,0.022952272842079884,0.050657307667591106,0.11165555061927998,0.2483152442534552,0.5193208259677873,1.9771207149167918
