2.737726413692794,-1.2244389164521954,0.1702592107809521,0.39655424775880416,-0.47823030143196843,0.2970726731318138,-0.07866801351905503,-0.0518734315691841,0.07554612818762547,-0.03744342227634288
-1.2244389164521954,2.7363717904261446,-1.2230967185154282,0.1702479593880759,0.39369951820226745,-0.4720017917496175,0.28965959090144866,-0.07591760243453885,-0.041949091927455454,0.048076922490207834
0.1702592107809521,-1.2230967185154282,2.7339303927567666,-1.220669849182841,0.1702105867838624,0.3885748033949372,-0.46078373853584376,0.2762718042679545,-0.07088516484829507,-0.024167942098966038
0.39655424775880416,0.1702479593880759,-1.220669849182841,2.7286800515175362,-1.2144648717745308,0.16798753641205455,0.38009585196903,-0.43758714628154455,0.24404551863323623,-0.050605230663045765
-0.47823030143196843,0.39369951820226745,0.1702105867838624,-1.2144648717745308,2.7152745294350966,-1.1986402120410469,0.16235127523313186,0.3583996336883065,-0.37834282156483484,0.16182698876661875
0.2970726731318138,-0.4720017917496175,0.3885748033949372,0.16798753641205455,-1.1986402120410469,2.685650463549449,-1.1682021353961334,0.15974551213462432,0.29876941933659734,-0.24315481318947463
-0.07866801351905503,0.28965959090144866,-0.46078373853584376,0.38009585196903,0.16235127523313186,-1.1682021353961334,2.631587849985503,-1.1159977466689908,0.16225732279649913,0.18132537071859356
-0.0518734315691841,-0.07591760243453885,0.2762718042679545,-0.43758714628154455,0.3583996336883065,0.15974551213462432,-1.1159977466689908,2.523718260923866,-0.99354254156842,0.12751106427181313
0.07554612818762547,-0.041949091927455454,-0.07088516484829507,0.24404551863323623,-0.37834282156483484,0.29876941933659734,0.16225732279649913,-0.99354254156842,2.2521900521881943,-0.6660939637050719
-0.03744342227634288,0.048076922490207834,-0.024167942098966038,-0.050605230663045765,0.16182698876661875,-0.24315481318947463,0.18132537071859356,0.12751106427181313,-0.6660939637050719,1.615059314756211
