0.8927860853313881,0.4865132358148363,0.2715648266897959,0.15908250942547975,0.08926193050550249,0.051864490484398784,0.02898629398994486,0.01633033136614357,0.008392407414860584,0.0033404453432452543
0.4865132358148363,0.8927552482107981,0.48646003012581784,0.2714707088085447,0.15892070828540694,0.08897452456103422,0.051372746641510585,0.02810805336727273,0.014837037225868044,0.005706352474953548
0.2715648266897959,0.48646003012581784,0.8926632867931619,0.48629768215633185,0.27119096675082044,0.15842511283466376,0.08812400461590078,0.04985898255629041,0.02552392356922703,0.010209862113972698
0.15908250942547975,0.2714707088085447,0.48629768215633185,0.892376019512015,0.4858039949286069,0.2703137028070258,0.15692478937020915,0.08544314038169504,0.045303239629978696,0.017323976223249403
0.08926193050550249,0.15892070828540694,0.27119096675082044,0.4858039949286069,0.8915250156855556,0.4842970125043389,0.2677261647776915,0.15232214387921134,0.07758075877977771,0.03123550673374195
0.051864490484398784,0.08897452456103422,0.15842511283466376,0.2703137028070258,0.4842970125043389,0.8888458400099054,0.4797176042059408,0.2595381108398583,0.13841808278150974,0.052533368538531466
0.02898629398994486,0.051372746641510585,0.08812400461590078,0.15692478937020915,0.2677261647776915,0.4797176042059408,0.8809775659921348,0.4657324542993191,0.2356271910093291,0.09567857966982785
0.01633033136614357,0.02810805336727273,0.04985898255629041,0.08544314038169504,0.15232214387921134,0.2595381108398583,0.4657324542993191,0.8559507380017353,0.42327591974779677,0.15905924469265706
0.008392407414860584,0.014837037225868044,0.02552392356922703,0.045303239629978696,0.07758075877977771,0.13841808278150974,0.2356271910093291,0.42327591974779677,0.783276879284502,0.29354745932809295
0.0033404453432452543,0.005706352474953548,0.010209862113972698,0.017323976223249403,0.03123550673374195,0.052533368538531466,0.09567857966982785,0.15905924469265706,0.29354745932809295,0.5489805240719627
