4.228813435019344,-0.5394411578834554,0.08346145252429932,-0.012963053985791612,0.0020106548042429988,-0.00031201513677054586,4.8410724538667824e-05,-7.5122799300156454e-06,1.1700285193766328e-06,-2.0970026594997952e-07
-0.5394411578834554,4.228813435019406,-0.5394411578838516,0.08346145252685261,-0.012963054002248387,0.002010654910287043,-0.00031201582054664285,4.8415125302312407e-05,-7.540754206724733e-06,1.3514939887286543e-06
0.08346145252429932,-0.5394411578838516,4.228813435021959,-0.5394411579003076,0.08346145263291563,-0.012963054685696447,0.002010659317186678,-0.0003120441832261107,4.85986404869483e-05,-8.710288711594016e-06
-0.012963053985791612,0.08346145252685261,-0.5394411579003076,4.228813435128013,-0.5394411585838583,0.08346145703757477,-0.012963083087107351,0.0020108421078898707,-0.00031322689410797066,5.613601974994086e-05
0.0020106548042429988,-0.012963054002248387,0.08346145263291563,-0.5394411585838583,4.228813439533694,-0.5394411869731444,0.08346164009281784,-0.012964261224937134,0.0020184650272658594,-0.0003618072838593031
-0.00031201513677054586,0.002010654910287043,-0.012963054685696447,0.08346145703757477,-0.5394411869731444,4.228813622468381,-0.5394423665425757,0.0834692317777545,-0.013013381558664676,0.002331510169224165
4.8410724538667824e-05,-0.00031201582054664285,0.002010659317186678,-0.012963083087107351,0.08346164009281784,-0.5394423665425757,4.228821228387276,-0.5394913178459401,0.08378596479535422,-0.015031850040553737
-7.5122799300156454e-06,4.8415125302312407e-05,-0.0003120441832261107,0.0020108421078898707,-0.012964261224937134,0.0834692317777545,-0.5394913178459401,4.229136280789939,-0.5415297438801978,0.09677784570579731
1.1700285193766328e-06,-7.540754206724733e-06,4.85986404869483e-05,-0.00031322689410797066,0.0020184650272658594,-0.013013381558664676,0.08378596479535422,-0.5415297438801978,4.242326593272123,-0.6255714399616294
-2.0970026594997952e-07,1.3514939887286543e-06,-8.710288711594016e-06,5.613601974994086e-05,-0.0003618072838593031,0.002331510169224165,-0.015031850040553737,0.09677784570579731,-0.6255714399616294,4.778280891076079
