2.8348365266218463,1.3327513137074232,0.7048634729741112,0.38890136656551355,0.2085992924985373,0.11389562982881146,0.06130937748898849,0.03295143143580065,0.017295178466812163,0.007757922947370207
1.3327513137074232,2.834818695570543,1.3327193394132495,0.7048020506896808,0.3887950921464775,0.20838405345047795,0.11355289144346659,0.060527048113056856,0.03192952370877566,0.01423984060301156
0.7048634729741112,1.3327193394132495,2.8347614097288067,1.332609151008289,0.7046117823435687,0.38840860251241605,0.20777150737965616,0.11214538755559994,0.058709497251431285,0.026412751755437034
0.38890136656551355,0.7048020506896808,1.332609151008289,2.8345498741735664,1.3322427848385976,0.7038708512860247,0.38722604238053343,0.20508102841940318,0.10861112927346012,0.04822078877915141
0.2085992924985373,0.3887950921464775,0.7046117823435687,1.3322427848385976,2.8339182868728487,1.3309567614275726,0.701840454082804,0.3825352526886518,0.1990804141380118,0.09017168960156789
0.11389562982881146,0.20838405345047795,0.38840860251241605,0.7038708512860247,1.3309567614275726,2.8313257069645545,1.3267979204068574,0.6924460790736888,0.3700420323099687,0.16260127967751553
0.06130937748898849,0.11355289144346659,0.20777150737965616,0.38722604238053343,0.701840454082804,1.3267979204068574,2.8248217520677334,1.3115697259281685,0.6734157102461397,0.309754336015466
0.03295143143580065,0.060527048113056856,0.11214538755559994,0.20508102841940318,0.3825352526886518,0.6924460790736888,1.3115697259281685,2.7909305055394746,1.2653436933488882,0.5429064232652654
0.017295178466812163,0.03192952370877566,0.058709497251431285,0.10861112927346012,0.1990804141380118,0.3700420323099687,0.6734157102461397,1.2653436933488882,2.7368273039909905,1.0788695681881006
0.007757922947370207,0.01423984060301156,0.026412751755437034,0.04822078877915141,0.09017168960156789,0.16260127967751553,0.309754336015466,0.5429064232652654,1.0788695681881006,2.2422692140049034
