1.130260860205069,-0.12924587480395905,0.19704615148601373,-0.018568027077163228,0.07525556398386807,0.004582969383074464,0.029964517399172413,0.005306971543405793,0.011185963666920122,0.0006659454853658796
-0.12924587480395905,1.1300057807381945,-0.12952458392738583,0.1965283215395968,-0.019042941984771335,0.07416560661124849,0.003862172705914408,0.027551508567304876,0.004536278058179406,0.005492368829031764
0.19704615148601373,-0.12952458392738583,1.1296693229302344,-0.13007677886753527,0.19592392973314562,-0.02016349342598222,0.07313471924802162,0.0015049375477499437,0.025983179252520028,-0.0006782653158710661
-0.018568027077163228,0.1965283215395968,-0.13007677886753527,1.1286122934564662,-0.13100446797632107,0.19368125059710284,-0.021523088784349234,0.0681171267617412,0.0002498144465720671,0.0139959169147973
0.07525556398386807,-0.019042941984771335,0.19592392973314562,-0.13100446797632107,1.1274992302560207,-0.13284537626954684,0.19168784146107898,-0.02526795124486428,0.06473794750222794,-0.0076561557736231165
0.004582969383074464,0.07416560661124849,-0.02016349342598222,0.19368125059710284,-0.13284537626954684,1.122686718216963,-0.135389059949585,0.18076142088409355,-0.02696045436130998,0.03819080047543115
0.029964517399172413,0.003862172705914408,0.07313471924802162,-0.021523088784349234,0.19168784146107898,-0.135389059949585,1.1187957341343215,-0.14007926031904844,0.17304939227011593,-0.03537947365075342
0.005306971543405793,0.027551508567304876,0.0015049375477499437,0.0681171267617412,-0.02526795124486428,0.18076142088409355,-0.14007926031904844,1.0935258623452409,-0.14101713777781258,0.11038476959883188
0.011185963666920122,0.004536278058179406,0.025983179252520028,0.0002498144465720671,0.06473794750222794,-0.02696045436130998,0.17304939227011593,-0.14101713777781258,1.0746791118428487,-0.13532740596045198
0.0006659454853658796,0.005492368829031764,-0.0006782653158710661,0.0139959169147973,-0.0076561557736231165,0.03819080047543115,-0.03537947365075342,0.11038476959883188,-0.13532740596045198,0.9158671160516847
