2.639676271618642,0.5625349257662595,0.5368957588974246,0.3025408884560599,0.20150519377605264,0.1258482188649707,0.07956127151109466,0.048785290875349226,0.02821728704348398,0.013276673390049336
0.5625349257662595,2.639476096389097,0.562221295304965,0.5364043377655235,0.3017710308948194,0.20029851263843512,0.12395965974667943,0.07659298435514453,0.044176075824037035,0.02080988201839838
0.5368957588974246,0.562221295304965,2.638984706613396,0.5614513466381366,0.5351981410560458,0.29988042586957375,0.1973395643789992,0.11930897432660546,0.06937151157065227,0.032569629208008204
0.3025408884560599,0.5364043377655235,0.5614513466381366,2.6377782901834896,0.5595613800116227,0.5322357982923076,0.2952440766108187,0.19005265170405367,0.10799312054289835,0.05118863065187456
0.20150519377605264,0.3017710308948194,0.5351981410560458,0.5595613800116227,2.6348174870535574,0.5549205573396543,0.5249726717241409,0.2838277659021631,0.17232832381196533,0.07949440745184418
0.1258482188649707,0.20029851263843512,0.29988042586957375,0.5322357982923076,0.5549205573396543,2.6275435719015974,0.5435355929115996,0.5070816688700224,0.25603297860725527,0.12771965490250164
0.07956127151109466,0.12395965974667943,0.1973395643789992,0.2952440766108187,0.5249726717241409,0.5435355929115996,2.6097281672448087,0.5155211547012413,0.46364093144367846,0.18594634837186477
0.048785290875349226,0.07659298435514453,0.11930897432660546,0.19005265170405367,0.2838277659021631,0.5070816688700224,0.5155211547012413,2.5657576950961483,0.44697367117586617,0.3546943078919033
0.02821728704348398,0.044176075824037035,0.06937151157065227,0.10799312054289835,0.17232832381196533,0.25603297860725527,0.46364093144367846,0.44697367117586617,2.4605230499504875,0.27240474660240344
0.013276673390049336,0.02080988201839838,0.032569629208008204,0.05118863065187456,0.07949440745184418,0.12771965490250164,0.18594634837186477,0.3546943078919033,0.27240474660240344,2.2043187227704926
