0.8642708230383975,0.20038322743488385,-0.42477716806723653,-0.27791194900550303,0.153434481094617,0.22362093709743924,-0.0054196750783731505,-0.13082775751123507,-0.05092248669824192,0.044577134117842095
0.20038322743488385,0.8735416026277961,0.20031324041348306,-0.4399732290783088,-0.2868565493709582,0.1729422430244454,0.24987147974594437,-0.021658701822257164,-0.1834185665655731,-0.055729175830156026
-0.42477716806723653,0.20031324041348306,0.8594016179084576,0.19199821102081638,-0.42181645277017776,-0.26244050401890173,0.15781796428894151,0.20094395141458,-0.026103762928310535,-0.10608981229394479
-0.27791194900550303,-0.4399732290783088,0.19199821102081638,0.8792846932629697,0.2174433749871821,-0.43914909960244286,-0.31436676545149767,0.15519510905843378,0.2842608317981139,0.027852302899504914
0.153434481094617,-0.2868565493709582,-0.42181645277017776,0.2174433749871821,0.8647739149082591,0.16719934664361652,-0.4453818301509907,-0.23595171851837543,0.21212981600326558,0.19002201336720245
0.22362093709743924,0.1729422430244454,-0.26244050401890173,-0.43914909960244286,0.16719934664361652,0.8631539087433041,0.24836423030739402,-0.39434795098523573,-0.33820324443756133,0.06775167706342063
-0.0054196750783731505,0.24987147974594437,0.15781796428894151,-0.31436676545149767,-0.4453818301509907,0.24836423030739402,0.9217279076588759,0.1506076831724023,-0.5483717882970758,-0.2702270029770544
-0.13082775751123507,-0.021658701822257164,0.20094395141458,0.15519510905843378,-0.23595171851837543,-0.39434795098523573,0.1506076831724023,0.7800294124038474,0.22593157332968866,-0.27184279667140454
-0.05092248669824192,-0.1834185665655731,-0.026103762928310535,0.2842608317981139,0.21212981600326558,-0.33820324443756133,-0.5483717882970758,0.22593157332968866,1.0767058369427813,0.2796656699061626
0.044577134117842095,-0.055729175830156026,-0.10608981229394479,0.027852302899504914,0.19002201336720245,0.06775167706342063,-0.2702270029770544,-0.27184279667140454,0.2796656699061626,0.656715055445
