3.424112763790138,1.9349377972938477,1.3688691138994313,0.9578528519194658,0.6710414194629788,0.4648551977141022,0.31708357278796245,0.20817025299944,0.12504890766640286,0.05758224820763635
1.9349377972938477,3.4214608595877762,1.9311744936051924,1.3635312353509281,0.9502751880792503,0.6602998972224358,0.44959015256134016,0.2954851801747573,0.17737739962325388,0.08172286517919125
1.3688691138994313,1.9311744936051924,3.416120368273681,1.923599544005201,1.352777782591541,0.9350320015137688,0.6386371946768569,0.4189403289305772,0.25178630054166495,0.11589577068137236
0.9578528519194658,1.3635312353509281,1.923599544005201,3.4053760263772093,1.9083468927289648,1.3311566824468932,0.9043059557401381,0.5951625674526828,0.3569599470935485,0.16457536812678533
0.6710414194629788,0.9502751880792503,1.352777782591541,1.9083468927289648,3.383723156132973,1.8776538509425584,1.2875369852734715,0.8425913648706956,0.5071696540739075,0.23316802585623536
0.4648551977141022,0.6602998972224358,0.9350320015137688,1.3311566824468932,1.8776538509425584,3.340214243112191,1.8158241732837854,1.2000499390971575,0.7178726153418589,0.3316599032803216
0.31708357278796245,0.44959015256134016,0.6386371946768569,0.9043059557401381,1.2875369852734715,1.8158241732837854,3.2523408862653103,1.6915067379655149,1.0227762004628522,0.4685293136990669
0.20817025299944,0.2954851801747573,0.4189403289305772,0.5951625674526828,0.8425913648706956,1.2000499390971575,1.6915067379655149,3.076414235013433,1.440764030739001,0.6697909714284369
0.12504890766640286,0.17737739962325388,0.25178630054166495,0.3569599470935485,0.5071696540739075,0.7178726153418589,1.0227762004628522,1.440764030739001,2.7187316353026274,0.9379841651981056
0.05758224820763635,0.08172286517919125,0.11589577068137236,0.16457536812678533,0.23316802585623536,0.3316599032803216,0.4685293136990669,0.6697909714284369,0.9379841651981056,2.0101588097419287
