3.8318557438437635,2.095834093834401,1.4255378611428373,0.9688809633721798,0.6551840272745728,0.4423898717901395,0.2910739285792164,0.189894173703757,0.10768728572544545,0.05466845841033671
2.095834093834401,3.8286120002630435,2.093512859503329,1.4187667200590648,0.9635700348499379,0.6410072324212517,0.430358415885656,0.2613087873474544,0.16285210517726528,0.04503110429073451
1.4255378611428373,2.093512859503329,3.825847448897967,2.088566891995602,1.412725543746956,0.9530177007699773,0.6278291769709063,0.407818440009394,0.23260613579734063,0.11465583832774653
0.9688809633721798,1.4187667200590648,2.088566891995602,3.811703898412417,2.077276511121251,1.3830951360016677,0.9274865530214209,0.5655830920063687,0.3505177622326864,0.10150871340410941
0.6551840272745728,0.9635700348499379,1.412725543746956,2.077276511121251,3.7984586141401175,2.053237887365795,1.354120018040529,0.8762348084841989,0.5023192806557998,0.24111059383475908
0.4423898717901395,0.6410072324212517,0.9530177007699773,1.3830951360016677,2.053237887365795,3.7363484834681215,1.998967868259928,1.2235735941190198,0.754595112201578,0.22724002424118978
0.2910739285792164,0.430358415885656,0.6278291769709063,0.9274865530214209,1.354120018040529,1.998967868259928,3.6728097369167965,1.8834319139699611,1.0845574089673755,0.5082881306045128
0.189894173703757,0.2613087873474544,0.407818440009394,0.5655830920063687,0.8762348084841989,1.2235735941190198,1.8834319139699611,3.3982864715135905,1.6247815668289138,0.5058389297856527
0.10768728572544545,0.16285210517726528,0.23260613579734063,0.3505177622326864,0.5023192806557998,0.754595112201578,1.0845574089673755,1.6247815668289138,3.093598812664012,1.0739687397972024
0.05466845841033671,0.04503110429073451,0.11465583832774653,0.10150871340410941,0.24111059383475908,0.22724002424118978,0.5082881306045128,0.5058389297856527,1.0739687397972024,1.8731047738663646
