1.2877833886632377,-0.12461403727628413,0.04264369459961905,-0.025255490310018083,0.016394543637481707,-0.010744013224232105,0.007031616696213614,-0.0045755430910326845,0.0029297632541526886,-0.0017121026827016006
-0.12461403727628413,1.2877776794146831,-0.12460535278230186,0.042630484362639685,-0.025235395608315038,0.016363973467003568,-0.010697461424538427,0.0069600869144733814,-0.004456549652136708,0.002604326299740166
0.04264369459961905,-0.12460535278230186,1.287764469193582,-0.12458525832986116,0.04259991776278865,-0.025188894486662863,0.01629316225239715,-0.010588655518142354,0.006779082731280254,-0.0039615184411956215
-0.025255490310018083,0.042630484362639685,-0.12458525832986116,1.2877339029361514,-0.12453876258370174,0.04252918355091675,-0.025081181482902996,0.016127654404332576,-0.010313324611212071,0.006026073957129915
0.016394543637481707,-0.025235395608315038,0.04259991776278865,-0.12453876258370174,1.2876631761087851,-0.12443116550569638,0.0423653363134252,-0.024829419682763913,0.015708833475848376,-0.009167854618007686
-0.010744013224232105,0.016363973467003568,-0.025188894486662863,0.04252918355091675,-0.12443116550569638,1.2874994881226274,-0.12418190371461339,0.04198232745697549,-0.024192231741895557,0.013965748410048313
0.007031616696213614,-0.010697461424538427,0.01629316225239715,-0.025081181482902996,0.0423653363134252,-0.12418190371461339,1.2871199136175737,-0.12359862998208349,0.04101155139861276,-0.021531142698021817
-0.0045755430910326845,0.0069600869144733814,-0.010588655518142354,0.016127654404332576,-0.024829419682763913,0.04198232745697549,-0.12359862998208349,1.2862232014255885,-0.12210023347073168,0.036827096151330965
0.0029297632541526886,-0.004456549652136708,0.006779082731280254,-0.010313324611212071,0.015708833475848376,-0.024192231741895557,0.04101155139861276,-0.12210023347073168,1.2836359782813263,-0.11379850620628543
-0.0017121026827016006,0.002604326299740166,-0.0039615184411956215,0.006026073957129915,-0.009167854618007686,0.013965748410048313,-0.021531142698021817,0.036827096151330965,-0.11379850620628543,1.243551518908678
