1.0683448532504098,-0.5321335693871442,0.2746450524347931,-0.1470297945900002,0.07721594580181922,-0.04109687623021913,0.021999585673903303,-0.012055639464283306,0.007889577784990515,-0.004536451476925562
-0.5321335693871442,1.0683673895825387,-0.5321770420260044,0.2747245247161627,-0.14718992267134248,0.07748557576178197,-0.04172264125204253,0.022786012525839817,-0.01491695071339642,0.008570998809945824
0.2746450524347931,-0.5321770420260044,1.0684512360883305,-0.5323303634174624,0.2750333019200224,-0.1477103362128395,0.07869149657618932,-0.043243435825716346,0.028291901696983045,-0.016277201758871488
-0.1470297945900002,0.2747245247161627,-0.5323303634174624,1.0687314578750282,-0.5328952117776549,0.2759836652293057,-0.14991887681390123,0.08145888311491781,-0.05335472686915466,0.030623618960311967
0.07721594580181922,-0.14718992267134248,0.2750333019200224,-0.5328952117776549,1.0698682340819066,-0.534813677004922,0.28041935921254085,-0.15554048630068193,0.10166784615210898,-0.05860623148377872
-0.04109687623021913,0.07748557576178197,-0.1477103362128395,0.2759836652293057,-0.534813677004922,1.0730870042081848,-0.5423289303717148,0.2897374281316163,-0.1901011249233206,0.10871773496509918
0.021999585673903303,-0.04172264125204253,0.07869149657618932,-0.14991887681390123,0.28041935921254085,-0.5423289303717148,1.0903492856401074,-0.5645276538913925,0.36788426917758044,-0.2134132571517316
-0.012055639464283306,0.022786012525839817,-0.043243435825716346,0.08145888311491781,-0.15554048630068193,0.2897374281316163,-0.5645276538913925,1.1166354354123416,-0.6685397248072403,0.377630925330443
0.007889577784990515,-0.01491695071339642,0.028291901696983045,-0.05335472686915466,0.10166784615210898,-0.1901011249233206,0.36788426917758044,-0.6685397248072403,1.464934376645663,-0.8055572019669067
-0.004536451476925562,0.008570998809945824,-0.016277201758871488,0.030623618960311967,-0.05860623148377872,0.10871773496509918,-0.2134132571517316,0.377630925330443,-0.8055572019669067,1.3153499977467875
