1.4498480546330155,-0.17539224903751957,0.05253459468387603,-0.011192348749791761,0.004649149097216292,-0.00035154498176223907,0.0005817763125110336,7.814632251159623e-05,9.019078451745984e-05,-0.00016607530156261262
-0.17539224903751957,1.4498467601969436,-0.17539454428914228,0.052530340897395104,-0.011199539161024301,0.004634495581216128,-0.0003715279999272701,0.0005221298285264401,5.8853427633581256e-05,-0.0002714359125960211
0.05253459468387603,-0.17539454428914228,1.4498426914800993,-0.17540208916290695,0.052517602979620805,-0.01122555975063618,0.004599213497570181,-0.00047783097462920053,0.0004899641753133774,-0.000589892822620993
-0.011192348749791761,0.052530340897395104,-0.17540208916290695,1.4498287168636148,-0.1754257411124533,0.05246952021241627,-0.011291517604680723,0.004404236574948333,-0.0005451460650525825,-0.0006840103093453689
0.004649149097216292,-0.011199539161024301,0.052517602979620805,-0.1754257411124533,1.4497888981408393,-0.17550752703082456,0.05236008184237548,-0.011628432612088731,0.004318222765621825,-0.002631785934384603
-0.00035154498176223907,0.004634495581216128,-0.01122555975063618,0.05246952021241627,-0.17550752703082456,1.449624236594965,-0.17573867349028957,0.05170247012234555,-0.011913513481130318,0.00046984929859858514
0.0005817763125110336,-0.0003715279999272701,0.004599213497570181,-0.011291517604680723,0.05236008184237548,-0.17573867349028957,1.4493356450532806,-0.17673053602909405,0.05167370970302843,-0.018486394118570282
7.814632251159623e-05,0.0005221298285264401,-0.00047783097462920053,0.004404236574948333,-0.011628432612088731,0.05170247012234555,-0.17673053602909405,1.4468409653895407,-0.178580459431817,0.03854655047369993
9.019078451745984e-05,5.8853427633581256e-05,0.0004899641753133774,-0.0005451460650525825,0.004318222765621825,-0.011913513481130318,0.05167370970302843,-0.178580459431817,1.4501919232845322,-0.19736034666421817
-0.00016607530156261262,-0.0002714359125960211,-0.000589892822620993,-0.0006840103093453689,-0.002631785934384603,0.00046984929859858514,-0.018486394118570282,0.03854655047369993,-0.19736034666421817,1.398440730171598
