5.963886068154169,-3.8549809713575103,2.3990102531536124,-1.4141747362922545,0.7967381282162077,-0.43015472113569414,0.22156292260291788,-0.10677946484225394,0.045149770679576554,-0.01295510204446649
-3.8549809713575103,5.963618627822159,-3.8544485079587925,2.3979933559294637,-1.4123079380428838,0.7934477654538722,-0.42461337318821085,0.21273852327051174,-0.09377261849532217,0.028255150862612426
2.3990102531536124,-3.8544485079587925,5.9625537318795105,-3.8524064440848846,2.3942294569234814,-1.4056452389811396,0.7821708228285187,-0.4065395402649512,0.18584640148578477,-0.05824967163807133
-1.4141747362922545,2.3979933559294637,-3.8524064440848846,5.9586233928822985,-3.845135995276424,2.3813104836209913,-1.383683017462153,0.7467742805732155,-0.353446349291002,0.11471927145252968
0.7967381282162077,-1.4123079380428838,2.3942294569234814,-3.845135995276424,5.945127273532026,-3.821066345357773,2.340220048277596,-1.3171064797655794,0.6461572867938907,-0.21690724765952696
-0.43015472113569414,0.7934477654538722,-1.4056452389811396,2.3813104836209913,-3.821066345357773,5.9020355309426416,-3.74718210496991,2.2198589541291205,-1.1338126275820934,0.3942294770488858
0.22156292260291788,-0.42461337318821085,0.7821708228285187,-1.383683017462153,2.340220048277596,-3.74718210496991,5.774734719008292,-3.5385481185105467,1.8994666521016057,-0.6873690827360677
-0.10677946484225394,0.21273852327051174,-0.4065395402649512,0.7467742805732155,-1.3171064797655794,2.2198589541291205,-3.5385481185105467,5.430278304364323,-3.0042353167659237,1.1428767805705513
0.045149770679576554,-0.09377261849532217,0.18584640148578477,-0.353446349291002,0.6461572867938907,-1.1338126275820934,1.8994666521016057,-3.0042353167659237,4.590243898936507,-1.7896583762657605
-0.01295510204446649,0.028255150862612426,-0.05824967163807133,0.11471927145252968,-0.21690724765952696,0.3942294770488858,-0.6873690827360677,1.1428767805705513,-1.7896583762657605,2.778804403046026
