5.310910869115438,-0.30697710814720053,2.9365849257550387,0.11885656993255644,1.8688261322413855,0.24114332520772183,1.112713174125089,0.2051887042481068,0.526470917060297,0.0952913058152035
-0.30697710814720053,5.248577926902243,-0.36564855032039534,2.857534302786062,0.049503593053911076,1.7675020155602126,0.16083613452807421,0.9810181996737314,0.11524473901022955,0.3522397434799076
2.9365849257550387,-0.36564855032039534,5.15398147582184,-0.43170378551254585,2.7326913904252774,-0.02097389372484266,1.5991993433734222,0.09308649348059575,0.7483436191629792,0.06515445342655378
0.11885656993255644,2.857534302786062,-0.43170378551254585,5.051957808100163,-0.5070219262443298,2.598911237616901,-0.10315225586950139,1.4202600804225824,0.010417839625364585,0.5032206882056413
1.8688261322413855,0.049503593053911076,2.7326913904252774,-0.5070219262443298,4.884681985446018,-0.5820948408068,2.369297426510257,-0.1646414322349494,1.096260723689094,-0.011110146574150836
0.24114332520772183,1.7675020155602126,-0.02097389372484266,2.598911237616901,-0.5820948408068,4.704235441536901,-0.6540138859117033,2.119681685950522,-0.21725812433701996,0.7410190246898145
1.112713174125089,0.16083613452807421,1.5991993433734222,-0.10315225586950139,2.369297426510257,-0.6540138859117033,4.382448576327199,-0.6913208933438099,1.6552545564650614,-0.17350085576172342
0.2051887042481068,0.9810181996737314,0.09308649348059575,1.4202600804225824,-0.1646414322349494,2.119681685950522,-0.6913208933438099,4.023959228828184,-0.6700362416871776,1.1245239099528987
0.526470917060297,0.11524473901022955,0.7483436191629792,0.010417839625364585,1.096260723689094,-0.21725812433701996,1.6552545564650614,-0.6700362416871776,3.3377257588996105,-0.4932222196897338
0.0952913058152035,0.3522397434799076,0.06515445342655378,0.5032206882056413,-0.011110146574150836,0.7410190246898145,-0.17350085576172342,1.1245239099528987,-0.4932222196897338,2.521174891339219
