2.748458004700315,1.271571425015663,-0.2988499312109585,-1.294070432672458,-1.1648710684319206,-0.30790764457663894,0.45183390324706996,0.6069871835948446,0.2958325284720831,0.009407295775020686
1.271571425015663,2.599179430856129,1.1540802564478807,-0.2871763335339279,-1.1463670313027894,-0.9815566694132514,-0.23026354166576196,0.3488730103406931,0.3826985449965843,0.11335697399509684
-0.2988499312109585,1.1540802564478807,2.4394979808426527,1.07387952460464,-0.21420281738350117,-0.9590857361003703,-0.8145655430933079,-0.21885464459864795,0.1761822085148722,0.1401828519963118
-1.294070432672458,-0.2871763335339279,1.07387952460464,2.319697329353211,1.0047690170913548,-0.17134501621655895,-0.8243351647071654,-0.6835607344866449,-0.1962109689952836,0.05891834062390071
-1.1648710684319206,-1.1463670313027894,-0.21420281738350117,1.0047690170913548,2.145684485563349,0.8510792009712855,-0.1799900093242857,-0.662932293363825,-0.4591675032372133,-0.07934344184184837
-0.30790764457663894,-0.9815566694132514,-0.9590857361003703,-0.17134501621655895,0.8510792009712855,1.8930603472215723,0.6879870757212272,-0.11270259228575139,-0.38996088236411613,-0.17181071003384962
0.45183390324706996,-0.23026354166576196,-0.8145655430933079,-0.8243351647071654,-0.1799900093242857,0.6879870757212272,1.6858715975064487,0.5959021098316071,-0.002089600762456413,-0.13924891802026776
0.6069871835948446,0.3488730103406931,-0.21885464459864795,-0.6835607344866449,-0.662932293363825,-0.11270259228575139,0.5959021098316071,1.4876993195202908,0.43592620623723266,0.008084166033133396
0.2958325284720831,0.3826985449965843,0.1761822085148722,-0.1962109689952836,-0.4591675032372133,-0.38996088236411613,-0.002089600762456413,0.43592620623723266,1.150490128466573,0.16740685206105674
0.009407295775020686,0.11335697399509684,0.1401828519963118,0.05891834062390071,-0.07934344184184837,-0.17181071003384962,-0.13924891802026776,0.008084166033133396,0.16740685206105674,0.7819109068946088
