3.5671690410855685,-2.671375012584682,2.1434515127537583,-1.7318595336946454,1.3694015065746525,-1.0691084169837746,0.8076823755075734,-0.574825566873399,0.37345808550097,-0.16816524277202838
-2.671375012584682,3.5346706425427996,-2.6323103828451373,2.095017455856289,-1.6744183978156584,1.2968067958050866,-0.9853724691321915,0.6976303878102099,-0.45498702969631344,0.202874387391912
2.1434515127537583,-2.6323103828451373,3.487702058440566,-2.5740961483869107,2.0259439590775785,-1.5871824266387313,1.196081976772616,-0.8531777180743526,0.5533805232809578,-0.2502394112144063
-1.7318595336946454,2.095017455856289,-2.5740961483869107,3.415515189710214,-2.488502611952055,1.9177383809955433,-1.4624234154231028,1.0320167015418504,-0.674680665177739,0.2989913532050351
1.3694015065746525,-1.6744183978156584,2.0259439590775785,-2.488502611952055,3.3139239172234625,-2.3602542761478102,1.769565850739374,-1.2681292600898633,0.8197250334385877,-0.37389883693758935
-1.0691084169837746,1.2968067958050866,-1.5871824266387313,1.9177383809955433,-2.3602542761478102,3.151699407574106,-2.173373131373131,1.5235103170772741,-1.0009081064683514,0.43795465553673985
0.8076823755075734,-0.9853724691321915,1.196081976772616,-1.4624234154231028,1.769565850739374,-2.173373131373131,2.935497064397696,-1.8904031632903333,1.213470695523523,-0.5633021864271542
-0.574825566873399,0.6976303878102099,-0.8531777180743526,1.0320167015418504,-1.2681292600898633,1.5235103170772741,-1.8904031632903333,2.5620348489703035,-1.4862553308879842,0.6332615819592775
0.37345808550097,-0.45498702969631344,0.5533805232809578,-0.674680665177739,0.8197250334385877,-1.0009081064683514,1.213470695523523,-1.4862553308879842,2.1165659540633905,-0.862653747193679
-0.16816524277202838,0.202874387391912,-0.2502394112144063,0.2989913532050351,-0.37389883693758935,0.43795465553673985,-0.5633021864271542,0.6332615819592775,-0.862653747193679,1.212897672948276
