6.9071488457999335,-3.0820027522666065,1.6707135008051797,-0.9776839658213767,0.6007186062458556,-0.37857891401086086,0.23996404581103242,-0.1495188336830654,0.08762781256700339,-0.042328202741596994
-3.0820027522666065,6.906295922145995,-3.080706919784563,1.6687451979711665,-0.9746954989225332,0.596185030357903,-0.37171263741155447,0.22959821554905052,-0.13396907144647535,0.0645974062748984
1.6707135008051797,-3.080706919784563,6.904327184840509,-3.077716506404103,1.664204856245414,-0.9678076675257423,0.5857530706290657,-0.3559635794047141,0.20597244797418407,-0.09897556730188355
-0.9776839658213767,1.6687451979711665,-3.077716506404103,6.8997848884935395,-3.0708199180819564,1.6537424580392206,-0.9519616377565683,0.5618297966198281,-0.32007347383852014,0.15280787190126693
0.6007186062458556,-0.9746954989225332,1.664204856245414,-3.0708199180819564,6.88931369674316,-3.054934492234716,1.6296822459402551,-0.9156352709498343,0.5073267842536658,-0.23932059038562586
-0.37857891401086086,0.596185030357903,-0.9678076675257423,1.6537424580392206,-3.054934492234716,6.8652139238235685,-3.018430888452227,1.5745631698926248,-0.8329197143906966,0.38472404068346
0.23996404581103242,-0.37171263741155447,0.5857530706290657,-0.9519616377565683,1.6296822459402551,-3.018430888452227,6.809916869648413,-2.934917969639875,1.449188849324531,-0.6469404454034005
-0.1495188336830654,0.22959821554905052,-0.3559635794047141,0.5618297966198281,-0.9156352709498343,1.5745631698926248,-2.934917969639875,6.683741852497786,-2.7453514888975783,1.1675517072675214
0.08762781256700339,-0.13396907144647535,0.20597244797418407,-0.32007347383852014,0.5073267842536658,-0.8329197143906966,1.449188849324531,-2.7453514888975783,6.39850249804424,-2.3202775647529994
-0.042328202741596994,0.0645974062748984,-0.09897556730188355,0.15280787190126693,-0.23932059038562586,0.38472404068346,-0.6469404454034005,1.1675517072675214,-2.3202775647529994,5.7611657288802665
