0.37131534906544283,-0.08651829334728846,0.052549538722399494,-0.03306361450654258,0.02088878080167251,-0.013234372634436454,0.008438609799873063,-0.005466248638480449,0.0036923316177610525,-0.0030455013761248057
-0.08651829334728846,0.3713294793544534,-0.0865406908999665,0.05258504051161514,-0.03311988771546376,0.020977982592206172,-0.013375848476516778,0.008664409458593649,-0.005852618465523438,0.00482734467307743
0.052549538722399494,-0.0865406908999665,0.3713649811312105,-0.08659696386038013,0.05267423770781095,-0.03326127914779545,0.021202232260659225,-0.013733757628182873,0.009276834199425954,-0.007651698105188132
-0.03306361450654258,0.05258504051161514,-0.08659696386038013,0.37145417796480495,-0.08673834805996203,0.05289835365922041,-0.03361673157504029,0.021769544926118704,-0.014704496497161103,0.012128510161661658
0.02088878080167251,-0.03311988771546376,0.05267423770781095,-0.08673834805996203,0.37167828336279285,-0.08709358997985049,0.05346177452388891,-0.03451596810004729,0.02330824532516983,-0.0192246471456243
-0.013234372634436454,0.020977982592206172,-0.03326127914779545,0.05289835365922041,-0.08709358997985049,0.37224139707279147,-0.08798669974140153,0.05488720504357608,-0.03695506108116152,0.030473634703231823
0.008438609799873063,-0.013375848476516778,0.021202232260659225,-0.03361673157504029,0.05346177452388891,-0.08798669974140153,0.3736578879333669,-0.09024747481910243,0.058755903182748564,-0.04832405592581712
-0.005466248638480449,0.008664409458593649,-0.013733757628182873,0.021769544926118704,-0.03451596810004729,0.05488720504357608,-0.09024747481910243,0.3772663995513045,-0.09642657210916643,0.07698451648968131
0.0036923316177610525,-0.005852618465523438,0.009276834199425954,-0.014704496497161103,0.02330824532516983,-0.03695506108116152,0.058755903182748564,-0.09642657210916643,0.38792234985330626,-0.1291379859113724
-0.0030455013761248057,0.00482734467307743,-0.007651698105188132,0.012128510161661658,-0.0192246471456243,0.030473634703231823,-0.04832405592581712,0.07698451648968131,-0.1291379859113724,0.5098723291531637
