0.6710664106140675,0.23761444191056297,0.15890561294991082,0.06984273312823683,0.04291300502804368,0.02005651527281529,0.01155955889093695,0.005392343186731409,0.0025665487009546737,0.0003559297497455445
0.23761444191056297,0.6710556409209251,0.23759456038002713,0.15886686608549258,0.06977214337184985,0.042773171109380226,0.0198069246072099,0.011052539240298616,0.00451563069494681,0.0007151703159610545
0.15890561294991082,0.23759456038002713,0.671018077872356,0.2375234266423707,0.15873254545361665,0.06951760069297722,0.042292939400928486,0.018895885691087026,0.009336035229352457,0.001253854323208918
0.06984273312823683,0.15886686608549258,0.2375234266423707,0.6708784939213049,0.23727130253818435,0.15822780132789624,0.06862857873700971,0.040457334526567995,0.015786726745060257,0.0026035268685934147
0.04291300502804368,0.06977214337184985,0.15873254545361665,0.23727130253818435,0.6703971508412419,0.23637152744816287,0.1565011801910969,0.06542153101154641,0.034254356040378395,0.0043783546692306415
0.02005651527281529,0.042773171109380226,0.06951760069297722,0.15822780132789624,0.23637152744816287,0.668566487194452,0.23321228882805417,0.14981365320352405,0.054448378560585986,0.009563522879300883
0.01155955889093695,0.0198069246072099,0.042292939400928486,0.06862857873700971,0.1565011801910969,0.23321228882805417,0.6623415397019878,0.22202657410981935,0.12727715293143413,0.015071854951826044
0.005392343186731409,0.011052539240298616,0.018895885691087026,0.040457334526567995,0.06542153101154641,0.14981365320352405,0.22202657410981935,0.6377483821143991,0.1835951156122706,0.03559427472502914
0.0025665487009546737,0.00451563069494681,0.009336035229352457,0.015786726745060257,0.034254356040378395,0.054448378560585986,0.12727715293143413,0.1835951156122706,0.5552095307360774,0.05065430105535801
0.0003559297497455445,0.0007151703159610545,0.001253854323208918,0.0026035268685934147,0.0043783546692306415,0.009563522879300883,0.015071854951826044,0.03559427472502914,0.05065430105535801,0.2086700431264792
