5.149619911148419,1.6910538890642621,0.8383935343948992,0.2800195721568874,0.1542182653771538,0.04468664436079106,0.02903296894002257,0.006885212316122028,0.005271336275012004,0.0019393567636904064
1.6910538890642621,5.149608054705264,1.691068426154002,0.8383475758726888,0.2800615004485203,0.1540327268634413,0.044780417188797716,0.02824523715337519,0.006903861960118491,0.0017323924351117332
0.8383935343948992,1.691068426154002,5.1495827268714205,1.6911209291714149,0.838260392938818,0.2802533237241385,0.1537383163997072,0.04549361864770758,0.02728457097130995,0.009624216423248042
0.2800195721568874,0.8383475758726888,1.6911209291714149,5.149402608672499,1.6912651163756771,0.8375229191260026,0.2805248363661285,0.15055538079627165,0.04508521871051169,0.012737034992479242
0.1542182653771538,0.2800615004485203,0.838260392938818,1.6912651163756771,5.1490837812633465,1.6917512156974077,0.8363358553542953,0.28210611639209715,0.14601852376396113,0.04988295776565484
0.04468664436079106,0.1540327268634413,0.2802533237241385,0.8375229191260026,1.6917512156974077,5.146010836914391,1.6923658449939802,0.8228081748270033,0.2779409245235531,0.08294528481046141
0.02903296894002257,0.044780417188797716,0.1537383163997072,0.2805248363661285,0.8363358553542953,1.6923658449939802,5.140978501194874,1.69255513418536,0.8002359870095956,0.26722373218781537
0.006885212316122028,0.02824523715337519,0.04549361864770758,0.15055538079627165,0.28210611639209715,0.8228081748270033,1.69255513418536,5.080137249962918,1.6622222681376913,0.5106160071281505
0.005271336275012004,0.006903861960118491,0.02728457097130995,0.04508521871051169,0.14601852376396113,0.2779409245235531,0.8002359870095956,1.6622222681376913,4.962908296904332,1.4654931573237502
0.0019393567636904064,0.0017323924351117332,0.009624216423248042,0.012737034992479242,0.04988295776565484,0.08294528481046141,0.26722373218781537,0.5106160071281505,1.4654931573237502,3.5574163676951285
