3.090803435068999,-1.8583290392371627,1.2909525589956403,-0.8717187331047904,0.5994244958988936,-0.4031971620173805,0.2710446032026014,-0.17538118564601304,0.10629335402514199,-0.05262392359132969
-1.8583290392371627,3.0893682259252664,-1.856219530223452,1.2878991273854679,-0.8672103116492329,0.5929370939375828,-0.3935452180988259,0.25729296859858286,-0.1546583567719414,0.07725722231191573
1.2909525589956403,-1.856219530223452,3.0862672098306474,-1.851731688579474,1.2812713393100137,-0.8576759494957236,0.5787466911810469,-0.37333705423611047,0.2268218443108219,-0.11199756902851096
-0.8717187331047904,1.2878991273854679,-1.851731688579474,3.0797709073075343,-1.8421404602452327,1.2674688517736175,-0.8371428834405789,0.5494879720197627,-0.3292541429985151,0.16503950334827824
0.5994244958988936,-0.8672103116492329,1.2812713393100137,-1.8421404602452327,3.0656050986029943,-1.8217645269460712,1.237138244420728,-0.7939577426574815,0.4843555105385045,-0.23809400216050858
-0.4031971620173805,0.5929370939375828,-0.8576759494957236,1.2674688517736175,-1.8217645269460712,3.036278421103007,-1.7781451965851787,1.1749676267539217,-0.7003168805201105,0.35306425505649414
0.2710446032026014,-0.3935452180988259,0.5787466911810469,-0.8371428834405789,1.237138244420728,-1.7781451965851787,2.9713337422530954,-1.6857040880465162,1.0354921979132437,-0.5052051276491408
-0.17538118564601304,0.25729296859858286,-0.37333705423611047,0.5494879720197627,-0.7939577426574815,1.1749676267539217,-1.6857040880465162,2.839523605390105,-1.4872771733862569,0.7570917846732338
0.10629335402514199,-0.1546583567719414,0.2268218443108219,-0.3292541429985151,0.4843555105385045,-0.7003168805201105,1.0354921979132437,-1.4872771733862569,2.539942440456135,-1.0685493300920432
-0.05262392359132969,0.07725722231191573,-0.11199756902851096,0.16503950334827824,-0.23809400216050858,0.35306425505649414,-0.5052051276491408,0.7570917846732338,-1.0685493300920432,1.9517613912207523
