2.2792995383779795,1.4662479799833885,0.45571062647748317,-0.3772019826908945,-0.8137146066409732,-0.8394843465058954,-0.5811181788657902,-0.2163656952976321,0.10259465322466306,0.2907709212047278
1.4662479799833885,2.275884967311302,1.449457638066426,0.42740724170515754,-0.40849860583816777,-0.8338362063705851,-0.8329350661952245,-0.5381649788965168,-0.1407080878734172,0.1891228925511066
0.45571062647748317,1.449457638066426,2.243920280635254,1.4108815780420565,0.3982589573314941,-0.4090677542811698,-0.7916083059940132,-0.7481304985559218,-0.43237174392472366,-0.056519833587378006
-0.3772019826908945,0.42740724170515754,1.4108815780420565,2.2093256320719052,1.399483914122584,0.42705922642014693,-0.33485219472432315,-0.6868939893502788,-0.65033569723554,-0.3937027724694723
-0.8137146066409732,-0.40849860583816777,0.3982589573314941,1.399483914122584,2.2300241702280377,1.457591531622389,0.5117992901555204,-0.2528090565940044,-0.6498299612457955,-0.6986877755891054
-0.8394843465058954,-0.8338362063705851,-0.4090677542811698,0.42705922642014693,1.457591531622389,2.30271251619043,1.5156733245547607,0.5191506481179416,-0.32459249804797896,-0.8034860154119488
-0.5811181788657902,-0.8329350661952245,-0.7916083059940132,-0.33485219472432315,0.5117992901555204,1.5156733245547607,2.292136359342827,1.408246219766141,0.32129555576891655,-0.5581669318238438
-0.2163656952976321,-0.5381649788965168,-0.7481304985559218,-0.6868939893502788,-0.2528090565940044,0.5191506481179416,1.408246219766141,2.0676132190592416,1.1216501077239656,0.0854713766816392
0.10259465322466306,-0.1407080878734172,-0.43237174392472366,-0.65033569723554,-0.6498299612457955,-0.32459249804797896,0.32129555576891655,1.1216501077239656,1.792119025015831,1.0002354290917401
0.2907709212047278,0.1891228925511066,-0.056519833587378006,-0.3937027724694723,-0.6986877755891054,-0.8034860154119488,-0.5581669318238438,0.0854713766816392,1.0002354290917401,1.901521058915132
