0.6882780185579126,0.3131036345356484,-0.10581869010474995,-0.2947671920255235,-0.20002577471639701,0.0024140506869325027,0.12235265057479705,0.10540225018671698,0.02448497760271786,-0.02793656987178903
0.3131036345356484,0.6904082088806971,0.3154929402847958,-0.10573320078718557,-0.29834218969603177,-0.20521627713678348,0.0006000864042387103,0.12781513053540489,0.11593708375698572,0.03094093302688418
-0.10581869010474995,0.3154929402847958,0.6865698361576559,0.30636607354926537,-0.11270931540705781,-0.2940945697870082,-0.18841514865675626,0.017801453354327642,0.1261640907010511,0.0869926708593847
-0.2947671920255235,-0.10573320078718557,0.30636607354926537,0.6735239989175995,0.30202564808372095,-0.09867030512740002,-0.2675166920672034,-0.17252672082164625,-0.0008306682254414441,0.07522411188020175
-0.20002577471639701,-0.29834218969603177,-0.11270931540705781,0.30202564808372095,0.6781739092990637,0.3153188963405749,-0.08705452784598214,-0.27164452707206493,-0.19633534217945314,-0.02813222311887118
0.0024140506869325027,-0.20521627713678348,-0.2940945697870082,-0.09867030512740002,0.3153188963405749,0.675265926202189,0.290641405125172,-0.1174724039241423,-0.27650976911802166,-0.15616652838077794
0.12235265057479705,0.0006000864042387103,-0.18841514865675626,-0.2675166920672034,-0.08705452784598214,0.290641405125172,0.6223816137442592,0.2539884213473776,-0.08752727853845116,-0.1774428661566836
0.10540225018671698,0.12781513053540489,0.017801453354327642,-0.17252672082164625,-0.27164452707206493,-0.1174724039241423,0.2539884213473776,0.617573978793817,0.3038836732573628,-0.009493720525905532
0.02448497760271786,0.11593708375698572,0.1261640907010511,-0.0008306682254414441,-0.19633534217945314,-0.27650976911802166,-0.08752727853845116,0.3038836732573628,0.6418493737152077,0.2610492098350401
-0.02793656987178903,0.03094093302688418,0.0869926708593847,0.07522411188020175,-0.02813222311887118,-0.15616652838077794,-0.1774428661566836,-0.009493720525905532,0.2610492098350401,0.4605347970988447
