1.1414877025738448,-0.10672977402432039,-0.009231575183403593,0.02395537966244473,-0.007229728798227492,-0.001879762091253909,0.002089779749847049,-0.0004247643160280839,-0.0002183425988271123,0.00011972250261086908
-0.10672977402432039,1.1414875688221475,-0.10672973526084131,-0.009230954264456106,0.02395396214666028,-0.007230188535516091,-0.0018714772362380216,0.002075955625508642,-0.00044086249685896384,-0.0001148077563182265
-0.009231575183403593,-0.10672973526084131,1.141487045775678,-0.1067289132415624,-0.009229838612893379,0.023947495568936973,-0.007223341158604475,-0.001851193390116598,0.0020005732782239997,-0.00039895959438359855
0.02395537966244473,-0.009230954264456106,-0.1067289132415624,1.141482201712408,-0.10672371251699156,-0.009214783935162951,0.023890928899138315,-0.007191031218367406,-0.0016197510990994478,0.001379154881023178
-0.007229728798227492,0.02395396214666028,-0.009229838612893379,-0.10672371251699156,1.1414662080731561,-0.10671949606039467,-0.00913971643276983,0.02372200317834269,-0.007251405274792735,-0.0006215050655608712
-0.001879762091253909,-0.007230188535516091,0.023947495568936973,-0.009214783935162951,-0.10671949606039467,1.1413795232074422,-0.1065717600232907,-0.008977336484938616,0.02263445261098905,-0.005968263823843687
0.002089779749847049,-0.0018714772362380216,-0.007223341158604475,0.023890928899138315,-0.00913971643276983,-0.1065717600232907,1.1406992220977719,-0.10600959832899545,-0.006533713848667737,0.014921892570731026
-0.0004247643160280839,0.002075955625508642,-0.001851193390116598,-0.007191031218367406,0.02372200317834269,-0.008977336484938616,-0.10600959832899545,1.1387527305553036,-0.10512765499667497,0.0018803442660358374
-0.0002183425988271123,-0.00044086249685896384,0.0020005732782239997,-0.0016197510990994478,-0.007251405274792735,0.02263445261098905,-0.006533713848667737,-0.10512765499667497,1.124295617743832,-0.08141970028805062
0.00011972250261086908,-0.0001148077563182265,-0.00039895959438359855,0.001379154881023178,-0.0006215050655608712,-0.005968263823843687,0.014921892570731026,0.0018803442660358374,-0.08141970028805062,1.0340479745405857
