0.3450989768518616,-0.13370405517882877,0.10129907444697395,-0.07272523985755483,0.05356090979986545,-0.039972409586991886,0.030834268404674195,-0.024983826277826596,0.02226383712566332,-0.02001025735120215
-0.13370405517882877,0.3456510100702719,-0.1344715245564833,0.10236583994692727,-0.07420910687563814,0.05561949777217705,-0.04285579121707904,0.034734420948198876,-0.03095063779762837,0.027818542418674555
0.10129907444697395,-0.1344715245564833,0.34671799161797157,-0.1359546052533036,0.10442880047951572,-0.07707107600303476,0.05962815725186958,-0.0482779596350086,0.04303011545073579,-0.038671717901706086
-0.07272523985755483,0.10236583994692727,-0.1359546052533036,0.3487794414628972,-0.1388220726367617,0.1084068853618051,-0.08264296874898,0.06716513016368153,-0.059807390571061325,0.0537692938804812
0.05356090979986545,-0.07420910687563814,0.10442880047951572,-0.1388220726367617,0.352768089645443,-0.14435551949406158,0.1161576474376722,-0.09312547048092573,0.0832095772938699,-0.07471009686882168
-0.039972409586991886,0.05561949777217705,-0.07707107600303476,0.1084068853618051,-0.14435551949406158,0.36044498912545286,-0.15510684943939168,0.13070719976794853,-0.11534870226000447,0.1040625118891309
0.030834268404674195,-0.04285579121707904,0.05962815725186958,-0.08264296874898,0.1161576474376722,-0.15510684943939168,0.37551101669872394,-0.17545033254161874,0.16201300494100634,-0.1436583179874384
-0.024983826277826596,0.034734420948198876,-0.0482779596350086,0.06716513016368153,-0.09312547048092573,0.13070719976794853,-0.17545033254161874,0.4032054313766259,-0.21690386290376257,0.20478974475045633
0.02226383712566332,-0.03095063779762837,0.04303011545073579,-0.059807390571061325,0.0832095772938699,-0.11534870226000447,0.16201300494100634,-0.21690386290376257,0.47123438121046757,-0.25916640578221933
-0.02001025735120215,0.027818542418674555,-0.038671717901706086,0.0537692938804812,-0.07471009686882168,0.1040625118891309,-0.1436583179874384,0.20478974475045633,-0.25916640578221933,0.6165279911622608
