2.510677371853579,0.7581363754026541,-1.2915483712512779,-1.4022647646426907,0.049777753082859005,1.0003986334938677,0.5573958225360305,-0.27214675268724314,-0.39533442300207056,-0.05198030349644719
0.7581363754026541,2.407526387731807,0.7169279620459872,-1.2045197499133145,-1.283516917789787,0.04449923660580409,0.8574318741131685,0.44754694476421525,-0.194317864353585,-0.20388798943201897
-1.2915483712512779,0.7169279620459872,2.278366016213323,0.660244439615367,-1.099672873056569,-1.1322369604738083,0.04481001771409682,0.6810070311919458,0.3040201244050496,-0.10474262190465752
-1.4022647646426907,-1.2045197499133145,0.660244439615367,2.130729811113665,0.6066413813656667,-0.9707487044524488,-0.9650165654690608,0.029936602941515324,0.47364409553125286,0.1531212386219454
0.049777753082859005,-1.283516917789787,-1.099672873056569,0.6066413813656667,1.9647837098121714,0.5345827338666485,-0.8354169490785464,-0.7710426540276295,0.0292896236847388,0.24658058601492513
1.0003986334938677,0.04449923660580409,-1.1322369604738083,-0.9707487044524488,0.5345827338666485,1.7557419911280234,0.449107126159602,-0.6606421190041126,-0.5293923649358336,0.021265872708580942
0.5573958225360305,0.8574318741131685,0.04481001771409682,-0.9650165654690608,-0.8354169490785464,0.449107126159602,1.528329480739916,0.36439354762982634,-0.46379401930412467,-0.27072018961784644
-0.27214675268724314,0.44754694476421525,0.6810070311919458,0.029936602941515324,-0.7710426540276295,-0.6606421190041126,0.36439354762982634,1.2554705065406366,0.24191146505725805,-0.2445179374807963
-0.39533442300207056,-0.194317864353585,0.3040201244050496,0.47364409553125286,0.0292896236847388,-0.5293923649358336,-0.46379401930412467,0.24191146505725805,0.9261844804237224,0.11774952507780861
-0.05198030349644719,-0.20388798943201897,-0.10474262190465752,0.1531212386219454,0.24658058601492513,0.021265872708580942,-0.27072018961784644,-0.2445179374807963,0.11774952507780861,0.5693420757190689
