4.099301355091313,-0.9201590332868466,-0.3099499549013522,0.01801756543010044,0.020831122483330685,0.0014272568277634158,-0.001081856555132667,-0.00021650917231126994,3.803201046363914e-05,1.7923100491609538e-05
-0.9201590332868466,4.099301355100332,-0.9201590341379398,-0.30994995675598863,0.018017575853220034,0.02083117417042635,0.0014271872155599533,-0.0010828546056492374,-0.00021735197506007957,5.292313491490971e-05
-0.3099499549013522,-0.9201590341379398,4.099301354277764,-0.9201590216474986,-0.30994991807229666,0.01801744585232645,0.020830271165015856,0.0014275379560206222,-0.0010671515739379839,-0.00019172385558765463
0.01801756543010044,-0.30994995675598863,-0.9201590216474986,4.099301410105883,-0.9201591173066355,-0.3099510370865416,0.0180167934330811,0.020847553058935868,0.0014729928750606086,-0.0012631833659978511
0.020831122483330685,0.018017575853220034,-0.30994991807229666,-0.9201591173066355,4.099300575889957,-0.9201591992504063,-0.30993734346980445,0.018045584149042764,0.02067774887582157,0.0006545973585218583
0.0014272568277634158,0.02083117417042635,0.01801744585232645,-0.3099510370865416,-0.9201591992504063,4.099319000495206,-0.9201209319584804,-0.31016675509061636,0.01695036764122096,0.022294856677547305
-0.001081856555132667,0.0014271872155599533,0.020830271165015856,0.0180167934330811,-0.30993734346980445,-0.9201209319584804,4.099168178706951,-0.9210587262877522,-0.3095398290523834,0.03378452636615582
-0.00021650917231126994,-0.0010828546056492374,0.0014275379560206222,0.020847553058935868,0.018045584149042764,-0.31016675509061636,-0.9210587262877522,4.101100616641002,-0.9016095152070988,-0.3026824983897229
3.803201046363914e-05,-0.00021735197506007957,-0.0010671515739379839,0.0014729928750606086,0.02067774887582157,0.01695036764122096,-0.3095398290523834,-0.9016095152070988,4.12964473877118,-1.1675179394869637
1.7923100491609538e-05,5.292313491490971e-05,-0.00019172385558765463,-0.0012631833659978511,0.0006545973585218583,0.022294856677547305,0.03378452636615582,-0.3026824983897229,-1.1675179394869637,3.4830953246083345
