0.688021928052979,0.3035187827936286,0.15107738504924378,0.07433795250616186,0.03610990558532806,0.017268337655125976,0.008074717915324364,0.003618226111334691,0.001448447682711969,0.0003649523349930603
0.3035187827936286,0.6880141972818732,0.30350463375289494,0.1510518751093354,0.07429276041320085,0.03603153273288759,0.01713603908563574,0.007859310018799491,0.003285320635766917,0.000975521534102942
0.15107738504924378,0.30350463375289494,0.6879882717597867,0.3034578300193689,0.15096883059272687,0.0741484657897483,0.03578734614952783,0.016737088447226316,0.007239556448718061,0.0023970605134427192
0.07433795250616186,0.1510518751093354,0.3034578300193689,0.6879036489152929,0.30330741459146693,0.1507069016271963,0.07370395567482628,0.03505829481277779,0.015597997255393148,0.0055909691092465245
0.03610990558532806,0.07429276041320085,0.15096883059272687,0.30330741459146693,0.6876357256626034,0.3028396584451891,0.1499104669953788,0.07239183542638644,0.032994608554189966,0.012578222643246815
0.017268337655125976,0.03603153273288759,0.0741484657897483,0.1507069016271963,0.3028396584451891,0.6868165254958961,0.30143925274697647,0.14759086761247422,0.06871491861854542,0.027544952596738826
0.008074717915324364,0.01713603908563574,0.03578734614952783,0.07370395567482628,0.1499104669953788,0.30143925274697647,0.6844104655272548,0.2974270391083639,0.14116928638583043,0.05904970114765007
0.003618226111334691,0.007859310018799491,0.016737088447226316,0.03505829481277779,0.07239183542638644,0.14759086761247422,0.2974270391083639,0.6776605180697226,0.2864884072185042,0.12438436886580961
0.001448447682711969,0.003285320635766917,0.007239556448718061,0.015597997255393148,0.032994608554189966,0.06871491861854542,0.14116928638583043,0.2864884072185042,0.659628507661434,0.25810323498446813
0.0003649523349930603,0.000975521534102942,0.0023970605134427192,0.0055909691092465245,0.012578222643246815,0.027544952596738826,0.05904970114765007,0.12438436886580961,0.25810323498446813,0.6132968970781215
