3.274397194148285,-0.3023481704954611,0.0953402924368564,-0.029892635057210327,0.009372532477093711,-0.0029384969248557255,0.0009207564634159006,-0.00028682968526496625,8.39801575525727e-05,-9.27920583475894e-06
-0.3023481704954611,3.274397188494095,-0.30234815246216934,0.09534023492205679,-0.029892451621361234,0.009371947432705799,-0.002936631003126403,0.0009148053582394582,-0.0002678436091575315,2.9594800168618086e-05
0.0953402924368564,-0.30234815246216934,3.274397130979296,-0.3023479690263203,0.09533964987766888,-0.029890585699637068,0.009365996322051184,-0.0029176507399858325,0.0008542517787207317,-9.438870228954175e-05
-0.029892635057210327,0.09534023492205679,-0.3023479690263203,3.274396545934908,-0.30234610310459614,0.09533369876703074,-0.029871605419024595,0.009305461282221716,-0.002724523104144592,0.00030104028644028407
0.009372532477093711,-0.029892451621361234,0.09533964987766888,-0.30234610310459614,3.2743905948242693,-0.3023271228240361,0.09527316367147692,-0.029678536913071034,0.008689506221892157,-0.0009601281918457149
-0.0029384969248557255,0.009371947432705799,-0.029890585699637068,0.09533369876703074,-0.3023271228240361,3.2743300597288827,-0.30213405414035877,0.09465739719811145,-0.027714029686076884,0.003062201926886031
0.0009207564634159006,-0.002936631003126403,0.009365996322051184,-0.029871605419024595,0.09527316367147692,-0.30213405414035877,3.273714292686982,-0.30017014838110256,0.08839186111566112,-0.009766486665613909
-0.00028682968526496625,0.0009148053582394582,-0.0029176507399858325,0.009305461282221716,-0.029678536913071034,0.09465739719811145,-0.30017014838110256,3.2674506806895396,-0.2801870679024807,0.031150524568540495
8.39801575525727e-05,-0.0002678436091575315,0.0008542517787207317,-0.002724523104144592,0.008689506221892157,-0.027714029686076884,0.08839186111566112,-0.2801870679024807,3.203697694624894,-0.09764567716178407
-9.27920583475894e-06,2.9594800168618086e-05,-9.438870228954175e-05,0.00030104028644028407,-0.0009601281918457149,0.003062201926886031,-0.009766486665613909,0.031150524568540495,-0.09764567716178407,2.597860121046604
