4.465058167776905,1.6415253976798123,0.14254629604757335,-0.27156664204246217,-0.20172893747440707,-0.06681595110871434,0.002320902821035584,0.01555120011370626,0.008056683379383497,0.0009677041735643651
1.6415253976798123,4.465046190457615,1.6415152091789726,0.14257167835254253,-0.2714478945448317,-0.2015055019053694,-0.06671827776151983,0.0015837667826678532,0.013003784928825248,0.004139222271961288
0.14254629604757335,1.6415152091789726,4.4650169250429865,1.6414780245323208,0.14259862908057364,-0.2712019351765263,-0.20092620994128424,-0.06618356347148648,0.00047580417081261256,0.007411267782927335
-0.27156664204246217,0.14257167835254253,1.6414780245323208,4.464795422858005,1.6410150468074822,0.14228461330063125,-0.26999304648041245,-0.19604910356246544,-0.05776334500922306,0.0023286067031143345
-0.20172893747440707,-0.2714478945448317,0.14259862908057364,1.6410150468074822,4.463351829294438,1.6390007912035593,0.14310034414812878,-0.25850773040200903,-0.1669855073092899,-0.02705046878872882
-0.06681595110871434,-0.2015055019053694,-0.2712019351765263,0.14228461330063125,1.6390007912035593,4.45903199560462,1.6358322553685474,0.15369911535451047,-0.21385955300168075,-0.08777286144689962
0.002320902821035584,-0.06671827776151983,-0.20092620994128424,-0.26999304648041245,0.14310034414812878,1.6358322553685474,4.44628219932032,1.6138574845199087,0.14896242893297246,-0.12746813183533695
0.01555120011370626,0.0015837667826678532,-0.06618356347148648,-0.19604910356246544,-0.25850773040200903,0.15369911535451047,1.6138574845199087,4.335392508705051,1.397351260779584,0.03533622261578419
0.008056683379383497,0.013003784928825248,0.00047580417081261256,-0.05776334500922306,-0.1669855073092899,-0.21385955300168075,0.14896242893297246,1.397351260779584,3.7391473878076718,0.680355592276483
0.0009677041735643651,0.004139222271961288,0.007411267782927335,0.0023286067031143345,-0.02705046878872882,-0.08777286144689962,-0.12746813183533695,0.03533622261578419,0.680355592276483,2.2098628963302978
