3.5110124913669,-1.8404393887797441,1.9847238986000342,-1.4693370282733622,1.4611097677641465,-1.0645048897972105,0.9649430056435165,-0.6400447726532232,0.48477448332253104,-0.20439610498064578
-1.8404393887797441,3.3012122791234084,-1.6363728910221476,1.7672707919217652,-1.2632440168961576,1.2341771014871161,-0.8584563342807153,0.7255383287380036,-0.43761745603583524,0.22794295502703688
1.9847238986000342,-1.6363728910221476,3.0975025317374483,-1.42635389159993,1.559523010276112,-1.0465549623399473,1.023027389633715,-0.6339724071278626,0.512144060376769,-0.2035296495874367
-1.4693370282733622,1.7672707919217652,-1.42635389159993,2.871691380353666,-1.214824898142044,1.323157944802883,-0.8360562089910089,0.7724966490447744,-0.428874362410788,0.24145209582247176
1.4611097677641465,-1.2632440168961576,1.559523010276112,-1.214824898142044,2.659067622908305,-0.9975440990422875,1.10576861060703,-0.6125769694074457,0.5506144270251292,-0.19853175730146255
-1.0645048897972105,1.2341771014871161,-1.0465549623399473,1.323157944802883,-0.9975440990422875,2.4104742711318172,-0.7829787354167289,0.8403274984654516,-0.4063934008218756,0.2606353438763097
0.9649430056435165,-0.8584563342807153,1.023027389633715,-0.8360562089910089,1.10576861060703,-0.7829787354167289,2.1860456723711206,-0.5650793531203605,0.6075993625501327,-0.18648288516803577
-0.6400447726532232,0.7255383287380036,-0.6339724071278626,0.7724966490447744,-0.6125769694074457,0.8403274984654516,-0.5650793531203605,1.8994133797403898,-0.3605673343216253,0.2892904799278593
0.48477448332253104,-0.43761745603583524,0.512144060376769,-0.428874362410788,0.5506144270251292,-0.4063934008218756,0.6075993625501327,-0.3605673343216253,1.651952583998697,-0.1624608868473722
-0.20439610498064578,0.22794295502703688,-0.2035296495874367,0.24145209582247176,-0.19853175730146255,0.2606353438763097,-0.18648288516803577,0.2892904799278593,-0.1624608868473722,1.2901802263411726
