0.9321757019353503,0.03644562034606289,0.023498170880241934,0.00851721213287574,0.0043857097596564885,0.001805906471018167,0.0008539423596040931,0.00036928435259041763,0.0001653161616447057,7.147409353525357e-05
0.03644562034606289,0.9321756816488728,0.03644557294795691,0.02349807275724927,0.008516966210332232,0.004385257156640347,0.001804555903790566,0.0008521401975763372,0.0003609647532052974,0.0001620251627344812
0.023498170880241934,0.03644557294795691,0.932175571140948,0.036445343379532466,0.023497500444200247,0.008515903277380282,0.004382126823061631,0.0018002688024983218,0.0008330024379670415,0.00035227303886591077
0.00851721213287574,0.02349807275724927,0.036445343379532466,0.9321750969425604,0.03644415088762644,0.02349531846538079,0.008509337508814423,0.0043735109702733085,0.0017596312381229556,0.0008184080978107107
0.0043857097596564885,0.008516966210332232,0.023497500444200247,0.03644415088762644,0.9321721376896575,0.03643861149795083,0.023479189652084512,0.008486751772692452,0.004275561040193911,0.0017100462242043814
0.001805906471018167,0.004385257156640347,0.008515903277380282,0.02349531846538079,0.03643861149795083,0.9321621665187789,0.03640789468641288,0.02344075814065916,0.00829415838407012,0.004225419504180415
0.0008539423596040931,0.001804555903790566,0.004382126823061631,0.008509337508814423,0.023479189652084512,0.03640789468641288,0.9320749535530983,0.036279716484081334,0.022919105786064018,0.00796755213755852
0.00036928435259041763,0.0008521401975763372,0.0018002688024983218,0.0043735109702733085,0.008486751772692452,0.02344075814065916,0.036279716484081334,0.9319397527196893,0.03544280673986429,0.02295315826299651
0.0001653161616447057,0.0003609647532052974,0.0008330024379670415,0.0017596312381229556,0.004275561040193911,0.00829415838407012,0.022919105786064018,0.03544280673986429,0.9289122978982558,0.03281043385555224
7.147409353525357e-05,0.0001620251627344812,0.00035227303886591077,0.0008184080978107107,0.0017100462242043814,0.004225419504180415,0.00796755213755852,0.02295315826299651,0.03281043385555224,0.9326580743214999
