3.3636411116105633,1.503685601522447,1.0120060130717405,0.7784507791848652,0.6298391224383318,0.5143802453349131,0.41528417885916913,0.325309637827345,0.23765846127368825,0.137311189408107
1.503685601522447,3.3490369851205117,1.4867665799806524,0.9923971797151341,0.7556968310836318,0.6033397265108964,0.4831870786470889,0.37742178956684114,0.2754493151631886,0.15908663444424212
1.0120060130717405,1.4867665799806524,3.329436134322075,1.464049552639825,0.9660364939672312,0.7249969639415095,0.5672019280966597,0.4393223923729106,0.319655547040099,0.18441415708327807
0.7784507791848652,0.9923971797151341,1.464049552639825,3.3031075035202893,1.4334979453612922,0.930455703373788,0.6831131827881756,0.5163609927824168,0.3723634511294209,0.2141164996986647
0.6298391224383318,0.7556968310836318,0.9660364939672312,1.4334979453612922,3.2676554335134878,1.3922095199620002,0.8818515016105362,0.6241088101875651,0.43863137003945646,0.24978936241352287
0.5143802453349131,0.6033397265108964,0.7249969639415095,0.930455703373788,1.3922095199620002,3.2195681251296375,1.3355958717644043,0.8131037581004418,0.5334772721917675,0.29550932052888806
0.41528417885916913,0.4831870786470889,0.5672019280966597,0.6831131827881756,0.8818515016105362,1.3355958717644043,3.1528960306873546,1.2545645822458695,0.7060495515915763,0.36372353401282626
0.325309637827345,0.37742178956684114,0.4393223923729106,0.5163609927824168,0.6241088101875651,0.8131037581004418,1.2545645822458695,3.05417684881682,1.1233618249783874,0.49563235521859117
0.23765846127368825,0.2754493151631886,0.319655547040099,0.3723634511294209,0.43863137003945646,0.5334772721917675,0.7060495515915763,1.1233618249783874,2.8772299711017166,0.8318116837314696
0.137311189408107,0.15908663444424212,0.18441415708327807,0.2141164996986647,0.24978936241352287,0.29550932052888806,0.36372353401282626,0.49563235521859117,0.8318116837314696,2.3737145649275
