4.8024977905637565,0.3337218023808799,-1.6392601434951812,-0.11597174687988014,0.6322324717237032,0.04022580138793701,-0.2397232494115461,-0.014974625028031187,0.08032016734303472,0.008901905222663719
0.3337218023808799,4.801847924554129,0.33347884485130486,-1.637572611148988,-0.11537764411434175,0.6278511521188102,0.03877831698004018,-0.22835004796049746,-0.011462394985192111,0.050802237828422005
-1.6392601434951812,0.33347884485130486,4.800642411959606,0.334132804964714,-1.6344650650153474,-0.1171350446943901,0.6198420643030429,0.043493942380635184,-0.20771205628805134,-0.024098168634690005
-0.11597174687988014,-1.637572611148988,0.334132804964714,4.796259853901054,0.3325303752825976,-1.623085451372125,-0.11322179342479877,0.5902992364353001,0.03397376382167387,-0.13102859092633226
0.6322324717237032,-0.11537764411434175,-1.6344650650153474,0.3325303752825976,4.788247559724121,0.33684484678763443,-1.6024308585101132,-0.12481932161554717,0.5370643719722624,0.06510124167528838
0.04022580138793701,0.6278511521188102,-0.1171350446943901,-1.623085451372125,0.33684484678763443,4.758696430575307,0.3262860792898882,-1.525704412606402,-0.09907010974277623,0.3378865626204597
-0.2397232494115461,0.03877831698004018,0.6198420643030429,-0.11322179342479877,-1.6024308585101132,0.3262860792898882,4.705440074064468,0.35472464648923674,-1.3884119024337807,-0.17553826059237215
-0.014974625028031187,-0.22835004796049746,0.043493942380635184,0.5902992364353001,-0.12481932161554717,-1.525704412606402,0.35472464648923674,4.506206621720375,0.28521924665757614,-0.8711576750748458
0.08032016734303472,-0.011462394985192111,-0.20771205628805134,0.03397376382167387,0.5370643719722624,-0.09907010974277623,-1.3884119024337807,0.28521924665757614,4.152193871109273,0.4724935414320228
0.008901905222663719,0.050802237828422005,-0.024098168634690005,-0.13102859092633226,0.06510124167528838,0.3378865626204597,-0.17553826059237215,-0.8711576750748458,0.4724935414320228,2.8091460170306397
