0.7460958464564865,0.1665750237050388,0.12035912472891333,0.07606220244736243,0.04906633900415841,0.03143324679477488,0.019994393122628448,0.012474734282073593,0.00739792267346168,0.003812199604400828
0.1665750237050388,0.7460501530026025,0.1665041216468921,0.12024910686861702,0.07589148791247949,0.04880145210840871,0.031022142366604808,0.019357235815174532,0.011479242352970298,0.005915354079974779
0.12035912472891333,0.1665041216468921,0.7459401350148587,0.16633340807491953,0.11998421089674212,0.07548046566480701,0.04816354564090777,0.030033471922735554,0.017812541893220974,0.009178750841125547
0.07606220244736243,0.12024910686861702,0.16633340807491953,0.7456752408439818,0.16592237222007206,0.11934643268668467,0.07449063390371412,0.04662943832394173,0.027636583960108315,0.014242944698000661
0.04906633900415841,0.07589148791247949,0.11998421089674212,0.16592237222007206,0.7450374371834807,0.16493273274604467,0.11781051292537319,0.07211015686257262,0.04291023864310131,0.022097213467569633
0.03143324679477488,0.04880145210840871,0.07548046566480701,0.11934643268668467,0.16493273274604467,0.7435018770700107,0.16254953843879255,0.11411692543838026,0.06633887872367546,0.03431908667717669
0.019994393122628448,0.031022142366604808,0.04816354564090777,0.07449063390371412,0.11781051292537319,0.16254953843879255,0.7398032072916607,0.1568166588010881,0.10516383989069965,0.05296955424637681
0.012474734282073593,0.019357235815174532,0.030033471922735554,0.04662943832394173,0.07211015686257262,0.11411692543838026,0.1568166588010881,0.7309219411252234,0.14290471360361684,0.08476965364873193
0.00739792267346168,0.011479242352970298,0.017812541893220974,0.027636583960108315,0.04291023864310131,0.06633887872367546,0.10516383989069965,0.14290471360361684,0.7095128536979971,0.10806404540450357
0.003812199604400828,0.005915354079974779,0.009178750841125547,0.014242944698000661,0.022097213467569633,0.03431908667717669,0.05296955424637681,0.08476965364873193,0.10806404540450357,0.6845500193095626
