2.213273815843326,0.7783297512020333,0.6902095657432178,0.5217649710187381,0.41545825844270345,0.3134773843466566,0.23076376642812638,0.1548463989343755,0.09106831360293115,0.017746638170902197
0.7783297512020333,2.202485382045736,0.7650371738441525,0.6737859608610853,0.5016023013975802,0.3903390171308393,0.28322587602622884,0.19140577380003357,0.11213167973329353,0.021898755293464443
0.6902095657432178,0.7650371738441525,2.186107359555453,0.7448015136894482,0.648942922694583,0.47065338826214104,0.3530631841809248,0.2347393783149042,0.1387562743449802,0.026963670938333722
0.5217649710187381,0.6737859608610853,0.7448015136894482,2.1611049971034126,0.7141077246081999,0.6107016759738519,0.4246045319157033,0.2931359050911783,0.1697454861057368,0.03336619144889136
0.41545825844270345,0.5016023013975802,0.648942922694583,0.7141077246081999,2.1234206370867867,0.6671671323082858,0.5541488108418511,0.3510903437522977,0.21318386951021964,0.0408173291479416
0.3134773843466566,0.3903390171308393,0.47065338826214104,0.6107016759738519,0.6671671323082858,2.064921284009389,0.5967698317831098,0.4624021749532966,0.2519432055257687,0.05126466353485579
0.23076376642812638,0.28322587602622884,0.3530631841809248,0.4246045319157033,0.5541488108418511,0.5967698317831098,1.979978213897585,0.48672822584842634,0.34170867458427184,0.060579459491834825
0.1548463989343755,0.19140577380003357,0.2347393783149042,0.2931359050911783,0.3510903437522977,0.4624021749532966,0.48672822584842634,1.8355041874852112,0.3334439489580892,0.08218039178713896
0.09106831360293115,0.11213167973329353,0.1387562743449802,0.1697454861057368,0.21318386951021964,0.2519432055257687,0.34170867458427184,0.3334439489580892,1.6590960563048847,0.08014911701633745
0.017746638170902197,0.021898755293464443,0.026963670938333722,0.03336619144889136,0.0408173291479416,0.05126466353485579,0.060579459491834825,0.08218039178713896,0.08014911701633745,1.1575639431780476
