1.6304575952231137,-0.5939457483753632,0.7082052557943268,-0.5490018799716863,0.4774283133652345,-0.3856267608921268,0.30447442430015736,-0.22395105887442862,0.14583506379391825,-0.06956107907975165
-0.5939457483753632,1.5975403913617263,-0.5577751470247369,0.6684604080481588,-0.5053272146839203,0.4294433020571084,-0.3328788374685353,0.24658269172454947,-0.1601034720310182,0.07646964541544185
0.7082052557943268,-0.5577751470247369,1.5577948323682742,-0.5141021047197287,0.6204690511192189,-0.452599800331371,0.37148119726956447,-0.2692680195181838,0.1764155735365971,-0.08391303545886705
-0.5490018799716863,0.6684604080481588,-0.5141021047197287,1.5098061176041342,-0.4613686612574613,0.5625305192525399,-0.3889127946095011,0.301575500088599,-0.19219802607629977,0.09259226310102817
0.4774283133652345,-0.5053272146839203,0.6204690511192189,-0.4613686612574613,1.451857770536773,-0.3977040526706308,0.4925372526099846,-0.31212582600657646,0.21678105429982872,-0.10043823520386216
-0.3856267608921268,0.4294433020571084,-0.452599800331371,0.5625305192525399,-0.3977040526706308,1.3819009657244719,-0.32083388245396505,0.40806811273672156,-0.21931464515551574,0.11477652872163399
0.30447442430015736,-0.3328788374685353,0.37148119726956447,-0.3889127946095011,0.4925372526099846,-0.32083388245396505,1.2972963762451872,-0.22833178169359292,0.3048551300463924,-0.11120470229708702
-0.22395105887442862,0.24658269172454947,-0.2692680195181838,0.301575500088599,-0.31212582600657646,0.40806811273672156,-0.22833178169359292,1.194586566205368,-0.1190736579506288,0.17261955489572847
0.14583506379391825,-0.1601034720310182,0.1764155735365971,-0.19219802607629977,0.21678105429982872,-0.21931464515551574,0.3048551300463924,-0.1190736579506288,1.060481788746495,-0.019209336952927168
-0.06956107907975165,0.07646964541544185,-0.08391303545886705,0.09259226310102817,-0.10043823520386216,0.11477652872163399,-0.11120470229708702,0.17261955489572847,-0.019209336952927168,0.7971273760056694
