0.81934404757839,0.14903459338582692,0.028069136242913732,0.0009007876286053719,-0.003972817696811735,-0.003908460272398205,-0.003024357508795442,-0.0022706868297830735,-0.0020127211041500908,-0.0031474373167923266
0.14903459338582692,0.8193474450917483,0.14903936190232278,0.028075591293578207,0.0009085411902701425,-0.003967732100541896,-0.003925584185012706,-0.003148021294155852,-0.002850719960236788,-0.004481345120040649
0.028069136242913732,0.14903936190232278,0.8193541373202469,0.14904841883444467,0.028086460641470308,0.0009156244947708751,-0.0039919898069364565,-0.0041000630671058505,-0.003965831875547557,-0.006330624722080114
0.0009007876286053719,0.028075591293578207,0.14904841883444467,0.819366385367233,0.14906307854537595,0.02809582350146584,0.0008818605678305599,-0.00423195941317555,-0.005222507754193959,-0.008739108307568254
-0.003972817696811735,0.0009085411902701425,0.028086460641470308,0.14906307854537595,0.8193837625140524,0.14907335576889172,0.02805128802833152,0.0005773826263375546,-0.005646284400385419,-0.011224780048350445
-0.003908460272398205,-0.003967732100541896,0.0009156244947708751,0.02809582350146584,0.14907335576889172,0.8193858135611954,0.1490248861278081,0.027773008756094043,-0.0006701029703226752,-0.010884010328861403
-0.003024357508795442,-0.003925584185012706,-0.0039919898069364565,0.0008818605678305599,0.02805128802833152,0.1490248861278081,0.8193783386561168,0.14926555988211188,0.029139041577453853,0.0054376774665801375
-0.0022706868297830735,-0.003148021294155852,-0.0041000630671058505,-0.00423195941317555,0.0005773826263375546,0.027773008756094043,0.14926555988211188,0.8223185393877538,0.1640239123915632,0.09314986545051168
-0.0020127211041500908,-0.002850719960236788,-0.003965831875547557,-0.005222507754193959,-0.005646284400385419,-0.0006701029703226752,0.029139041577453853,0.1640239123915632,0.8954798974111534,0.48028038580596893
-0.0031474373167923266,-0.004481345120040649,-0.006330624722080114,-0.008739108307568254,-0.011224780048350445,-0.010884010328861403,0.0054376774665801375,0.09314986545051168,0.48028038580596893,2.261322875661578
