6.545159407841383,1.48071076819671,-0.4396162517779631,-0.2580521417239138,0.01016302079312405,0.03360430497679745,0.004491466238392422,-0.003350387055617162,-0.0010825303940592322,3.408630024976925e-05
1.48071076819671,6.545159144978339,1.480710602588247,-0.4396143527016269,-0.2580481711729222,0.010153142012349507,0.03355847656007647,0.004507996360052358,-0.0029564270569240715,-0.0006708630428124542
-0.4396162517779631,1.480710602588247,6.545158002380572,1.4807103613739314,-0.4396054351368397,-0.25803387003743544,0.010100739417091126,0.0333701196352883,0.004671482890998948,-0.0012049305384311956
-0.2580521417239138,-0.4396143527016269,1.4807103613739314,6.545142291624905,1.4806905600046343,-0.4395056444312677,-0.25773536024667726,0.009706080339972011,0.03040661799509073,0.003763501601516654
0.01016302079312405,-0.2580481711729222,-0.4396054351368397,1.4806905600046343,6.54504266774898,1.4807129431008401,-0.43866800009379575,-0.2567567204605101,0.004278815120738632,0.014967547263519804
0.03360430497679745,0.010153142012349507,-0.25803387003743544,-0.4395056444312677,1.4807129431008401,6.544265659743955,1.4794557954594412,-0.43411735105972343,-0.24027642079925937,-0.009747568662531961
0.004491466238392422,0.03355847656007647,0.010100739417091126,-0.25773536024667726,-0.43866800009379575,1.4794557954594412,6.535742529681438,1.4778330086756406,-0.3673529395993082,-0.13468899296903714
-0.003350387055617162,0.004507996360052358,0.0333701196352883,0.009706080339972011,-0.2567567204605101,-0.43411735105972343,1.4778330086756406,6.496649045068653,1.43684042858724,-0.10757634514702799
-0.0010825303940592322,-0.0029564270569240715,0.004671482890998948,0.03040661799509073,0.004278815120738632,-0.24027642079925937,-0.3673529395993082,1.43684042858724,5.899298249020071,0.9416121729861874
3.408630024976925e-05,-0.0006708630428124542,-0.0012049305384311956,0.003763501601516654,0.014967547263519804,-0.009747568662531961,-0.13468899296903714,-0.10757634514702799,0.9416121729861874,3.1101610462605658
