3.5944235397555824,-1.9965864294512663,2.1352654021704,-1.74975126162537,1.5558124736065644,-1.2932975339503603,1.0554767338169668,-0.811821412776889,0.5635992770155374,-0.3369389875057432
-1.9965864294512663,3.39140039288345,-1.7896226136247742,1.9243573971009391,-1.5346234266562722,1.3369313610264075,-1.069084759432541,0.8299670485231869,-0.5736205500824032,0.3437012488471497
2.1352654021704,-1.7896226136247742,3.1804192038969523,-1.5746212682719316,1.705052691450282,-1.3114970496032492,1.1083575834811497,-0.839222556375558,0.5870748458149921,-0.3496405607219771
-1.74975126162537,1.9243573971009391,-1.5746212682719316,2.9613194691977807,-1.3511406235321457,1.4776652985400438,-1.0785921025791934,0.8740471830275169,-0.5918879411736184,0.35831467775723613
1.5558124736065644,-1.5346234266562722,1.705052691450282,-1.3511406235321457,2.733358000825965,-1.119227897036539,1.2400321135551418,-0.8397794981046021,0.6212514038027397,-0.35995712429302135
-1.2932975339503603,1.3369313610264075,-1.3114970496032492,1.4776652985400438,-1.119227897036539,2.4973326662861925,-0.8776363160595397,0.9965426728611694,-0.583980532072137,0.3814125157718852
1.0554767338169668,-1.069084759432541,1.1083575834811497,-1.0785921025791934,1.2400321135551418,-0.8776363160595397,2.2493400143823243,-0.6296206100781512,0.7306389178385146,-0.34892955364294836
-0.811821412776889,0.8299670485231869,-0.839222556375558,0.8740471830275169,-0.8397794981046021,0.9965426728611694,-0.6296206100781512,1.9960486955861603,-0.37277054951559874,0.4651639636724295
0.5635992770155374,-0.5736205500824032,0.5870748458149921,-0.5918879411736184,0.6212514038027397,-0.583980532072137,0.7306389178385146,-0.37277054951559874,1.6952492718020962,-0.17328959509886555
-0.3369389875057432,0.3437012488471497,-0.3496405607219771,0.35831467775723613,-0.35995712429302135,0.3814125157718852,-0.34892955364294836,0.4651639636724295,-0.17328959509886555,1.2964952045396034
