1.3330752964756811,0.12300610702159605,-0.4060180729434991,-0.01860514119799448,0.12610442377570993,-7.91907857819405e-05,-0.03932189106944501,0.001319303865047037,0.013689895087832913,0.0005693041941739166
0.12300610702159605,1.3331059813706252,0.12289349381867364,-0.4061002502251182,-0.018226873357043323,0.1263126362405923,-0.0013392968083974703,-0.039802749384658866,0.005484111177515915,0.01460624995743179
-0.4060180729434991,0.12289349381867364,1.3332195500615467,0.12324146809032696,-0.4065227542821744,-0.0192910349534555,0.12784880237900093,0.001877307660478178,-0.04528704960516599,-0.004108457608964399
-0.01860514119799448,-0.4061002502251182,0.12324146809032696,1.333432450747233,0.1220789715072143,-0.40703393687929645,-0.015438381547747394,0.12891190074568418,-0.010793192059046847,-0.04677705769634602
0.12610442377570993,-0.018226873357043323,-0.4065227542821744,0.1220789715072143,1.3349838351692944,0.12561242285672636,-0.41261667178172656,-0.02604422315025176,0.14867519386389366,0.02057553183186207
-7.91907857819405e-05,0.1263126362405923,-0.0192910349534555,-0.40703393687929645,0.12561242285672636,1.3360963331199582,0.11397042966567138,-0.414426205546577,0.012026521439580416,0.14865725018379214
-0.03932189106944501,-0.0013392968083974703,0.12784880237900093,-0.015438381547747394,-0.41261667178172656,0.11397042966567138,1.3560199806482403,0.14867775571349856,-0.48447101280891136,-0.0897957132520261
0.001319303865047037,-0.039802749384658866,0.001877307660478178,0.12891190074568418,-0.02604422315025176,-0.414426205546577,0.14867775571349856,1.356522558291553,0.03593763563358965,-0.4686547976298894
0.013689895087832913,0.005484111177515915,-0.04528704960516599,-0.010793192059046847,0.14867519386389366,0.012026521439580416,-0.48447101280891136,0.03593763563358965,1.6013403839526184,0.3640118248273059
0.0005693041941739166,0.01460624995743179,-0.004108457608964399,-0.04677705769634602,0.02057553183186207,0.14865725018379214,-0.0897957132520261,-0.4686547976298894,0.3640118248273059,1.4992272417881216
