0.8726564054561148,0.16945631930835275,0.02154683351608583,-0.011280663399592127,-0.01718993604390915,-0.017769551301817635,-0.01819886040343092,-0.019464273651886778,-0.02061703133721865,-0.01623941392960415
0.16945631930835275,0.8712151988820526,0.1674999761008403,0.018892768282743035,-0.014875056932678273,-0.02203260180611163,-0.024191844923483443,-0.02630002293819273,-0.027961928059812746,-0.022043247497348248
0.02154683351608583,0.1674999761008403,0.8685595913921511,0.1638972561226596,0.01401361156017695,-0.021448672896395536,-0.0307505063061871,-0.03518889590332043,-0.03783606279385583,-0.02990209634395597
-0.011280663399592127,0.018892768282743035,0.1638972561226596,0.8636719722222093,0.1572779524923526,0.005095479134293783,-0.0332760379697894,-0.04567064357235561,-0.050843391965578216,-0.04048505492684258
-0.01718993604390915,-0.014875056932678273,0.01401361156017695,0.1572779524923526,0.854707405877667,0.1451998966554076,-0.010923319879161661,-0.05348651356958842,-0.06688836611103988,-0.05449914918405459
-0.017769551301817635,-0.02203260180611163,-0.021448672896395536,0.005095479134293783,0.1451998966554076,0.838433821374118,0.12361386691549194,-0.038169460432378455,-0.08214118349780351,-0.07209016291337147
-0.01819886040343092,-0.024191844923483443,-0.0307505063061871,-0.0332760379697894,-0.010923319879161661,0.12361386691549194,0.8097896586888719,0.08741145503783557,-0.07644952163017457,-0.09016567353444455
-0.019464273651886778,-0.02630002293819273,-0.03518889590332043,-0.04567064357235561,-0.05348651356958842,-0.038169460432378455,0.08741145503783557,0.7638385724223922,0.03797208580892646,-0.09123016488762298
-0.02061703133721865,-0.027961928059812746,-0.03783606279385583,-0.050843391965578216,-0.06688836611103988,-0.08214118349780351,-0.07644952163017457,0.03797208580892646,0.7069665886516517,0.0022041134901311325
-0.01623941392960415,-0.022043247497348248,-0.02990209634395597,-0.04048505492684258,-0.05449914918405459,-0.07209016291337147,-0.09016567353444455,-0.09123016488762298,0.0022041134901311325,0.5949621099167144
