0.7895751585490073,0.27655921559523544,0.18942982942100559,0.09344181854069947,0.05973643299412946,0.030838001261273937,0.018545814829464307,0.009298952152018725,0.0043235071142853475,0.00038358817058369374
0.27655921559523544,0.7895344948813678,0.2764877034826174,0.18930479864004346,0.0932216126971743,0.05935213717581624,0.030159612287742926,0.017365330098691595,0.007207526127716665,0.0007006136068389684
0.18942982942100559,0.2764877034826174,0.7894058299140612,0.2762691042745571,0.1889057928474608,0.09255591596689927,0.05810937523105494,0.02814461171955548,0.013468743962001576,0.0011679334375776173
0.09344181854069947,0.18930479864004346,0.2762691042745571,0.7890208238191488,0.27559721842555174,0.18771969700976895,0.09049202204226395,0.05445269483527394,0.02181061109914446,0.0021825890711334502
0.05973643299412946,0.0932216126971743,0.1889057928474608,0.27559721842555174,0.7877807980185214,0.27355716636890426,0.18384472611044345,0.08434636955358382,0.04224236943588486,0.003534240900320551
0.030838001261273937,0.05935213717581624,0.09255591596689927,0.18771969700976895,0.27355716636890426,0.7841135773842866,0.26731966967850185,0.1724753044964395,0.06534444027467635,0.00684537005098531
0.018545814829464307,0.030159612287742926,0.05810937523105494,0.09049202204226395,0.18384472611044345,0.26731966967850185,0.7719438553380932,0.24867154478246883,0.13383895587374373,0.010588419568089927
0.009298952152018725,0.017365330098691595,0.02814461171955548,0.05445269483527394,0.08434636955358382,0.1724753044964395,0.24867154478246883,0.7363904427659625,0.19255259055374563,0.021688866031540466
0.0043235071142853475,0.007207526127716665,0.013468743962001576,0.02181061109914446,0.04224236943588486,0.06534444027467635,0.13383895587374373,0.19255259055374563,0.6123641945342488,0.031200538621641155
0.00038358817058369374,0.0007006136068389684,0.0011679334375776173,0.0021825890711334502,0.003534240900320551,0.00684537005098531,0.010588419568089927,0.021688866031540466,0.031200538621641155,0.25166903521812645
