2.457757170865124,1.1142871210818386,-0.005214431355867027,-0.8353266832279287,-0.9611420173538883,-0.5064292756541586,0.07007653378548506,0.36128194737796077,0.2856266342747183,0.07167401803538892
1.1142871210818386,2.3593131933260576,1.0567706506737953,0.025680034344349977,-0.7205044744615559,-0.8256440456865133,-0.43981987556923685,0.008714745553932122,0.18992307668170894,0.10157197776350335
-0.005214431355867027,1.0567706506737953,2.297784876047051,1.0329246732086992,0.06314724333078583,-0.6359029851584049,-0.7433126434749282,-0.41700434428847777,-0.05506305927411869,0.06707268189762114
-0.8353266832279287,0.025680034344349977,1.0329246732086992,2.2252295382068787,0.9524518537622177,0.028780210050157348,-0.5916691908183508,-0.6360342404656882,-0.30870435011655634,-0.020280286688123546
-0.9611420173538883,-0.7205044744615559,0.06314724333078583,0.9524518537622177,2.0598887296295856,0.8001767865550148,-0.002862318226779896,-0.4578723248316558,-0.39762159405311653,-0.11027300334003787
-0.5064292756541586,-0.8256440456865133,-0.6359029851584049,0.028780210050157348,0.8001767865550148,1.8723315246773713,0.7000442606266577,0.07017514497944574,-0.22908882155489907,-0.14130789130851537
0.07007653378548506,-0.43981987556923685,-0.7433126434749282,-0.5916691908183508,-0.002862318226779896,0.7000442606266577,1.7597639967493501,0.6503519742068463,0.12962181719576965,-0.08074191312690542
0.36128194737796077,0.008714745553932122,-0.41700434428847777,-0.6360342404656882,-0.4578723248316558,0.07017514497944574,0.6503519742068463,1.5982615353206677,0.46719387245942817,0.04707410123401781
0.2856266342747183,0.18992307668170894,-0.05506305927411869,-0.30870435011655634,-0.39762159405311653,-0.22908882155489907,0.12962181719576965,0.46719387245942817,1.2526900754383188,0.16674580290378255
0.07167401803538892,0.10157197776350335,0.06707268189762114,-0.020280286688123546,-0.11027300334003787,-0.14130789130851537,-0.08074191312690542,0.04707410123401781,0.16674580290378255,0.9001744092035102
