0.2550270921153278,-0.15163167356716992,0.12081116688801316,-0.0958257057615489,0.07492231349169677,-0.05724765695383396,0.04203728054939062,-0.028640586231013794,0.01642194173948536,-0.005709876771907412
-0.15163167356716992,0.2530618564433561,-0.14921416711572516,0.11783730614301127,-0.09216745214489806,0.0704221874260658,-0.051711570560294344,0.03523180499272758,-0.02020121590400978,0.0070239229228023035
0.12081116688801316,-0.14921416711572516,0.25008799558476824,-0.1455559150092348,0.11333715796973806,-0.08663168666336574,0.06361205021808286,-0.043339912495131395,0.024850234728568635,-0.008640377981494635
-0.0958257057615489,0.11783730614301127,-0.1455559150092348,0.24558784944107934,-0.140020122543742,0.1065274157871508,-0.07825429445472092,0.05331377561417656,-0.03056917336589655,0.010628836181208433
0.07492231349169677,-0.09216745214489806,0.11333715796973806,-0.140020122543742,0.23877807099332526,-0.1316432124918797,0.09622208276147662,-0.06558601456890199,0.03760402743686721,-0.013074920829287547
-0.05724765695383396,0.0704221874260658,-0.08663168666336574,0.1065274157871508,-0.1316432124918797,0.22847338596356656,-0.11896631729685149,0.08063845639404767,-0.04626099225916893,0.016083771949228637
0.04203728054939062,-0.051711570560294344,0.06361205021808286,-0.07825429445472092,0.09622208276147662,-0.11896631729685149,0.2128781810279612,-0.09979523568744614,0.05686462192648763,-0.019787460572390773
-0.028640586231013794,0.03523180499272758,-0.043339912495131395,0.05331377561417656,-0.06558601456890199,0.08063845639404767,-0.09979523568744614,0.18931123558209156,-0.07057104948070905,0.024308731542493744
0.01642194173948536,-0.02020121590400978,0.024850234728568635,-0.03056917336589655,0.03760402743686721,-0.04626099225916893,0.05686462192648763,-0.07057104948070905,0.15305859559626256,-0.030375534908218482
-0.005709876771907412,0.0070239229228023035,-0.008640377981494635,0.010628836181208433,-0.013074920829287547,0.016083771949228637,-0.019787460572390773,0.024308731542493744,-0.030375534908218482,0.10575303586402622
