1.5448355145103,0.6209862316469943,0.4085046599547095,0.24609380098475991,0.16048749878320656,0.09695341788797607,0.06226653477054668,0.03688212548876451,0.022096163824116312,0.010728166011018093
0.6209862316469943,1.5447241835370051,0.6208149633837776,0.40822207195627463,0.24566183041443868,0.15976981740104002,0.09586461948560765,0.060442666879527984,0.034139918003967276,0.017457534137134585
0.4085046599547095,0.6208149633837776,1.544453455909769,0.6203812836787531,0.4075373709672708,0.24456356224784395,0.1580383385706766,0.09308296217747555,0.0560647118087666,0.027093550813886796
0.24609380098475991,0.40822207195627463,0.6203812836787531,1.5437360208218696,0.6192877326481963,0.40571486771336174,0.2418080410693074,0.1534053937868882,0.0861454747515119,0.04427771375666871
0.16048749878320656,0.24566183041443868,0.4075373709672708,0.6192877326481963,1.5420038622302434,0.6165191923832432,0.4013331463046541,0.2347984190839279,0.14232215604243334,0.06839637487020553
0.09695341788797607,0.15976981740104002,0.24456356224784395,0.40571486771336174,0.6165191923832432,1.5373727935574153,0.6095455024994099,0.38955654317837607,0.217248407389841,0.11234829170020652
0.06226653477054668,0.09586461948560765,0.1580383385706766,0.2418080410693074,0.4013331463046541,0.6095455024994099,1.5262843778298532,0.5918963197974486,0.3614963365622913,0.17258105168865978
0.03688212548876451,0.060442666879527984,0.09308296217747555,0.1534053937868882,0.2347984190839279,0.38955654317837607,0.5918963197974486,1.4963248044915318,0.5475026716830651,0.2852065732180631
0.022096163824116312,0.034139918003967276,0.0560647118087666,0.0861454747515119,0.14232215604243334,0.217248407389841,0.3614963365622913,0.5475026716830651,1.4252772091269446,0.43521645950886745
0.010728166011018093,0.017457534137134585,0.027093550813886796,0.04427771375666871,0.06839637487020553,0.11234829170020652,0.17258105168865978,0.2852065732180631,0.43521645950886745,1.23090180911049
