2.257982367563565,0.6550774397412156,0.29567141921406415,0.056144053625193785,0.053988283706743474,-0.005747991051891151,0.015590002055013616,-0.0071821709475461005,0.005786049812730187,-0.004897690188186656
0.6550774397412156,2.2579436869514615,0.6551331004128733,0.29560061161688084,0.056259575798720124,0.053878673273207715,-0.005453408172950182,0.015590226432696377,-0.006020395345573892,0.0074921673200013
0.29567141921406415,0.6551331004128733,2.257863750296976,0.6552352231240214,0.2954353407398883,0.05641963149941148,0.05346198977084537,-0.005433960012743561,0.013975922034784864,-0.008313163757574672
0.056144053625193785,0.29560061161688084,0.6552352231240214,2.2577344723790453,0.6554481086279316,0.29523810859996674,0.056969477384083284,0.05349142007223192,-0.003222895938327245,0.017337315495227157
0.053988283706743474,0.056259575798720124,0.2954353407398883,0.6554481086279316,2.257395331490042,0.655789663461116,0.2944023122253472,0.057089352527175466,0.05037209227265844,-0.007328758475852542
-0.005747991051891151,0.053878673273207715,0.05641963149941148,0.29523810859996674,0.655789663461116,2.2571190360175737,0.6567307637363548,0.29469429703985933,0.06122838046481588,0.05759848426777832
0.015590002055013616,-0.005453408172950182,0.05346198977084537,0.056969477384083284,0.2944023122253472,0.6567307637363548,2.2552050873605096,0.6576319631026122,0.28847097224546,0.055647040259514564
-0.0071821709475461005,0.015590226432696377,-0.005433960012743561,0.05349142007223192,0.057089352527175466,0.29469429703985933,0.6576319631026122,2.257679054138483,0.6648163474803653,0.3087701408248714
0.005786049812730187,-0.006020395345573892,0.013975922034784864,-0.003222895938327245,0.05037209227265844,0.06122838046481588,0.28847097224546,0.6648163474803653,2.2436875781134464,0.6726056507812284
-0.004897690188186656,0.0074921673200013,-0.008313163757574672,0.017337315495227157,-0.007328758475852542,0.05759848426777832,0.055647040259514564,0.3087701408248714,0.6726056507812284,2.3351537166849146
