2.423426921393089,-1.2705748938283978,0.99664115099225,-0.7579687329484867,0.5809840263466538,-0.4342460257893148,0.31837021040504576,-0.2209087264465411,0.13872943579890418,-0.06392919028057195
-1.2705748938283978,2.415976144545953,-1.26100495284061,0.9843187540049041,-0.7421653600413773,0.5605862334643608,-0.4081872895994638,0.2845260442159606,-0.1781026567396815,0.08223964037490716
0.99664115099225,-1.26100495284061,2.403683434460641,-1.2451784720726313,0.9640177255972155,-0.715969984370481,0.5271052012789854,-0.36473597282000647,0.22950211819586697,-0.10562937543391976
-0.7579687329484867,0.9843187540049041,-1.2451784720726313,2.3833036284074667,-1.2190444157967133,0.9302799176301386,-0.6728812563375663,0.47111765696771557,-0.29397492962780813,0.13601204728287936
0.5809840263466538,-0.7421653600413773,0.9640177255972155,-1.2190444157967133,2.3497748660801543,-1.1757929696211813,0.8749737577043875,-0.6011580417574683,0.3801846592056935,-0.1744299900263122
-0.4342460257893148,0.5605862334643608,-0.715969984370481,0.9302799176301386,-1.1757929696211813,2.293913979248881,-1.1045015465476085,0.7822326272682024,-0.484166335780899,0.22514996324268644
0.31837021040504576,-0.4081872895994638,0.5271052012789854,-0.6728812563375663,0.8749737577043875,-1.1045015465476085,2.2026448811404515,-0.9863640316150855,0.6319960215415706,-0.28761673688075123
-0.2209087264465411,0.2845260442159606,-0.36473597282000647,0.47111765696771557,-0.6011580417574683,0.7822326272682024,-0.9863640316150855,2.048502066516454,-0.7928549699735539,0.3735848366172984
0.13872943579890418,-0.1781026567396815,0.22950211819586697,-0.29397492962780813,0.3801846592056935,-0.484166335780899,0.6319960215415706,-0.7928549699735539,1.8004564609766534,-0.47243133993568676
-0.06392919028057195,0.08223964037490716,-0.10562937543391976,0.13601204728287936,-0.1744299900263122,0.22514996324268644,-0.28761673688075123,0.3735848366172984,-0.47243133993568676,1.3641455236260907
