0.6954831479858895,-0.1593135460828676,0.06652775842765478,-0.010562693788516656,0.008307258045089546,0.00017850770808404155,0.0013722486399595714,0.00032458924862298734,0.00028848227936017546,3.3599734616728344e-05
-0.1593135460828676,0.6954827538527554,-0.15931425503949814,0.06652630582529194,-0.010565057054308961,0.00830155299511122,0.0001718445018171295,0.0013461564901302951,0.00031988807403008013,0.00013287089795070188
0.06652775842765478,-0.15931425503949814,0.6954814854339411,-0.15931687756359206,0.06652211087669568,-0.010575457838857244,0.008290110996374705,0.00012328313708294826,0.0013433708718312498,2.1877261799459906e-05
-0.010562693788516656,0.06652630582529194,-0.15931687756359206,0.695476145318114,-0.15932566640117957,0.06650127977327852,-0.010600780688513806,0.008196237585010492,9.797449004442799e-05,0.0007953345326631651
0.008307258045089546,-0.010565057054308961,0.06652211087669568,-0.15932566640117957,0.6954624343293694,-0.15936101158372987,0.06646578342702465,-0.010770575562290158,0.00821454257522179,-0.0009834969422929693
0.00017850770808404155,0.00830155299511122,-0.010575457838857244,0.06650127977327852,-0.15936101158372987,0.6953826684375117,-0.1594684922752922,0.06612112710763214,-0.010953699159268656,0.006329396953775152
0.0013722486399595714,0.0001718445018171295,0.008290110996374705,-0.010600780688513806,0.06646578342702465,-0.1594684922752922,0.695313259464274,-0.16003905633609905,0.06649270528722473,-0.015024236398366933
0.00032458924862298734,0.0013461564901302951,0.00012328313708294826,0.008196237585010492,-0.010770575562290158,0.06612112710763214,-0.16003905633609905,0.69397347827634,-0.16170066983299042,0.060501473017393226
0.00028848227936017546,0.00031988807403008013,0.0013433708718312498,9.797449004442799e-05,0.00821454257522179,-0.010953699159268656,0.06649270528722473,-0.16170066983299042,0.698622678787193,-0.17857605951561778
3.3599734616728344e-05,0.00013287089795070188,2.1877261799459906e-05,0.0007953345326631651,-0.0009834969422929693,0.006329396953775152,-0.015024236398366933,0.060501473017393226,-0.17857605951561778,0.6851259358976391
