0.8245252141196988,0.3350139854870058,0.18504227571268606,0.07463546140863135,0.04585072251878651,0.0160122678816443,0.011156322207255149,0.0035115824912233117,0.0009260633139448146,0.0009664483893048793
0.3350139854870058,0.8244577805294118,0.3351223734689398,0.1848936302688472,0.07488871049030082,0.045531087359370975,0.0166194925719515,0.010504112496933147,0.0050315298566457126,-0.00024735908563791814
0.18504227571268606,0.3351223734689398,0.8242359053680892,0.335334591387798,0.18432363246862346,0.07522825653965019,0.043951538782551626,0.016788723640894142,0.005694558597364513,0.0028621498380724353
0.07463546140863135,0.1848936302688472,0.335334591387798,0.8238932801388017,0.3358015360028864,0.18352144039764737,0.07622860894663334,0.04202129985851598,0.018813212552715505,0.0008356534321437258
0.04585072251878651,0.07488871049030082,0.18432363246862346,0.3358015360028864,0.8223851139388696,0.33640632578282303,0.1791775700499051,0.07567253081704098,0.0282223458849859,0.009354975311336656
0.0160122678816443,0.045531087359370975,0.07522825653965019,0.18352144039764737,0.33640632578282303,0.8202332382926112,0.3370784388107073,0.17287275371555838,0.07422675330979818,0.007836302038184896
0.011156322207255149,0.0166194925719515,0.043951538782551626,0.07622860894663334,0.1791775700499051,0.3370784388107073,0.8071224490843896,0.33181922338955827,0.1292179960115368,0.03343720905243628
0.0035115824912233117,0.010504112496933147,0.016788723640894142,0.04202129985851598,0.07567253081704098,0.17287275371555838,0.33181922338955827,0.7845997072235489,0.30287010693098826,0.043066228001546955
0.0009260633139448146,0.0050315298566457126,0.005694558597364513,0.018813212552715505,0.0282223458849859,0.07422675330979818,0.1292179960115368,0.30287010693098826,0.6328346754124943,0.1279502628434755
0.0009664483893048793,-0.00024735908563791814,0.0028621498380724353,0.0008356534321437258,0.009354975311336656,0.007836302038184896,0.03343720905243628,0.043066228001546955,0.1279502628434755,0.2673312363094925
