0.8296996848115854,-0.023689509325438562,0.016177310349956755,-0.008082824607815956,0.0009938087952004954,0.004005509424961758,-0.006452318467614461,0.006502470565572659,-0.004820321013516173,0.0023883167812858443
-0.023689509325438562,0.8287894279187109,-0.022835267043770875,0.015548123912090492,-0.007846686212500335,0.001286776625745173,0.0031116796271226503,-0.004978473212154251,0.00458016614296553,-0.0026940250183009017
0.016177310349956755,-0.022835267043770875,0.8278414050805138,-0.02194416674462115,0.014889924003595957,-0.00759652607587135,0.0015868185749770246,0.002185978765493805,-0.0034479054269606797,0.002580752473258347
-0.008082824607815956,0.015548123912090492,-0.02194416674462115,0.8267889333846153,-0.020884083398979042,0.01401375582060073,-0.007107573667776879,0.0016658659969778348,0.0014189609794194188,-0.00197002755419898
0.0009938087952004954,-0.007846686212500335,0.014889924003595957,-0.020884083398979042,0.8254252103233772,-0.019393583266264107,0.012638306608231772,-0.006125237011786727,0.0013487997308163514,0.0008555331409525935
0.004005509424961758,0.001286776625745173,-0.00759652607587135,0.01401375582060073,-0.019393583266264107,0.8234468527445142,-0.017172736794121544,0.010522615758393809,-0.004525420308663898,0.0006786699072409453
-0.006452318467614461,0.0031116796271226503,0.0015868185749770246,-0.007107573667776879,0.012638306608231772,-0.017172736794121544,0.8205856078768422,-0.014041383922527902,0.007628314137812399,-0.0024520898943058093
0.006502470565572659,-0.004978473212154251,0.002185978765493805,0.0016658659969778348,-0.006125237011786727,0.010522615758393809,-0.014041383922527902,0.8167693572099393,-0.010074162152006672,0.004197905467421003
-0.004820321013516173,0.00458016614296553,-0.0034479054269606797,0.0014189609794194188,0.0013487997308163514,-0.004525420308663898,0.007628314137812399,-0.010074162152006672,0.8121988701231206,-0.005591200658722313
0.0023883167812858443,-0.0026940250183009017,0.002580752473258347,-0.00197002755419898,0.0008555331409525935,0.0006786699072409453,-0.0024520898943058093,0.004197905467421003,-0.005591200658722313,0.8072318850649155
