0.8443611661197702,0.00931765056305082,0.003354636432250416,0.0013959087605794583,0.0005455280632180311,0.00021889394113009243,8.674968488946917e-05,3.4321707001577365e-05,1.2970728849953816e-05,3.5270283667306875e-06
0.00931765056305082,0.8443611634277765,0.009317643800885832,0.0033546194531389162,0.0013958660857037062,0.0005454210530484617,0.00021862414683950594,8.607808877718687e-05,3.259937472034249e-05,8.854160548097717e-06
0.003354636432250416,0.009317643800885832,0.8443611464414928,0.009317601150252479,0.0033545122548951523,0.001395597285868729,0.0005447433124170645,0.0002169372998332483,8.175064876082289e-05,2.2264732484284635e-05
0.0013959087605794583,0.0033546194531389162,0.009317601150252479,0.8443610393493808,0.009317331991678272,0.0033538372973875323,0.0013938957228985787,0.0005405067990550429,0.0002060775461488034,5.5766128162621555e-05
0.0005455280632180311,0.0013958660857037062,0.0033545122548951523,0.009317331991678272,0.8443603628213368,0.009315635737334769,0.003349559599332464,0.0013832537361926599,0.0005131767449309116,0.00014097662560931464
0.00021889394113009243,0.0005454210530484617,0.001395597285868729,0.0033538372973875323,0.009315635737334769,0.844356108364094,0.00930491519351945,0.0033228389967014152,0.0013149302977615083,0.00034870752721260037
8.674968488946917e-05,0.00021862414683950594,0.0005447433124170645,0.0013938957228985787,0.003349559599332464,0.00930491519351945,0.8443290438436939,0.00923775424396644,0.0031493511097897614,0.0009074945805380237
3.4321707001577365e-05,8.607808877718687e-05,0.0002169372998332483,0.0005405067990550429,0.0013832537361926599,0.0033228389967014152,0.00923775424396644,0.8441606452553135,0.008813116004882063,0.002092722197114002
1.2970728849953816e-05,3.259937472034249e-05,8.175064876082289e-05,0.0002060775461488034,0.0005131767449309116,0.0013149302977615083,0.0031493511097897614,0.008813116004882063,0.843028704852879,0.006355427818774928
3.5270283667306875e-06,8.854160548097717e-06,2.2264732484284635e-05,5.5766128162621555e-05,0.00014097662560931464,0.00034870752721260037,0.0009074945805380237,0.002092722197114002,0.006355427818774928,0.835700020446207
