0.985554280330804,-0.05149172513009158,0.0120187659313849,-0.0030382880147039083,0.0007927392104318503,-0.00020925178073556765,5.546362923399119e-05,-1.4725807967621855e-05,3.927424490535544e-06,-1.1383065961398527e-06
-0.05149172513009158,0.9855542803350128,-0.051491725145942586,0.012018765991133707,-0.003038288240475538,0.0007927400695011317,-0.00020925511322633606,5.5477233794909015e-05,-1.4788408985756785e-05,4.285454417879533e-06
0.0120187659313849,-0.051491725145942586,0.9855542803947099,-0.051491725370965094,0.012018766841421419,-0.0030382914758471705,0.0007927526200703966,-0.0002093063492164378,5.571299029414873e-05,-1.6136716049410855e-05
-0.0030382880147039083,0.012018765991133707,-0.051491725370965094,0.9855542812429092,-0.05149172857603351,0.012018779036763905,-0.003038338783231876,0.000792945741127579,-0.00021019492494084644,6.07943870440122e-05
0.0007927392104318503,-0.003038288240475538,0.012018766841421419,-0.05149172857603351,0.9855542933537728,-0.05149177465761074,0.012018957788399162,-0.003039068441352656,0.0007963024743905618,-0.0002293861125152902
-0.00020925178073556765,0.0007927400695011317,-0.0030382914758471705,0.012018779036763905,-0.05149177465761074,0.9855544686881139,-0.051492454730098024,0.012021733258372028,-0.003051831188756757,0.0008692208802654723
5.546362923399119e-05,-0.00020925511322633606,0.0007927526200703966,-0.003038338783231876,0.012018957788399162,-0.051492454730098024,0.9855571059237416,-0.051503211669014254,0.012071138748129234,-0.003333581621059906
-1.4725807967621855e-05,5.5477233794909015e-05,-0.0002093063492164378,0.000792945741127579,-0.003039068441352656,0.012021733258372028,-0.051503211669014254,0.9856009196401666,-0.05170382433203914,0.013209742984940516
3.927424490535544e-06,-1.4788408985756785e-05,5.571299029414873e-05,-0.00021019492494084644,0.0007963024743905618,-0.003051831188756757,0.012071138748129234,-0.05170382433203914,0.9865133287954326,-0.056828003041295115
-1.1383065961398527e-06,4.285454417879533e-06,-1.6136716049410855e-05,6.07943870440122e-05,-0.0002293861125152902,0.0008692208802654723,-0.003333581621059906,0.013209742984940516,-0.056828003041295115,1.0148080650555988
