3.338200492511255,1.4263886153004524,2.5507164330996623,1.1137808209203603,1.8894136605852732,0.8039874218871599,1.258113537517712,0.4964844276054742,0.6466859359561468,0.1905705517772222
1.4263886153004524,3.2068514985774264,1.3158561626669076,2.4035774881386605,0.9918328106398566,1.7245218513085818,0.6695333054924321,1.0732505689138936,0.34834754025706993,0.43934297644583475
2.5507164330996623,1.3158561626669076,2.9715338356196837,1.1969579468717055,2.1372347326266246,0.8643927151911599,1.4228168053406176,0.5334989249399246,0.7312002216230928,0.203830989004129
1.1137808209203603,2.4035774881386605,1.1969579468717055,2.80653654458261,1.066012665073197,1.9521291734875046,0.7202969880148684,1.2150552623067186,0.3750727342591699,0.49789536957364205
1.8894136605852732,0.9918328106398566,2.1372347326266246,1.066012665073197,2.504952730792233,0.9259455147095794,1.6103576400764683,0.5711358551217678,0.8274097535728957,0.2170463365473152
0.8039874218871599,1.7245218513085818,0.8643927151911599,1.9521291734875046,0.9259455147095794,2.2970518533290516,0.7721542624687627,1.3767323419739481,0.402460951668291,0.5647336670392222
1.258113537517712,0.6695333054924321,1.4228168053406176,0.7202969880148684,1.6103576400764683,0.7721542624687627,1.9095664842839628,0.608800842549285,0.9370379210895999,0.22992328111784904
0.4964844276054742,1.0732505689138936,0.5334989249399246,1.2150552623067186,0.5711358551217678,1.3767323419739481,0.608800842549285,1.6467063461842844,0.43014709055990763,0.6411068148896494
0.6466859359561468,0.34834754025706993,0.7312002216230928,0.3750727342591699,0.8274097535728957,0.402460951668291,0.9370379210895999,0.43014709055990763,1.1475362620194736,0.24208151552787255
0.1905705517772222,0.43934297644583475,0.203830989004129,0.49789536957364205,0.2170463365473152,0.5647336670392222,0.22992328111784904,0.6411068148896494,0.24208151552787255,0.813921590303528
