3.1879466296166017,2.1334290410978256,1.7009886240651348,1.3055711487665425,0.9955077366043946,0.742672314010031,0.5336723149898772,0.35548910887112495,0.2017195296554383,0.03423729518292026
2.1334290410978256,3.169079792727864,2.1094036409253527,1.670393937423061,1.2666128843468758,0.9458854613745427,0.6795688000513336,0.45269028121838983,0.2568735262287059,0.043598515381764305
1.7009886240651348,2.1094036409253527,3.138485376883145,2.07044376683223,1.6207837193310661,1.2034229057327723,0.8655282087719288,0.5764446907302602,0.3271112569141701,0.05551917554925897
1.3055711487665425,1.670393937423061,2.07044376683223,3.0888726698731923,2.0072685828426127,1.5403156487073875,1.1010934992771657,0.7342067758168922,0.4165285329602209,0.07070004322839972
0.9955077366043946,1.2666128843468758,1.6207837193310661,2.0072685828426127,3.008427475073437,1.904803197929482,1.4100127521528236,0.9338731703239358,0.5305744529745109,0.09002558436050515
0.742672314010031,0.9458854613745427,1.2034229057327723,1.5403156487073875,1.904803197929482,2.8779143251762025,1.7388326567575005,1.1970189880112558,0.6745033843082174,0.11467916195829155
0.5336723149898772,0.6795688000513336,0.8655282087719288,1.1010934992771657,1.4100127521528236,1.7388326567575005,2.6668530146263323,1.467975981372714,0.8671653771524145,0.14575582044786306
0.35548910887112495,0.45269028121838983,0.5764446907302602,0.7342067758168922,0.9338731703239358,1.1970189880112558,1.467975981372714,2.3192380838444273,1.0448052437199278,0.18762277201654418
0.2017195296554383,0.2568735262287059,0.3271112569141701,0.4165285329602209,0.5305744529745109,0.6745033843082174,0.8671653771524145,1.0448052437199278,1.802941047329054,0.22438506891655802
0.03423729518292026,0.043598515381764305,0.05551917554925897,0.07070004322839972,0.09002558436050515,0.11467916195829155,0.14575582044786306,0.18762277201654418,0.22438506891655802,0.43395716154883257
