1.222731161565013,-0.006148710695177007,0.04670474162376989,0.012110052285765619,0.008498073909164888,0.0036641257948933216,0.001931214948688642,0.0009011816099303476,0.0004033477380309989,4.162218818544619e-05
-0.006148710695177007,1.222730263085612,-0.006150514661529308,0.046701099630417686,0.012102789227875747,0.008483189312832987,0.0036354298037618612,0.0018679451591304646,0.0007988152453307763,8.601016327986078e-05
0.04670474162376989,-0.006150514661529308,1.2227266410419588,-0.006157826951736263,0.04668651624558466,0.012072906395789392,0.008425561869937025,0.0035084475902856732,0.0016621836493247591,0.00016269151626402672
0.012110052285765619,0.046701099630417686,-0.006157826951736263,1.2227118779422492,-0.006187266279397499,0.0466261753689004,0.011956615720851544,0.00816897184217614,0.003094073284200315,0.00037332019686752896
0.008498073909164888,0.012102789227875747,0.04668651624558466,-0.006187266279397499,1.2226531560091312,-0.006307552219778039,0.046394029039175985,0.011445927754670886,0.007337992031435085,0.0005443023200643051
0.0036641257948933216,0.008483189312832987,0.012072906395789392,0.0466261753689004,-0.006307552219778039,1.2224064255875302,-0.0067822492351280106,0.04534285060915161,0.009763788805112547,0.002019776272062388
0.001931214948688642,0.0036354298037618612,0.008425561869937025,0.011956615720851544,0.046394029039175985,-0.0067822492351280106,1.2214866264966675,-0.008788609080713923,0.042008272180838385,-8.115619352513698e-05
0.0009011816099303476,0.0018679451591304646,0.0035084475902856732,0.00816897184217614,0.011445927754670886,0.04534285060915161,-0.008788609080713923,1.2169685303762874,-0.015712842428374584,0.018395232471190633
0.0004033477380309989,0.0007988152453307763,0.0016621836493247591,0.003094073284200315,0.007337992031435085,0.009763788805112547,0.042008272180838385,-0.015712842428374584,1.2040170919227873,-0.04612725702522763
4.162218818544619e-05,8.601016327986078e-05,0.00016269151626402672,0.00037332019686752896,0.0005443023200643051,0.002019776272062388,-8.115619352513698e-05,0.018395232471190633,-0.04612725702522763,1.0663587536898687
