4.805276439620744,0.18405637288945254,2.1849998471940397,0.06323132141907774,1.100251100429095,0.017967622369230423,0.535255015795071,0.003952211830883364,0.22286562167485302,0.0023586706022971455
0.18405637288945254,4.798303491645039,0.18467272509825144,2.171343310447322,0.06405187104041385,1.0734937509413138,0.01881627395480242,0.4828075779994087,0.004125845599443654,0.12002035748878861
2.1849998471940397,0.18467272509825144,4.792212910114427,0.1857083032527207,2.15942902193933,0.06574404455929182,1.0501777479642165,0.02147199778344274,0.43716002942923354,0.008036431209251672
0.06323132141907774,2.171343310447322,0.1857083032527207,4.765461671853681,0.18697880264713201,2.1070055574925446,0.06674560943743185,0.9474030261180786,0.020515168182436157,0.2355900906720692
1.100251100429095,0.06405187104041385,2.15942902193933,0.18697880264713201,4.742133684670247,0.1888072767017142,2.0613109968316903,0.06903260993198221,0.8578603166006533,0.022455157717480932
0.017967622369230423,1.0734937509413138,0.06574404455929182,2.1070055574925446,0.1888072767017142,4.639382464029464,0.18947269610696,1.859833249477628,0.06461140081337986,0.46263382972743883
0.535255015795071,0.01881627395480242,1.0501777479642165,0.06674560943743185,2.0613109968316903,0.18947269610696,4.549793668301768,0.1882314314176891,1.6841130224907241,0.057183198706689406
0.003952211830883364,0.4828075779994087,0.02147199778344274,0.9474030261180786,0.06903260993198221,1.859833249477628,0.1882314314176891,4.15465755716652,0.17456731139093157,0.9088569398731927
0.22286562167485302,0.004125845599443654,0.43716002942923354,0.020515168182436157,0.8578603166006533,0.06461140081337986,1.6841130224907241,0.17456731139093157,3.809679259055948,0.13796730098264698
0.0023586706022971455,0.12002035748878861,0.008036431209251672,0.2355900906720692,0.022455157717480932,0.46263382972743883,0.057183198706689406,0.9088569398731927,0.13796730098264698,2.288350456400454
