4.287039987082417,-2.0374178555096147,1.488693197316035,-1.0440765973931319,0.734516092865764,-0.5111131321499416,0.34891202771632285,-0.2283169748237218,0.13496051261713776,-0.057779655536464546
-2.0374178555096147,4.283615646823173,-2.03258879392558,1.4818831753688566,-1.034472985509205,0.720972961547824,-0.4920140918068018,0.3219802936187254,-0.1903230003860681,0.08148189662963809
1.488693197316035,-2.03258879392558,4.276805623864779,-2.0229851877183602,1.468340002166932,-1.015374236521582,0.6940391769810277,-0.45403451414547297,0.26840054727835205,-0.11490664894806751
-1.0440765973931319,1.4818831753688566,-2.0229851877183602,4.263262460679256,-2.003886382501215,1.4414066324738504,-0.9773917728944789,0.6404797411670655,-0.37847555822165346,0.16204659240575672
0.734516092865764,-1.034472985509205,1.468340002166932,-2.003886382501215,4.236328991770642,-1.9659044758447801,1.387843087208481,-0.9018614033469455,0.5339246042999563,-0.22849741074964025
-0.5111131321499416,0.720972961547824,-1.015374236521582,1.4414066324738504,-1.9659044758447801,4.182766429265557,-1.8903685893319262,1.2813286557181696,-0.7516000990487288,0.3223950834634424
0.34891202771632285,-0.4920140918068018,0.6940391769810277,-0.9773917728944789,1.387843087208481,-1.8903685893319262,4.0762422632331505,-1.7401619322675812,1.0693959356377876,-0.45349326305886506
-0.2283169748237218,0.3219802936187254,-0.45403451414547297,0.6404797411670655,-0.9018614033469455,1.2813286557181696,-1.7401619322675812,3.8644059667783663,-1.4415137986627617,0.6476268072254059
0.13496051261713776,-0.1903230003860681,0.26840054727835205,-0.37847555822165346,0.5339246042999563,-0.7516000990487288,1.0693959356377876,-1.4415137986627617,3.441681732775752,-0.8563783412587023
-0.057779655536464546,0.08148189662963809,-0.11490664894806751,0.16204659240575672,-0.22849741074964025,0.3223950834634424,-0.45349326305886506,0.6476268072254059,-0.8563783412587023,2.5487301943815868
