0.6571270336681967,0.29692141347984313,0.13557531763142872,0.0736325539210409,0.03474172313165195,0.018371216085437195,0.008877752963767022,0.0046158453096777075,0.002364867573167219,0.00118425237451725
0.29692141347984313,0.6571273951112024,0.29692299954730444,0.1355763468120889,0.07363982987029247,0.0347433694497382,0.018406024754189294,0.00886960488479291,0.004789829041230261,0.002244068783451764
0.13557531763142872,0.29692299954730444,0.6571323480958181,0.2969284496321469,0.1355980276581975,0.07365638855629604,0.034841669699833884,0.0184412440920786,0.009333841777535459,0.0047460056979653255
0.0736325539210409,0.1355763468120889,0.2969284496321469,0.6571348440437225,0.2969539356303257,0.13559837184701937,0.07378083866749663,0.034785442170692925,0.019075890110964083,0.008763605082078782
0.03474172313165195,0.07363982987029247,0.1355980276581975,0.2969539356303257,0.6572289901460177,0.29703473688004683,0.13602108696776666,0.07397920312845148,0.036759944475027735,0.019126970264251895
0.018371216085437195,0.0347433694497382,0.07365638855629604,0.13559837184701937,0.29703473688004683,0.6571930737495381,0.2974465164284369,0.13565386524911552,0.07616342178011751,0.03394808167197842
0.008877752963767022,0.018406024754189294,0.034841669699833884,0.07378083866749663,0.13602108696776666,0.2974465164284369,0.6590682675723705,0.2985872714478054,0.14429153904738765,0.07772161577403115
0.0046158453096777075,0.00886960488479291,0.0184412440920786,0.034785442170692925,0.07397920312845148,0.13565386524911552,0.2985872714478054,0.6567419598913693,0.3052473369401822,0.12981824903525505
0.002364867573167219,0.004789829041230261,0.009333841777535459,0.019075890110964083,0.036759944475027735,0.07616342178011751,0.14429153904738765,0.3052473369401822,0.6958755449896031,0.31960077021885397
0.00118425237451725,0.002244068783451764,0.0047460056979653255,0.008763605082078782,0.019126970264251895,0.03394808167197842,0.07772161577403115,0.12981824903525505,0.31960077021885397,0.6184313041477871
