0.6979281035135076,0.07360095369497677,0.05427557955374285,-0.018397931679702946,0.0209671620634259,-0.0149698102867026,0.011464195271293002,-0.006754679983302151,0.006170750518553623,0.011215416301454943
0.07360095369497677,0.6965482597324811,0.07516290426650898,0.05250374876515379,-0.016404159928896735,0.018654128230387538,-0.012588246458256583,0.007740820879379911,-0.006965887223928805,-0.012693058086719732
0.05427557955374285,0.07516290426650898,0.694780169575461,0.07716857805603927,0.05024686124779149,-0.013785796925715642,0.01595852910421355,-0.00837229052894915,0.007985012965575904,0.01440954434475608
-0.018397931679702946,0.05250374876515379,0.07716857805603927,0.6925050059585018,0.07972878969063021,0.04727694062312865,-0.01072680211971743,0.011181183310097046,-0.008627237021718534,-0.016167494146074365
0.0209671620634259,-0.016404159928896735,0.05024686124779149,0.07972878969063021,0.6896243792967208,0.08307190234797354,0.043839883744269614,-0.005329030260125785,0.011563069585779294,0.01896046827506949
-0.0149698102867026,0.018654128230387538,-0.013785796925715642,0.04727694062312865,0.08307190234797354,0.6857510470646386,0.0870815219523379,0.03767334276850563,-0.005359560466121433,-0.01866275903453577
0.011464195271293002,-0.012588246458256583,0.01595852910421355,-0.01072680211971743,0.043839883744269614,0.0870815219523379,0.6817160744243722,0.09383327126369592,0.039442033374103916,0.03325602203195622
-0.006754679983302151,0.007740820879379911,-0.00837229052894915,0.011181183310097046,-0.005329030260125785,0.03767334276850563,0.09383327126369592,0.6730702790056561,0.09931177151571716,0.01463175887738952
0.006170750518553623,-0.006965887223928805,0.007985012965575904,-0.008627237021718534,0.011563069585779294,-0.005359560466121433,0.039442033374103916,0.09931177151571716,0.6991434396512263,0.20903906658430343
0.011215416301454943,-0.012693058086719732,0.01440954434475608,-0.016167494146074365,0.01896046827506949,-0.01866275903453577,0.03325602203195622,0.01463175887738952,0.20903906658430343,0.9270577507912672
