3.4575189872670093,1.8531799444005008,1.2820208653313037,0.8733611731990985,0.6018036912241044,0.40623283009667405,0.2746439642100146,0.17757842140622873,0.10860652735670051,0.053170706069733856
1.8531799444005008,3.45591064629165,1.8509628633893231,1.2786240025588242,0.868670820061948,0.5946292393237826,0.3963104083553099,0.2594905679183012,0.15658813460447044,0.07659978699464798
1.2820208653313037,1.8509628633893231,3.45274155465171,1.8462777349715889,1.271923527521073,0.8587701401717615,0.5804624072823389,0.3753879837533517,0.22953784092928986,0.1123738737285255
0.8733611731990985,1.2786240025588242,1.8462777349715889,3.445567222598415,1.8363661855303668,1.2567706299539816,0.8378024836363418,0.5484572235747622,0.33103254177553915,0.16193653693226934
0.6018036912241044,0.868670820061948,1.271923527521073,1.8363661855303668,3.4314001412261894,1.8154211421020456,1.226816865413994,0.7935411425604231,0.4851258681192921,0.23749814471997982
0.40623283009667405,0.5946292393237826,0.8587701401717615,1.2567706299539816,1.8154211421020456,3.3993954762285057,1.7711127565243834,1.159217719946914,0.6998109771823625,0.34234200092445255
0.2746439642100146,0.3963104083553099,0.5804624072823389,0.8378024836363418,1.226816865413994,1.7711127565243834,3.336063041644531,1.6774804629307998,1.0253125996561527,0.5019459739209933
0.17757842140622873,0.2594905679183012,0.3753879837533517,0.5484572235747622,0.7935411425604231,1.159217719946914,1.6774804629307998,3.193281419477878,1.479411846370497,0.7237251002424875
0.10860652735670051,0.15658813460447044,0.22953784092928986,0.33103254177553915,0.4851258681192921,0.6998109771823625,1.0253125996561527,1.479411846370497,2.910160670615487,1.0608538450684097
0.053170706069733856,0.07659978699464798,0.1123738737285255,0.16193653693226934,0.23749814471997982,0.34234200092445255,0.5019459739209933,0.7237251002424875,1.0608538450684097,2.273134376298755
