0.6328261484413106,0.050903123660334115,0.02467920420992077,0.01473168454694772,0.008883579362073717,0.005347948385373022,0.003199957745237383,0.0018821412114521428,0.0010526553259246015,0.000497883463377227
0.050903123660334115,0.632822044866405,0.05089633094554327,0.024667960117809223,0.01471307201705351,0.00885276973799394,0.005296948769408456,0.003115539368335131,0.001742477616964772,0.0008241546564304373
0.02467920420992077,0.05089633094554327,0.6328108007742922,0.050877718415602,0.02463715049205179,0.014662072341403806,0.008768349237902234,0.0051572096466675835,0.0028843519315689082,0.0013642367142883685
0.01473168454694772,0.024667960117809223,0.050877718415602,0.6327799911484603,0.050826718737180976,0.024552729893171782,0.014522329704128343,0.00853703677800623,0.004774521294137822,0.0022582435747512675
0.008883579362073717,0.01471307201705351,0.02463715049205179,0.050826718737180976,0.6326955705451969,0.05068697593671727,0.02432141161616798,0.014139434399688133,0.00790356648609258,0.003738114155911078
0.005347948385373022,0.00885276973799394,0.014662072341403806,0.024552729893171782,0.05068697593671727,0.6324642520100758,0.0503040710230051,0.023687598786276298,0.013090840984126858,0.006187994922631468
0.003199957745237383,0.005296948769408456,0.008768349237902234,0.014522329704128343,0.02432141161616798,0.0503040710230051,0.6318304239810586,0.04925491176945408,0.021951857016176773,0.010251388581429308
0.0018821412114521428,0.003115539368335131,0.0051572096466675835,0.00853703677800623,0.014139434399688133,0.023687598786276298,0.04925491176945408,0.630093787216765,0.04638214023162754,0.017264518204260518
0.0010526553259246015,0.001742477616964772,0.0028843519315689082,0.004774521294137822,0.00790356648609258,0.013090840984126858,0.021951857016176773,0.04638214023162754,0.6253537470432726,0.0390803414485668
0.000497883463377227,0.0008241546564304373,0.0013642367142883685,0.0022582435747512675,0.003738114155911078,0.006187994922631468,0.010251388581429308,0.017264518204260518,0.0390803414485668,0.6295320056776927
