1.6522813509762897,-0.3008054060297699,0.11300790575951974,-0.04176916537667797,0.015394181912230534,-0.005670485080990894,0.002087978910038795,-0.0007672768311706423,0.00027777186804917,-8.935344451997864e-05
-0.3008054060297699,1.6522813388622564,-0.30080537314047956,0.11300781646596794,-0.04176892294752986,0.01539352373211459,-0.00566869827391654,0.00208312983467479,-0.0007541431041564679,0.00024259230719566758
0.11300790575951974,-0.30080537314047956,1.6522812495686732,-0.3008051307107671,0.11300715827702273,-0.04176713600532572,0.01538867259654492,-0.005655533158157196,0.002047472101331095,-0.0006586314957277565
-0.04176916537667797,0.11300781646596794,-0.3008051307107671,1.6522805913784278,-0.30080334374522094,0.11300230677628759,-0.041753965300798654,0.015352929656146593,-0.005558723357722027,0.0017881606268787958
0.015394181912230534,-0.04176892294752986,0.11300715827702273,-0.30080334374522094,1.6522757398239056,-0.3007901720753049,0.11296654873318643,-0.04165692435720876,0.01509009414412553,-0.004854701144067091
-0.005670485080990894,0.01539352373211459,-0.04176713600532572,0.11300230677628759,-0.3007901720753049,1.6522399795562648,-0.3006930912046567,0.11270308859574718,-0.040943342405049585,0.013178720158544377
0.002087978910038795,-0.00566869827391654,0.01538867259654492,-0.041753965300798654,0.11296654873318643,-0.3006930912046567,1.6519764274151516,-0.2999778579285052,0.11076588102808002,-0.035754444442833745
-0.0007672768311706423,0.00208312983467479,-0.005655533158157196,0.015352929656146593,-0.04165692435720876,0.11270308859574718,-0.2999778579285052,1.6500354147118055,-0.2947206636519529,0.09668476563899775
0.00027777186804917,-0.0007541431041564679,0.002047472101331095,-0.005558723357722027,0.01509009414412553,-0.040943342405049585,0.11076588102808002,-0.2947206636519529,1.6357969245473045,-0.25659150254161484
-8.935344451997864e-05,0.00024259230719566758,-0.0006586314957277565,0.0017881606268787958,-0.004854701144067091,0.013178720158544377,-0.035754444442833745,0.09668476563899775,-0.25659150254161484,1.5338113888592555
