1.3219913742901324,-0.6326660755383499,0.5494681155337092,-0.46650660967960256,0.392203851785759,-0.3182487595048442,0.25007392456191113,-0.1822048482057171,0.117592814680244,-0.05315433580998187
-0.6326660755383499,1.2953557893810752,-0.6031635822754774,0.5170769263169014,-0.430613026533112,0.35281423768711795,-0.27457856459147767,0.20217500535868663,-0.1290718014609611,0.059347938414462675
0.5494681155337092,-0.6031635822754774,1.2625577048105523,-0.567292676871861,0.4771661094949325,-0.3870008581855374,0.3042460814593112,-0.2215569643117159,0.14306875367053185,-0.06461397171821133
-0.46650660967960256,0.5170769263169014,-0.567292676871861,1.2231668267996616,-0.5236515304625803,0.42926395626230246,-0.3339051104293954,0.24599499388083168,-0.15695672610453187,0.07223478281109624
0.392203851785759,-0.430613026533112,0.4771661094949325,-0.5236515304625803,1.174600285623554,-0.4705928114383058,0.37016183707993505,-0.26939961931224726,0.17406827765971625,-0.07853908753507821
-0.3182487595048442,0.35281423768711795,-0.3870008581855374,0.42926395626230246,-0.4705928114383058,1.116347134300545,-0.40604000428609566,0.29932258562408504,-0.19086091106505812,0.08792574683871215
0.25007392456191113,-0.27457856459147767,0.3042460814593112,-0.3339051104293954,0.37016183707993505,-0.40604000428609566,1.0444230551724,-0.3275617573904319,0.21179047113745536,-0.0954583579357485
-0.1822048482057171,0.20217500535868663,-0.2215569643117159,0.24599499388083168,-0.26939961931224726,0.29932258562408504,-0.3275617573904319,0.9582771546226163,-0.23208194556809164,0.10703299455348543
0.117592814680244,-0.1290718014609611,0.14306875367053185,-0.15695672610453187,0.17406827765971625,-0.19086091106505812,0.21179047113745536,-0.23208194556809164,0.8517483468606346,-0.11601321561442028
-0.05315433580998187,0.059347938414462675,-0.06461397171821133,0.07223478281109624,-0.07853908753507821,0.08792574683871215,-0.0954583579357485,0.10703299455348543,-0.11601321561442028,0.7243561303122571
