2.5130421896617845,1.0079362278526067,0.7358418383145602,0.5759561014326552,0.45303014201111896,0.34873515248200987,0.25677139034209273,0.17379346508959542,0.09833782762446425,0.03473158703263909
1.0079362278526067,2.4965651272218183,0.9881815968857762,0.712158237715621,0.5475648629787949,0.41900903458539707,0.3080340173415427,0.20840319707387692,0.11790751919025358,0.041641920839731714
0.7358418383145602,0.9881815968857762,2.4728809634703457,0.9597869243796874,0.6781194974423816,0.5067763743263596,0.3702117344966698,0.25004449001051976,0.14140021116190224,0.04993200318526149
0.5759561014326552,0.712158237715621,0.9597869243796874,2.438838915510738,0.9189782657607335,0.6292186305118118,0.4482737745973904,0.3006883820829437,0.1697135512513619,0.05989619314836608
0.45303014201111896,0.5475648629787949,0.6781194974423816,0.9189782657607335,2.389918620825767,0.8603571973765837,0.5590869764202865,0.36492929603195345,0.2043809468326945,0.07196495956761195
0.34873515248200987,0.41900903458539707,0.5067763743263596,0.6292186305118118,0.8603571973765837,2.3196728574750636,0.7763168910690735,0.45920667050380853,0.24948062498244727,0.08703433847422964
0.25677139034209273,0.3080340173415427,0.3702117344966698,0.4482737745973904,0.5590869764202865,0.7763168910690735,2.2191223288060558,0.6567812634663713,0.3208747430783574,0.10803990863700076
0.17379346508959542,0.20840319707387692,0.25004449001051976,0.3006883820829437,0.36492929603195345,0.45920667050380853,0.6567812634663713,2.076853836186478,0.4913357355019653,0.14761967525837227
0.09833782762446425,0.11790751919025358,0.14140021116190224,0.1697135512513619,0.2043809468326945,0.24948062498244727,0.3208747430783574,0.4913357355019653,1.8804772830556544,0.2655968550589395
0.03473158703263909,0.041641920839731714,0.04993200318526149,0.05989619314836608,0.07196495956761195,0.08703433847422964,0.10803990863700076,0.14761967525837227,0.2655968550589395,1.521559108249435
