2.2445774665294835,-0.3590009630176575,0.1603090971838612,-0.10601246796140629,0.07435693192173741,-0.05236469854303137,0.036678673628103765,-0.02536529412205979,0.017010689651625364,-0.009861726774361297
-0.3590009630176575,2.244462311227311,-0.3588385942010871,0.16008015711088502,-0.10568965906187475,0.07390172477502693,-0.05172226708900164,0.03576545506686133,-0.023985079664233695,0.013905021588496306
0.1603090971838612,-0.3588385942010871,2.244233371420832,-0.3585157890152779,0.15962499700963806,-0.10504781761541344,0.07299589731371824,-0.05043463017108009,0.033819354450169606,-0.01960609020818055
-0.10601246796140629,0.16008015711088502,-0.3585157890152779,2.243778216026106,-0.3578740131557985,0.15872000040472625,-0.10377060065142268,0.07118032878666519,-0.04769062601433022,0.027644955793717403
0.07435693192173741,-0.10568965906187475,0.15962499700963806,-0.3578740131557985,2.24287330254172,-0.35659795450462783,0.15691910539347562,-0.10121062030340522,0.06731121981350593,-0.03898435172126155
-0.05236469854303137,0.07390172477502693,-0.10504781761541344,0.15872000040472625,-0.35659795450462783,2.241073875498157,-0.354058430786101,0.15330914116158678,-0.09575433755590464,0.055030601941465966
0.036678673628103765,-0.05172226708900164,0.07299589731371824,-0.10377060065142268,0.15691910539347562,-0.354058430786101,2.237489836621293,-0.34896342668701497,0.1456052040136812,-0.07837875228722084
-0.02536529412205979,0.03576545506686133,-0.05043463017108009,0.07118032878666519,-0.10121062030340522,0.15330914116158678,-0.34896342668701497,2.230243759710208,-0.33796827969438736,0.12035496719120564
0.017010689651625364,-0.023985079664233695,0.033819354450169606,-0.04769062601433022,0.06731121981350593,-0.09575433755590464,0.1456052040136812,-0.33796827969438736,2.2130796608117826,-0.2929628460471666
-0.009861726774361297,0.013905021588496306,-0.01960609020818055,0.027644955793717403,-0.03898435172126155,0.055030601941465966,-0.07837875228722084,0.12035496719120564,-0.2929628460471666,2.0318507895563425
