3.494555474557804,0.39435716202738424,0.9390621509831213,0.22281801413998015,0.3065710540895003,0.10016602961528985,0.10152938820992946,0.03881859434731454,0.02975726536819845,0.008187620681805697
0.39435716202738424,3.4943710802308106,0.39407212981220874,0.9385545748831777,0.22205822125450253,0.30516467965720806,0.09816045789487254,0.0975957544882521,0.03360659493759331,0.018607633948957546
0.9390621509831213,0.39407212981220874,3.4938646910189357,0.3933118973697102,0.9371523098017864,0.2200496660735155,0.30124581499080355,0.09293306844194905,0.08650093178969562,0.020333719559156384
0.22281801413998015,0.9385545748831777,0.3933118973697102,3.4924584793740028,0.39130480377533705,0.9332197809871976,0.21483219703097067,0.29010188318361646,0.07971136704109472,0.054342428964006415
0.3065710540895003,0.22205822125450253,0.9371523098017864,0.39130480377533705,3.488539073417586,0.3860824747593905,0.9221212843229588,0.2015775089223043,0.25810667479389066,0.047486971682433876
0.10016602961528985,0.30516467965720806,0.2200496660735155,0.9332197809871976,0.3860824747593905,3.4773969414729864,0.3728439467203644,0.8899749979306473,0.16946279883378274,0.1631094138202931
0.10152938820992946,0.09816045789487254,0.30124581499080355,0.21483219703097067,0.9221212843229588,0.3728439467203644,3.4453957482964404,0.34067550221208637,0.7954800917728185,0.09749399813445754
0.03881859434731454,0.0975957544882521,0.09293306844194905,0.29010188318361646,0.2015775089223043,0.8899749979306473,0.34067550221208637,3.350418387549407,0.2688853757345218,0.5062545580293001
0.02975726536819845,0.03360659493759331,0.08650093178969562,0.07971136704109472,0.25810667479389066,0.16946279883378274,0.7954800917728185,0.2688853757345218,3.062797080643211,0.13669234492124716
0.008187620681805697,0.018607633948957546,0.020333719559156384,0.054342428964006415,0.047486971682433876,0.1631094138202931,0.09749399813445754,0.5062545580293001,0.13669234492124716,2.1500399295656347
