0.8805862487366629,0.5711042884804562,0.4346472689921194,0.3300303517620933,0.24893991479378758,0.18569978848870683,0.1357593298545298,0.09553978265034645,0.062189958646877805,0.03313333103871601
0.5711042884804562,0.8783688256499795,0.5682086840662532,0.4308660622743573,0.3250927151689913,0.24249199528665522,0.17728071486225866,0.12475982654190586,0.0812102938367977,0.043266905126886517
0.4346472689921194,0.5682086840662532,0.8745876235086733,0.5632710251554505,0.424418288549769,0.3166727504360361,0.23149801452641938,0.16291710037582174,0.1060477768837775,0.05649977352006891
0.3300303517620933,0.4308660622743573,0.5632710251554505,0.8681398128368017,0.5548512406008765,0.41342313083752524,0.3023163301551838,0.21274137942657362,0.1384820882105232,0.0737797027498613
0.24893991479378758,0.3250927151689913,0.424418288549769,0.5548512406008765,0.8571449534125279,0.5404933656787374,0.39467599767110934,0.27782323672396797,0.18083325871155498,0.09634525300291875
0.18569978848870683,0.24249199528665522,0.3166727504360361,0.41342313083752524,0.5404933656787374,0.8383954120659864,0.5160120160608439,0.3626911646192277,0.2361553113092353,0.1258080606496076
0.1357593298545298,0.17728071486225866,0.23149801452641938,0.3023163301551838,0.39467599767110934,0.5160120160608439,0.8064300210704373,0.47424927885119644,0.3082852913158063,0.16430808199480007
0.09553978265034645,0.12475982654190586,0.16291710037582174,0.21274137942657362,0.27782323672396797,0.3626911646192277,0.47424927885119644,0.7518671854408026,0.40316749736943447,0.21442082111802543
0.062189958646877805,0.0812102938367977,0.1060477768837775,0.1384820882105232,0.18083325871155498,0.2361553113092353,0.3082852913158063,0.40316749736943447,0.6592699254305222,0.2808630812961241
0.03313333103871601,0.043266905126886517,0.05649977352006891,0.0737797027498613,0.09634525300291875,0.1258080606496076,0.16430808199480007,0.21442082111802543,0.2808630812961241,0.4979040532474901
