3.9243681207246124,2.2845536422310238,1.8126985020789588,1.525980622918365,1.2916147993869032,1.077215681981591,0.8737636459436733,0.6772867775364247,0.4830878046393565,0.277988508817299
2.2845536422310238,3.8489614650883612,2.2019390767604445,1.7221850842216084,1.4268047344942736,1.1829113717437225,0.9579148675036561,0.7421696186461155,0.529295156231396,0.3045658614229531
1.8126985020789588,2.2019390767604445,3.758450005961732,2.102773736100751,1.613529251428782,1.3077106501144469,1.0522069187551577,0.8137420963033808,0.5800317171958992,0.3337080402441886
1.525980622918365,1.7221850842216084,2.102773736100751,3.6498033780269425,1.9837292198789291,1.4830484656528706,1.1645093862194977,0.8942494823060424,0.6361012823237595,0.3657410695079941
1.2916147993869032,1.4268047344942736,1.613529251428782,1.9837292198789291,3.5193658495556477,1.840760896557482,1.3261421307755288,0.9914340731172885,0.6996045094636956,0.40128818475567907
1.077215681981591,1.1829113717437225,1.3077106501144469,1.4830484656528706,1.840760896557482,3.362662798030987,1.6687802642537357,1.1364367040610102,0.7780760877726369,0.44217339113970366
0.8737636459436733,0.9579148675036561,1.0522069187551577,1.1645093862194977,1.3261421307755288,1.6687802642537357,3.1739126809882943,1.4605666212300026,0.90221848599725,0.4952901231581592
0.6772867775364247,0.7421696186461155,0.8137420963033808,0.8942494823060424,0.9914340731172885,1.1364367040610102,1.4605666212300026,2.944183844652301,1.2019559759889393,0.5891877949188944
0.4830878046393565,0.529295156231396,0.5800317171958992,0.6361012823237595,0.6996045094636956,0.7780760877726369,0.90221848599725,1.2019559759889393,2.6522505515088803,0.8452099914120457
0.277988508817299,0.3045658614229531,0.3337080402441886,0.3657410695079941,0.40128818475567907,0.44217339113970366,0.4952901231581592,0.5891877949188944,0.8452099914120457,2.2022297737465357
