1.1590704080543035,0.40606540323465456,0.05394896928772294,-0.06310977466634804,-0.0625364797112868,-0.03200171208502208,-0.008563723689138072,0.00209079611625331,0.005325613258711549,0.006378102585910681
0.40606540323465456,1.1591098833149855,0.40614636665821724,0.05403749908022954,-0.0631597618542247,-0.0630295870617147,-0.0332804527399218,-0.010468241129366286,0.001368108373461214,0.010563103956015183
0.05394896928772294,0.40614636665821724,1.1593295263405274,0.40648800179400446,0.054204958099882614,-0.06398629934699505,-0.06614869102575706,-0.039387096799463825,-0.016595318682941652,0.006781944268056155
-0.06310977466634804,0.05403749908022954,0.40648800179400446,1.16000615632966,0.40718230787738197,0.053651127001692445,-0.06833683750377849,-0.07699254798847516,-0.054881556688377894,-0.020764228337257797
-0.0625364797112868,-0.0631597618542247,0.054204958099882614,0.40718230787738197,1.1614296624548672,0.4087378814086938,0.05276936495378318,-0.07701155750590843,-0.099478808904559,-0.08835801101270443
-0.03200171208502208,-0.0630295870617147,-0.06398629934699505,0.053651127001692445,0.4087378814086938,1.1682267798588413,0.42299921861805256,0.06897034718159441,-0.08400393017528723,-0.18327995395908003
-0.008563723689138072,-0.0332804527399218,-0.06614869102575706,-0.06833683750377849,0.05276936495378318,0.42299921861805256,1.214248264598234,0.5050777521878944,0.13540896543729658,-0.20430574932609813
0.00209079611625331,-0.010468241129366286,-0.039387096799463825,-0.07699254798847516,-0.07701155750590843,0.06897034718159441,0.5050777521878944,1.3964931506323859,0.7306778579024462,0.10151637059344863
0.005325613258711549,0.001368108373461214,-0.016595318682941652,-0.054881556688377894,-0.099478808904559,-0.08400393017528723,0.13540896543729658,0.7306778579024462,1.812327774555745,1.096629455835275
0.006378102585910681,0.010563103956015183,0.006781944268056155,-0.020764228337257797,-0.08835801101270443,-0.18327995395908003,-0.20430574932609813,0.10151637059344863,1.096629455835275,3.037009195252046
