4.240846890219082,0.08478690544702017,1.0865973002410714,-0.5432086591976885,0.5816963473300781,-0.43560017477663865,0.3584359825822539,-0.2646250526508039,0.18017169126436777,-0.09820862842799644
0.08478690544702017,4.210789983329439,0.11832340033363875,1.0491839993585943,-0.5014535720598905,0.5351461374037023,-0.3835524938752029,0.3006974447254219,-0.19920741579014273,0.11017934904134466
1.0865973002410714,0.11832340033363875,4.173371081552786,0.16006791712196278,1.002595074672957,-0.44951437188583176,0.47707315460887023,-0.3191295057158927,0.2277073857002861,-0.12111001474301196
-0.5432086591976885,1.0491839993585943,0.16006791712196278,4.12680092261747,0.21204253316584237,0.9446518053637134,-0.3847279199329799,0.4052036506245753,-0.23769954229592616,0.14058879693520274
0.5816963473300781,-0.5014535720598905,1.002595074672957,0.21204253316584237,4.068794778814615,0.27671032453530847,0.8723476974024219,-0.30451573899299833,0.3143306513216544,-0.14045035623778712
-0.43560017477663865,0.5351461374037023,-0.44951437188583176,0.9446518053637134,0.27671032453530847,3.9967013313320785,0.3573200767934782,0.782930835184742,-0.20318638265405103,0.20597513106253929
0.3584359825822539,-0.3835524938752029,0.47707315460887023,-0.3847279199329799,0.8723476974024219,0.3573200767934782,3.9065786528960804,0.4573173736689054,0.6696965394812171,-0.08184893071827969
-0.2646250526508039,0.3006974447254219,-0.3191295057158927,0.4052036506245753,-0.30451573899299833,0.782930835184742,0.4573173736689054,3.7957091886834227,0.5831178799880763,0.535647699383697
0.18017169126436777,-0.19920741579014273,0.2277073857002861,-0.23769954229592616,0.3143306513216544,-0.20318638265405103,0.6696965394812171,0.5831178799880763,3.653736999936418,0.7366728685539765
-0.09820862842799644,0.11017934904134466,-0.12111001474301196,0.14058879693520274,-0.14045035623778712,0.20597513106253929,-0.08184893071827969,0.535647699383697,0.7366728685539765,3.4944058032761234
