8.830015357432599,2.4028145528130653,-0.16465495773046313,-0.6510347727527281,-0.40576960246500293,-0.12970095457808542,0.0028510994460722305,0.029963792698598956,0.016271365256395394,-0.0013932508890941026
2.4028145528130653,8.830002730269557,2.402850771827572,-0.16448885312666436,-0.6506925517861482,-0.4054722975954022,-0.1303248360387963,-0.00036577608890133465,0.022990460629854964,0.009465406778657214
-0.16465495773046313,2.402850771827572,8.830124949765828,2.4030599255751057,-0.16439942455220524,-0.651353637456652,-0.4078754280865697,-0.13466492460272644,-0.0028143431672765793,0.03491080094722913
-0.6510347727527281,-0.16448885312666436,2.4030599255751057,8.830018771864557,2.4018057273153874,-0.16772910967140953,-0.6558595541287977,-0.406696937852484,-0.11100758486234635,0.06366597902767147
-0.40576960246500293,-0.6506925517861482,-0.16439942455220524,2.4018057273153874,8.825817221652516,2.394656165228504,-0.1706804961899941,-0.6329413501374985,-0.3240499491469224,0.037440401345323324
-0.12970095457808542,-0.4054722975954022,-0.651353637456652,-0.16772910967140953,2.394656165228504,8.818979722788884,2.4057910059832914,-0.10644136113509771,-0.4877878696770674,-0.1702488182355745
0.0028510994460722305,-0.1303248360387963,-0.4078754280865697,-0.6558595541287977,-0.1706804961899941,2.4057910059832914,8.865897520767222,2.498423203373934,-0.03468845982411563,-0.6831046666020105
0.029963792698598956,-0.00036577608890133465,-0.13466492460272644,-0.406696937852484,-0.6329413501374985,-0.10644136113509771,2.498423203373934,8.860445058084471,2.0690064198891713,-1.3124513124498545
0.016271365256395394,0.022990460629854964,-0.0028143431672765793,-0.11100758486234635,-0.3240499491469224,-0.4877878696770674,-0.03468845982411563,2.0690064198891713,7.238559335321259,-0.9348171214554701
-0.0013932508890941026,0.009465406778657214,0.03491080094722913,0.06366597902767147,0.037440401345323324,-0.1702488182355745,-0.6831046666020105,-1.3124513124498545,-0.9348171214554701,3.825744255819436
