1.6132925945608616,-0.2596970319898837,-0.7103488634224435,0.4811931651523954,0.17462383044970944,-0.37033891037107664,0.079374340870663,0.2123480597629952,-0.18679089553592385,-0.07770679940223907
-0.2596970319898837,1.6004727692417207,-0.24769329576882682,-0.6970628545885365,0.4478298743362854,0.17870435283912428,-0.3125928373984519,0.022622132023286282,0.15479026853331435,-0.033537973655281265
-0.7103488634224435,-0.24769329576882682,1.6223645967935005,-0.2883982990817271,-0.7025121558048588,0.5271792060047172,0.12101099902332178,-0.40899331451679727,0.21073930704294727,0.1712165403708224
0.4811931651523954,-0.6970628545885365,-0.2883982990817271,1.632708409655626,-0.22252223553503384,-0.7776943269298522,0.4704243152314023,0.30740101590289354,-0.46384985602498296,-0.08451881152100721
0.17462383044970944,0.4478298743362854,-0.7025121558048588,-0.22252223553503384,1.5865092395061076,-0.3040028226577521,-0.6233992095497973,0.4883240434496138,0.008973273804887825,-0.24210706822220407
-0.37033891037107664,0.17870435283912428,0.5271792060047172,-0.7776943269298522,-0.3040028226577521,1.793993002353539,-0.33147887516615554,-0.9807264504345363,0.8435867327726224,0.3616501604885848
0.079374340870663,-0.3125928373984519,0.12101099902332178,0.4704243152314023,-0.6233992095497973,-0.33147887516615554,1.5342758056822392,-0.05948831890885588,-0.736139977225436,0.13577941660330456
0.2123480597629952,0.022622132023286282,-0.40899331451679727,0.30740101590289354,0.4883240434496138,-0.9807264504345363,-0.05948831890885588,1.9579930059032433,-0.9201139014368594,-0.7795232389495259
-0.18679089553592385,0.15479026853331435,0.21073930704294727,-0.46384985602498296,0.008973273804887825,0.8435867327726224,-0.736139977225436,-0.9201139014368594,2.24334453390682,0.4158413982833409
-0.07770679940223907,-0.033537973655281265,0.1712165403708224,-0.08451881152100721,-0.24210706822220407,0.3616501604885848,0.13577941660330456,-0.7795232389495259,0.4158413982833409,1.183242849605884
