4.066874543528763,1.4822542385152455,0.619780781181989,0.2248069851541591,0.02601261654374741,-0.09021113767209864,-0.16967643585605888,-0.22591165979169026,-0.2497160261504754,-0.20038374331225883
1.4822542385152455,4.022160186119061,1.4299718960654566,0.5589009627728734,0.15451711574438826,-0.05369806225836175,-0.17710874915081376,-0.2557874601648462,-0.2891294698774275,-0.2337273730546931
0.619780781181989,1.4299718960654566,3.9610285420492453,1.3587865603655112,0.47671025549070345,0.06130469067197955,-0.15532923122369968,-0.277857045618195,-0.3298557557590294,-0.2707951105470381
0.2248069851541591,0.5589009627728734,1.3587865603655112,3.8781336767166197,1.263070221294087,0.3681443999857218,-0.057101166255139835,-0.2727951487034451,-0.36446589997649986,-0.30936832042524404
0.02601261654374741,0.15451711574438826,0.47671025549070345,1.263070221294087,3.7675988456964227,1.137662888841585,0.23128762559052024,-0.19308431120227243,-0.3736566844649341,-0.34288143961613365
-0.09021113767209864,-0.05369806225836175,0.06130469067197955,0.3681443999857218,1.137662888841585,3.6252363974301227,0.9821021307848146,0.07620513409207368,-0.3095608574406714,-0.354191773275088
-0.16967643585605888,-0.17710874915081376,-0.15532923122369968,-0.057101166255139835,0.23128762559052024,0.9821021307848146,3.454758872046969,0.8108824188121129,-0.05594326679846308,-0.3007003613416579
-0.22591165979169026,-0.2557874601648462,-0.277857045618195,-0.2727951487034451,-0.19308431120227243,0.07620513409207368,0.8108824188121129,3.279562685570106,0.6666693927288951,-0.07886427623329464
-0.2497160261504754,-0.2891294698774275,-0.3298557557590294,-0.36446589997649986,-0.3736566844649341,-0.3095608574406714,-0.05594326679846308,0.6666693927288951,3.1362709216592437,0.5603887981682937
-0.20038374331225883,-0.2337273730546931,-0.2707951105470381,-0.30936832042524404,-0.34288143961613365,-0.354191773275088,-0.3007003613416579,-0.07886427623329464,0.5603887981682937,2.822440011056459
