3.789529141831544,-1.3279528028906251,1.0966069029236414,-0.32958233414856547,0.336186612901782,-0.07483641315626904,0.10516096797597178,-0.014087409199897191,0.03158694706107384,-0.0014897163756192684
-1.3279528028906251,3.789446741758238,-1.328046076243707,1.0963955805998276,-0.3297867869029543,0.33563323464553607,-0.07525493261626037,0.10367345354423145,-0.01482753280372108,0.02746191411888371
1.0966069029236414,-1.328046076243707,3.78917380925711,-1.3282302788777756,1.0956546194519616,-0.3300841839924038,0.333555045685457,-0.07544521940174387,0.09763309964692256,-0.013400984956762597
-0.32958233414856547,1.0963955805998276,-1.3282302788777756,3.7886137751626427,-1.3285871433273304,1.0941272943479614,-0.3306301638558535,0.32924929159924143,-0.07563334561887253,0.08505047361425483
0.336186612901782,-0.3297867869029543,1.0956546194519616,-1.3285871433273304,3.7865551320186897,-1.3289584888250576,1.0882038501551827,-0.3297737467310125,0.31157276637117864,-0.0673084095133777
-0.07483641315626904,0.33563323464553607,-0.3300841839924038,1.0941272943479614,-1.3289584888250576,3.7821919788618645,-1.3286149103672986,1.0752779021377945,-0.324516260797705,0.27188584261106086
0.10516096797597178,-0.07525493261626037,0.333555045685457,-0.3306301638558535,1.0882038501551827,-1.3286149103672986,3.7646840141730817,-1.3218514007062645,1.021640232346022,-0.28702454690752005
-0.014087409199897191,0.10367345354423145,-0.07544521940174387,0.32924929159924143,-0.3297737467310125,1.0752779021377945,-1.3218514007062645,3.724502088401593,-1.2887823398141092,0.8927711032861485
0.03158694706107384,-0.01482753280372108,0.09763309964692256,-0.07563334561887253,0.31157276637117864,-0.324516260797705,1.021640232346022,-1.2887823398141092,3.5561182521452697,-1.136325698727487
-0.0014897163756192684,0.02746191411888371,-0.013400984956762597,0.08505047361425483,-0.0673084095133777,0.27188584261106086,-0.28702454690752005,0.8927711032861485,-1.136325698727487,3.127566050680897
