0.8606573820078772,0.4820668492599285,0.3145664729991132,0.20474862554791246,0.13316924912366385,0.08640296145571455,0.05574076336865373,0.03546601017969612,0.02181648903041597,0.012049231388022622
0.4820668492599285,0.8605576180891831,0.48191372719450964,0.31433145439307886,0.20438790969610204,0.13261559325779093,0.08555334582520102,0.05443480382761245,0.033484911556235855,0.01849369305247103
0.3145664729991132,0.48191372719450964,0.860322599585249,0.48155301026559527,0.3137778117837935,0.20353813423795347,0.13131156569108737,0.08354890148202707,0.05139412625044987,0.02838493734467757
0.20474862554791246,0.31433145439307886,0.48155301026559527,0.8597689550822546,0.480703254785079,0.3124735383399599,0.2015366543047467,0.12823505473641858,0.07888193301558341,0.04356646091677504
0.13316924912366385,0.20438790969610204,0.3137778117837935,0.480703254785079,0.8584647167620734,0.47870140431587527,0.30940158780198346,0.19681470331634937,0.12107201052033362,0.06686767952162553
0.08640296145571455,0.13261559325779093,0.20353813423795347,0.3124735383399599,0.47870140431587527,0.8553921147666378,0.47398632585989164,0.3021539590602497,0.18582024052401924,0.10263208387894641
0.05574076336865373,0.08555334582520102,0.13131156569108737,0.2015366543047467,0.30940158780198346,0.47398632585989164,0.8481565689602731,0.4628643944756695,0.28528286756307325,0.1575168499168226
0.03546601017969612,0.05443480382761245,0.08354890148202707,0.12823505473641858,0.19681470331634937,0.3021539590602497,0.4628643944756695,0.8310613686972583,0.4369252330842687,0.24185336643139443
0.02181648903041597,0.033484911556235855,0.05139412625044987,0.07888193301558341,0.12107201052033362,0.18582024052401924,0.28528286756307325,0.4369252330842687,0.791788534583288,0.3701251917414463
0.012049231388022622,0.01849369305247103,0.02838493734467757,0.04356646091677504,0.06686767952162553,0.10263208387894641,0.1575168499168226,0.24185336643139443,0.3701251917414463,0.6909831711429671
