2.226313377805813,0.11567052605368289,-1.2801116662599012,-0.30873374544048426,0.7246141690172067,0.310905555166327,-0.3527819479129509,-0.21187604320666292,0.11894223151140154,0.05337105159849959
0.11567052605368289,2.2121385289467423,0.11337919579136971,-1.258728942896596,-0.29885000834974296,0.6942574155420054,0.28655456295470527,-0.31273384283885636,-0.16214681129929145,0.07131024525247104
-1.2801116662599012,0.11337919579136971,2.183758723487883,0.1085598743575577,-1.2159865656273423,-0.2787210448048629,0.6336866178905464,0.23733217313718438,-0.2330134865570453,-0.06198951358818979
-0.30873374544048426,-1.258728942896596,0.1085598743575577,2.149057738819187,0.10580707707028583,-1.1627962146076178,-0.2587211222888423,0.5568179445146917,0.18349516153628243,-0.12929287822489197
0.7246141690172067,-0.29885000834974296,-1.2159865656273423,0.10580707707028583,2.0817261941433505,0.0901970631975301,-1.0626231254455671,-0.2048303170943786,0.4168455334943085,0.05827026179038489
0.310905555166327,0.6942574155420054,-0.2787210448048629,-1.1627962146076178,0.0901970631975301,1.9943360502720773,0.08866959971439702,-0.927072776291257,-0.1624028787389883,0.21842994098148
-0.3527819479129509,0.28655456295470527,0.6336866178905464,-0.2587211222888423,-1.0626231254455671,0.08866959971439702,1.8379895106255542,0.044851882512860146,-0.6967037120876886,-0.026145310519407147
-0.21187604320666292,-0.31273384283885636,0.23733217313718438,0.5568179445146917,-0.2048303170943786,-0.927072776291257,0.044851882512860146,1.6140915401141243,0.04688968828711017,-0.34765847752732104
0.11894223151140154,-0.16214681129929145,-0.2330134865570453,0.18349516153628243,0.4168455334943085,-0.1624028787389883,-0.6967037120876886,0.04688968828711017,1.256179808889359,-0.06203185949689591
0.05337105159849959,0.07131024525247104,-0.06198951358818979,-0.12929287822489197,0.05827026179038489,0.21842994098148,-0.026145310519407147,-0.34765847752732104,-0.06203185949689591,0.680792725432399
