3.5626806784632308,-0.09967381910731607,-1.722463697018057,0.3988806737419083,1.03300137630394,-0.4381358050963998,-0.5289732936666892,0.31639723273447606,0.18964393752057263,-0.09051916005353969
-0.09967381910731607,3.5358077268210355,-0.09060755010811894,-1.6861293214122346,0.37515788432977665,0.987210873911449,-0.3904051828771261,-0.4764558338748669,0.23189115729159984,0.13807326571763887
-1.722463697018057,-0.09060755010811894,3.4808887652655844,-0.0877731283781967,-1.6073071553089378,0.3481078199051587,0.8807701342681389,-0.32019825540937064,-0.34252066221208544,0.09109370214900261
0.3988806737419083,-1.6861293214122346,-0.0877731283781967,3.4273693897646256,-0.07630819299477809,-1.5330264751645295,0.3098629179873543,0.7841737569673621,-0.2366208224836987,-0.22675360885180024
1.03300137630394,0.37515788432977665,-1.6073071553089378,-0.07630819299477809,3.3097197342190894,-0.05869613002728817,-1.3675288618274875,0.23615643410326576,0.5656089214638409,-0.0661185408997675
-0.4381358050963998,0.987210873911449,0.3481078199051587,-1.5330264751645295,-0.05869613002728817,3.1968674559687242,-0.051395200131097066,-1.2059878968722324,0.1785553205930293,0.34809517327258804
-0.5289732936666892,-0.3904051828771261,0.8807701342681389,0.3098629179873543,-1.3675288618274875,-0.051395200131097066,2.9547272526073396,0.008485921579382768,-0.8722474206121487,-0.005415773255035294
0.31639723273447606,-0.4764558338748669,-0.32019825540937064,0.7841737569673621,0.23615643410326576,-1.2059878968722324,0.008485921579382768,2.703022968231279,-0.005104771903207219,-0.5032541871964848
0.18964393752057263,0.23189115729159984,-0.34252066221208544,-0.2366208224836987,0.5656089214638409,0.1785553205930293,-0.8722474206121487,-0.005104771903207219,2.2229660237910602,0.15431500838334733
-0.09051916005353969,0.13807326571763887,0.09109370214900261,-0.22675360885180024,-0.0661185408997675,0.34809517327258804,-0.005415773255035294,-0.5032541871964848,0.15431500838334733,1.6414324627414292
