3.4649367038714876,-0.6496204545454098,-1.595145986676104,1.3396220653658695,0.38843777336380636,-1.0945217714565596,0.3010043827798758,0.4782672387613872,-0.32303681930631867,-0.06982732800058217
-0.6496204545454098,3.407078279922424,-0.6401577851920641,-1.5278130878116984,1.277271114188222,0.34834326149076594,-0.9844765724254324,0.27053186823704134,0.35949966223458213,-0.19533871345216466
-1.595145986676104,-0.6401577851920641,3.3148194183005364,-0.5835601253723045,-1.4513843942568276,1.1475416626261656,0.346773989292833,-0.8165202037837955,0.1473663951139678,0.2353654497117022
1.3396220653658695,-1.5278130878116984,-0.5835601253723045,3.186068875470136,-0.5603632284864872,-1.3031455420377343,1.0072316172414977,0.26076798590250067,-0.5720276153755219,0.0757122717726221
0.38843777336380636,1.277271114188222,-1.4513843942568276,-0.5603632284864872,3.070518927344123,-0.5040634282117515,-1.1965506462429547,0.8554013175481942,0.23688795566604456,-0.3590283898839224
-1.0945217714565596,0.34834326149076594,1.1475416626261656,-1.3031455420377343,-0.5040634282117515,2.8379736040143437,-0.4031221695532877,-0.9728132224109612,0.5588677996518874,0.17025529447907078
0.3010043827798758,-0.9844765724254324,0.346773989292833,1.0072316172414977,-1.1965506462429547,-0.4031221695532877,2.62569521490287,-0.37467979167341603,-0.7210963648845745,0.33468858242442945
0.4782672387613872,0.27053186823704134,-0.8165202037837955,0.26076798590250067,0.8554013175481942,-0.9728132224109612,-0.37467979167341603,2.316848097954351,-0.18105356621511315,-0.4683424324670036
-0.32303681930631867,0.35949966223458213,0.1473663951139678,-0.5720276153755219,0.23688795566604456,0.5588677996518874,-0.7210963648845745,-0.18105356621511315,1.8489126421642403,-0.08122265157122402
-0.06982732800058217,-0.19533871345216466,0.2353654497117022,0.0757122717726221,-0.3590283898839224,0.17025529447907078,0.33468858242442945,-0.4683424324670036,-0.08122265157122402,1.4495523789269869
