10.537199019277821,-7.911754480426359,7.04434478823039,-6.01218319372861,5.0383953474015915,-4.086378302089232,3.1558263049072948,-2.2402514328215517,1.3433575850585266,-0.4007883888863929
-7.911754480426359,10.04893247852398,-7.387394312248573,6.481222423493581,-5.407436519686722,4.388923796731504,-3.3890462191233284,2.405864536715108,-1.4426601214320858,0.43041564905658725
7.04434478823039,-7.387394312248573,9.485810570668098,-6.7826448296774124,5.8317716804246285,-4.709954748786303,3.6400435480928452,-2.5836457973283853,1.5493136845291406,-0.46223182313296596
-6.01218319372861,6.481222423493581,-6.7826448296774124,8.836356284532796,-6.0851848386433565,5.082730070899841,-3.905715142099377,2.775105618876286,-1.6637763768576752,0.49640854479934515
5.0383953474015915,-5.407436519686722,5.8317716804246285,-6.0851848386433565,8.087342151136662,-5.2807763312497205,4.219043479375019,-2.9768437154259524,1.7872414309144249,-0.5330493662536375
-4.086378302089232,4.388923796731504,-4.709954748786303,5.082730070899841,-5.2807763312497205,7.2234424849552035,-4.353214712829961,3.221475291538499,-1.915926371420872,0.572848735723188
3.1558263049072948,-3.3890462191233284,3.6400435480928452,-3.905715142099377,4.219043479375019,-4.353214712829961,6.2275266699792855,-3.2821399355330287,2.0823361543510286,-0.6123407920394394
-2.2402514328215517,2.405864536715108,-2.5836457973283853,2.775105618876286,-2.9768437154259524,3.221475291538499,-3.2821399355330287,5.075573544898646,-2.0573242454004563,0.6782161846602878
1.3433575850585266,-1.4426601214320858,1.5493136845291406,-1.6637763768576752,1.7872414309144249,-1.915926371420872,2.0823361543510286,-2.0573242454004563,3.7708247823012244,-0.5795252786933569
-0.4007883888863929,0.43041564905658725,-0.46223182313296596,0.49640854479934515,-0.5330493662536375,0.572848735723188,-0.6123407920394394,0.6782161846602878,-0.5795252786933569,1.9663096270520228
