0.9132797594487785,-0.22543627304513328,-0.15062907165480194,0.28711951507319733,-0.14823307064182686,-0.05969440413477275,0.13951454356432194,-0.074443633834102,-0.01430769985269825,0.03031469726567497
-0.22543627304513328,0.9050746573510633,-0.22082219404203526,-0.14509719855677483,0.27380701821674536,-0.13915596115750326,-0.05271629736624039,0.11822692646241081,-0.05735095354456529,-0.006385190357693254
-0.15062907165480194,-0.22082219404203526,0.8946600184797207,-0.21411623080502953,-0.13914191131844816,0.257075902950561,-0.12637165691529487,-0.04567385974301854,0.09174211765532929,-0.033822761942829155
0.28711951507319733,-0.14509719855677483,-0.21411623080502953,0.878606946186167,-0.20321914324807164,-0.1306661471830979,0.2313963833355162,-0.10583257132316984,-0.036016372556628096,0.05127185034853521
-0.14823307064182686,0.27380701821674536,-0.13914191131844816,-0.20321914324807164,0.856708175111881,-0.19076797810149726,-0.1160734340585945,0.1958931105469436,-0.08140345646320594,-0.01768411709485891
-0.05969440413477275,-0.13915596115750326,0.257075902950561,-0.1306661471830979,-0.19076797810149726,0.8293798905416235,-0.17364570989135902,-0.09985112350977193,0.15189736323474842,-0.04856237686782759
0.13951454356432194,-0.05271629736624039,-0.12637165691529487,0.2313963833355162,-0.1160734340585945,-0.17364570989135902,0.7877455117421054,-0.14501103939908255,-0.07833655219622458,0.08536929035104754
-0.074443633834102,0.11822692646241081,-0.04567385974301854,-0.10583257132316984,0.1958931105469436,-0.09985112350977193,-0.14501103939908255,0.729409967685695,-0.11129923844317124,-0.04014567470924686
-0.01430769985269825,-0.05735095354456529,0.09174211765532929,-0.036016372556628096,-0.08140345646320594,0.15189736323474842,-0.07833655219622458,-0.11129923844317124,0.6573968048722154,-0.06742436527816019
0.03031469726567497,-0.006385190357693254,-0.033822761942829155,0.05127185034853521,-0.01768411709485891,-0.04856237686782759,0.08536929035104754,-0.04014567470924686,-0.06742436527816019,0.5496098503687963
