24.524140253544555,0.5216470491414833,-18.025119560784603,-0.5046535472797142,12.819447081533056,0.46925888481250744,-8.262560435090872,-0.41914755882234256,4.124068222566364,0.35531537764757737
0.5216470491414833,23.54070799396201,0.3865526226123448,-16.794913079016922,-0.32980189270245563,11.280570407149527,0.2432001127242337,-6.337599768249034,-0.12718812601063373,1.7162032364375643
-18.025119560784603,0.3865526226123448,22.943002322511344,0.5528298127469234,-16.046059038583795,-0.5343976660649274,10.342362952573568,0.4948662755268945,-5.162181329440123,-0.43665373589749024
-0.5046535472797142,-16.794913079016922,0.5528298127469234,21.404085426588534,0.33750244568491705,-14.12099769200246,-0.2558689296941213,7.934308956699215,0.13497057692098163,-2.1500070176866055
12.819447081533056,-0.32980189270245563,-16.046059038583795,0.33750244568491705,20.465827631700304,0.6025997772021863,-12.94545324485037,-0.5821440765811101,6.461495260212407,0.5364199618600209
0.46925888481250744,11.280570407149527,-0.5343976660649274,-14.12099769200246,0.6025997772021863,18.05771063110052,0.2595142066828304,-9.933121224081818,-0.13861601682644456,2.6934133969434493
-8.262560435090872,0.2432001127242337,10.342362952573568,-0.2558689296941213,-12.94545324485037,0.2595142066828304,16.58481807941301,0.6820027440806649,-8.087702460861726,-0.658735934822112
-0.41914755882234256,-6.337599768249034,0.4948662755268945,7.934308956699215,-0.5821440765811101,-9.933121224081818,0.6820027440806649,12.816637522869318,0.13555026536646334,-3.374101532237297
4.124068222566364,-0.12718812601063373,-5.162181329440123,0.13497057692098163,6.461495260212407,-0.13861601682644456,-8.087702460861726,0.13555026536646334,10.50439240659959,0.8086306610537466
0.35531537764757737,1.7162032364375643,-0.43665373589749024,-2.1500070176866055,0.5364199618600209,2.6934133969434493,-0.658735934822112,-3.374101532237297,0.8086306610537466,4.608120046250539
