0.5696692932234367,0.0809257529737459,0.2468175548869691,0.0969903259349177,0.128078249886123,0.0705908384984428,0.06737549763095532,0.04025597457842364,0.02929611686832671,0.012830582590990711
0.0809257529737459,0.5677482100577582,0.0785374812662058,0.24383702906171278,0.09329199101045245,0.1234497071911122,0.06487184262682757,0.06017282186473626,0.03144004321364287,0.018036397407434842
0.2468175548869691,0.0785374812662058,0.5647522304630771,0.0748486285256245,0.23916690384960432,0.08762045396188259,0.11612167772729012,0.05624265943665572,0.048508412753263924,0.01862676136043346
0.0969903259349177,0.24383702906171278,0.0748486285256245,0.560117869652839,0.0691551470164047,0.23193510811435608,0.07888143760589597,0.1047473725958756,0.04299718938510412,0.030312254306136894
0.128078249886123,0.09329199101045245,0.23916690384960432,0.0691551470164047,0.5528033049564401,0.0604669163611713,0.22033809086348355,0.06589015262550293,0.08587983132674425,0.024508493634159037
0.0705908384984428,0.1234497071911122,0.08762045396188259,0.23193510811435608,0.0604669163611713,0.541397838537447,0.04735809887714848,0.2019859685528459,0.046813200586754436,0.055113129867231284
0.06737549763095532,0.06487184262682757,0.11612167772729012,0.07888143760589597,0.22033809086348355,0.04735809887714848,0.5226024133185252,0.028553150359166796,0.17002644155953958,0.022903071349133882
0.04025597457842364,0.06017282186473626,0.05624265943665572,0.1047473725958756,0.06589015262550293,0.2019859685528459,0.028553150359166796,0.49166881488196346,0.004013527891804428,0.1134944454431012
0.02929611686832671,0.03144004321364287,0.048508412753263924,0.04299718938510412,0.08587983132674425,0.046813200586754436,0.17002644155953958,0.004013527891804428,0.43276252934879667,-0.016634165208403866
0.012830582590990711,0.018036397407434842,0.01862676136043346,0.030312254306136894,0.024508493634159037,0.055113129867231284,0.022903071349133882,0.1134944454431012,-0.016634165208403866,0.31460056156608385
