1.3237831509369888,0.21441745746450858,0.13987737745410594,0.07901378097896852,0.04506888750788392,0.025746103775602686,0.014804141146790534,0.00867841674137789,0.005421681538574046,0.002749322973863385
0.21441745746450858,1.3237980780866772,0.21444366893592726,0.1399234037318663,0.079094601421284,0.045210800705978646,0.02599540952481197,0.015238951243080563,0.009520253434342804,0.004827699964476172
0.13987737745410594,0.21444366893592726,1.3238441043708826,0.21452448921904993,0.14006532116138454,0.07934379526025975,0.04564857152334344,0.026758918476480424,0.016717182447209884,0.0084772457292518
0.07901378097896852,0.1399234037318663,0.21452448921904993,1.3239860215009924,0.21477369045333833,0.1405028954076291,0.08011250301080428,0.04698926219243686,0.02935463227672688,0.014885705264343872
0.04506888750788392,0.079094601421284,0.14006532116138454,0.21477369045333833,1.3244236096563027,0.21554205465403942,0.14185271780388253,0.08246670619221744,0.05154724159809283,0.02613857506827489
0.025746103775602686,0.045210800705978646,0.07934379526025975,0.1405028954076291,0.21554205465403942,1.325772785905795,0.21791221747098877,0.145986482091778,0.09047004415552146,0.04590149220199674
0.014804141146790534,0.02599540952481197,0.04564857152334344,0.08011250301080428,0.14185271780388253,0.21791221747098877,1.3299365669933045,0.2251741492851866,0.16004768002155817,0.08051620321431871
0.00867841674137789,0.015238951243080563,0.026758918476480424,0.04698926219243686,0.08246670619221744,0.145986482091778,0.2251741492851866,1.342603332089081,0.24966239047592395,0.14363089156384182
0.005421681538574046,0.009520253434342804,0.016717182447209884,0.02935463227672688,0.05154724159809283,0.09047004415552146,0.16004768002155817,0.24966239047592395,1.3909650327956904,0.19274577232524717
0.002749322973863385,0.004827699964476172,0.0084772457292518,0.014885705264343872,0.02613857506827489,0.04590149220199674,0.08051620321431871,0.14363089156384182,0.19274577232524717,2.0341455875889882
