3.807187236633057,-0.12037041058474172,0.15831704049747375,-0.05741533895963977,0.025038300959906515,-0.010490493241442637,0.004429064892276268,-0.0018612230263107881,0.0007714631631396134,-0.0002680778775969228
-0.12037041058474172,3.8071871489069418,-0.12037020264060433,0.15831654756005648,-0.05741417079341836,0.025035528550860157,-0.010483960317071004,0.004413134015034917,-0.001828567967653078,0.0006354613747720881
0.15831704049747375,-0.12037020264060433,3.8071866560005345,-0.12036903419213023,0.15831377856336887,-0.05740759913407227,0.025020043036290705,-0.010446198194235042,0.0043357280809600204,-0.0015062044697067034
-0.05741533895963977,0.15831654756005648,-0.12036903419213023,3.807183886160556,-0.12036247020843745,0.15829820025222419,-0.057370890380244705,0.024930525793436055,-0.0102627175329605,0.0035714154871275714
0.025038300959906515,-0.05741417079341836,0.15831377856336887,-0.12036247020843745,3.807168330782119,-0.12032555272089028,0.15821120654366605,-0.057158764127130834,0.024495571292714034,-0.008453060720825504
-0.010490493241442637,0.025035528550860157,-0.05740759913407227,0.15829820025222419,-0.12032555272089028,3.807080713435516,-0.12011910282704559,0.15770762639241176,-0.0561281030185809,0.020182168147536476
0.004429064892276268,-0.010483960317071004,0.025020043036290705,-0.057370890380244705,0.15821120654366605,-0.12011910282704559,3.8065940926600836,-0.11893407732248314,0.15526044710534825,-0.04617645861378031
-0.0018612230263107881,0.004413134015034917,-0.010446198194235042,0.024930525793436055,-0.057158764127130834,0.15770762639241176,-0.11893407732248314,3.8036857156789736,-0.11318025860600198,0.1285405954477673
0.0007714631631396134,-0.001828567967653078,0.0043357280809600204,-0.0102627175329605,0.024495571292714034,-0.0561281030185809,0.15526044710534825,-0.11318025860600198,3.7895077945278715,-0.08575697996178655
-0.0002680778775969228,0.0006354613747720881,-0.0015062044697067034,0.0035714154871275714,-0.008453060720825504,0.020182168147536476,-0.04617645861378031,0.1285405954477673,-0.08575697996178655,3.312488108779366
