9.962200391224389,9.039669207344911,7.883248328985716,6.603612362476749,5.321589311387594,4.094939138336948,2.9525172572715244,1.916859056856245,1.0235538440240737,0.34460783611713863
9.039669207344911,9.618285789397392,8.638854161633596,7.4184942969009855,6.0690376094236065,4.714593161653937,3.4202386048467375,2.2296647899760016,1.1940730178975705,0.40296869319445666
7.883248328985716,8.638854161633596,9.151149646463644,8.097187493097362,6.795430576652849,5.361524641432279,3.9280898551897976,2.5774626334722597,1.3866862767423536,0.469697256850625
6.603612362476749,7.4184942969009855,8.097187493097362,8.523039758366393,7.374651296479152,5.974890374812108,4.449240128043956,2.9502759633615536,1.5989050238252478,0.5447293038272344
5.321589311387594,6.0690376094236065,6.795430576652849,7.374651296479152,7.691809957436709,6.4305421795808435,4.924974092281191,3.3234384176056375,1.8226891455266265,0.6267563023702865
4.094939138336948,4.714593161653937,5.361524641432279,5.974890374812108,6.4305421795808435,6.619249257974169,5.2373245085842655,3.6446484688789744,2.0393737130255802,0.7120185973536411
2.9525172572715244,3.4202386048467375,3.9280898551897976,4.449240128043956,4.924974092281191,5.2373245085842655,5.290954612169264,3.8104485436355757,2.210422175899631,0.7920950502136479
1.916859056856245,2.2296647899760016,2.5774626334722597,2.9502759633615536,3.3234384176056375,3.6446484688789744,3.8104485436355757,3.7551126707403357,2.2606442486263263,0.8498789204473277
1.0235538440240737,1.1940730178975705,1.3866862767423536,1.5989050238252478,1.8226891455266265,2.0393737130255802,2.210422175899631,2.2606442486263263,2.1793109110986575,0.8522797751733274
0.34460783611713863,0.40296869319445666,0.469697256850625,0.5447293038272344,0.6267563023702865,0.7120185973536411,0.7920950502136479,0.8498789204473277,0.8522797751733274,0.8685103732455751
