1.7914314648338303,-1.2072497829154356,0.4229770882365681,0.2949229801995329,-0.6629888821906351,0.6386002597359307,-0.3764342318943638,0.09871556016073907,0.041353217971358935,-0.0324616622639056
-1.2072497829154356,1.7732049167923756,-1.19190400183872,0.41961082422462326,0.2808378082246893,-0.633647891382769,0.6050397744917134,-0.3553304049569165,0.10518336645170236,0.002330936804155999
0.4229770882365681,-1.19190400183872,1.7260012469163848,-1.128357084895847,0.3687381327092283,0.2879160576859211,-0.5797267484245325,0.5003038288594502,-0.2402908400618649,0.03827748429549379
0.2949229801995329,0.41961082422462326,-1.128357084895847,1.6178628155061783,-1.0198663790214733,0.3178744286312418,0.23626735947230987,-0.4218172224482832,0.288130109625648,-0.07083092222067246
-0.6629888821906351,0.2808378082246893,0.3687381327092283,-1.0198663790214733,1.4921916518839269,-0.939037818679693,0.33890127012785626,0.09344264578496449,-0.19635535850219937,0.07543247432845265
0.6386002597359307,-0.633647891382769,0.2879160576859211,0.3178744286312418,-0.939037818679693,1.415495910667976,-0.908804659053581,0.3855503587508613,-0.02866290188041326,-0.04105615627742426
-0.3764342318943638,0.6050397744917134,-0.5797267484245325,0.23626735947230987,0.33890127012785626,-0.908804659053581,1.3344879015871989,-0.8048410093158862,0.3072626121201818,-0.02583230593704708
0.09871556016073907,-0.3553304049569165,0.5003038288594502,-0.4218172224482832,0.09344264578496449,0.3855503587508613,-0.8048410093158862,1.0894389607493813,-0.5066913906898629,0.09937921626633611
0.041353217971358935,0.10518336645170236,-0.2402908400618649,0.288130109625648,-0.19635535850219937,-0.02866290188041326,0.3072626121201818,-0.5066913906898629,0.6637118539416811,-0.1422463286360049
-0.0324616622639056,0.002330936804155999,0.03827748429549379,-0.07083092222067246,0.07543247432845265,-0.04105615627742426,-0.02583230593704708,0.09937921626633611,-0.1422463286360049,0.2898750662814835
