1.0257880840156413,-0.11087731379878005,0.053979523429094144,-0.026353353697989204,0.012904889979090148,-0.006338365016966979,0.0031196646539490324,-0.0015319095254557845,0.0007368530821855114,-0.0003200232971253751
-0.11087731379878005,1.0257875435603527,-0.11087630045633688,0.053977615812511405,-0.026349747155101598,0.012898040221886046,-0.006325292758066421,0.003094591467847068,-0.0014835674651005803,0.0006431509941159959
0.053979523429094144,-0.11087630045633688,1.0257856328688828,-0.11087268188859047,0.053970730723186706,-0.026336582451845544,0.012872739876705761,-0.006276413899034684,0.0029996539731503014,-0.0012981736982672096
-0.026353353697989204,0.053977615812511405,-0.11087268188859047,1.0257787360864652,-0.11085947145754681,0.05394529601803354,-0.02628735204807526,0.012776938547993754,-0.006088978809620004,0.002630968373574621
0.012904889979090148,-0.026349747155101598,0.053970730723186706,-0.11085947145754681,1.0257532569151544,-0.1108100671614599,0.053848983749077685,-0.026098580114431072,0.012404967985248644,-0.005352182447128949
-0.006338365016966979,0.012898040221886046,-0.026336582451845544,0.05394529601803354,-0.1108100671614599,1.025656775551572,-0.11062063395511117,0.053475070197456016,-0.0253567000391205,0.010925630080221908
0.0031196646539490324,-0.006325292758066421,0.012872739876705761,-0.02628735204807526,0.053848983749077685,-0.11062063395511117,1.0252822189717634,-0.10987623921096251,0.05198834355016453,-0.022373370773159065
-0.0015319095254557845,0.003094591467847068,-0.006276413899034684,0.012776938547993754,-0.026098580114431072,0.053475070197456016,-0.10987623921096251,1.0237930470353613,-0.1068833472346069,0.04594712117780973
0.0007368530821855114,-0.0014835674651005803,0.0029996539731503014,-0.006088978809620004,0.012404967985248644,-0.0253567000391205,0.05198834355016453,-0.1068833472346069,1.017742525787846,-0.09460305962499194
-0.0003200232971253751,0.0006431509941159959,-0.0012981736982672096,0.002630968373574621,-0.005352182447128949,0.010925630080221908,-0.022373370773159065,0.04594712117780973,-0.09460305962499194,0.9926918023191593
