1.2503013268773011,-0.3483317491418871,0.16286925521521323,-0.06325472017889133,0.028184653695292515,-0.011335936555467113,0.004917645508811526,-0.002013680063909113,0.0008513512738705669,-0.000337571869240985
-0.3483317491418871,1.2503012832494034,-0.34833163953849694,0.16286901272019655,-0.06325408396079821,0.02818332805865257,-0.011332176071600633,0.004910630996223199,-0.001990778040236516,0.0008167042710741888
0.16286925521521323,-0.34833163953849694,1.2503010088149167,-0.34833102958275514,0.16286742198437765,-0.06325074167854361,0.02817394857584095,-0.011314407001055333,0.0048537329931557386,-0.001902092170697224
-0.06325472017889133,0.16286901272019655,-0.34833102958275514,1.2502996615839579,-0.3483274870777,0.16286006360391836,-0.06322978426066042,0.028135080982751387,-0.011186587763843554,0.0046625083404623
0.028184653695292515,-0.06325408396079821,0.16286742198437765,-0.3483274870777,1.2502904467351081,-0.3483080561480342,0.16280578723161426,-0.06312627281772358,0.027806393422166235,-0.010667686507392823
-0.011335936555467113,0.02818332805865257,-0.06325074167854361,0.16286006360391836,-0.3483080561480342,1.2502503239812575,-0.34819290683832216,0.16259457540233435,-0.062422050201993484,0.026775175153750084
0.004917645508811526,-0.011332176071600633,0.02817394857584095,-0.06322978426066042,0.16280578723161426,-0.34819290683832216,1.2499312057010314,-0.3475774107135889,0.16066772826847814,-0.05931389716710377
-0.002013680063909113,0.004910630996223199,-0.011314407001055333,0.028135080982751387,-0.06312627281772358,0.16259457540233435,-0.3475774107135889,1.248827031736866,-0.34379281152609364,0.155361464516556
0.0008513512738705669,-0.001990778040236516,0.0048537329931557386,-0.011186587763843554,0.027806393422166235,-0.062422050201993484,0.16066772826847814,-0.34379281152609364,1.2372487505272782,-0.3244595100617909
-0.000337571869240985,0.0008167042710741888,-0.001902092170697224,0.0046625083404623,-0.010667686507392823,0.026775175153750084,-0.05931389716710377,0.155361464516556,-0.3244595100617909,1.2126909525600296
