1.2007693933849084,0.14724418149204221,0.05183509743735355,0.018002261332649715,0.006244951344830259,0.00216607612470818,0.0007510922707777868,0.0002598377954143029,8.815764315839269e-05,2.5332763154725165e-05
0.14724418149204221,1.2007693899288383,0.14724417152823602,0.051835068711826804,0.018002178517347495,0.006244712590334256,0.002165387831348462,0.0007491090352720567,0.0002541573715165441,7.303403653355382e-05
0.05183509743735355,0.14724417152823602,1.200769361203311,0.14724408871290506,0.051834829956355924,0.01800149019114942,0.006242728249266828,0.0021596701884207155,0.0007327324448809523,0.00021055620451419855
0.018002261332649715,0.051835068711826804,0.14724408871290506,1.2007691224477637,0.14724340038391528,0.0518328455206703,0.017995769361057994,0.006226244357333724,0.0021124566863307557,0.0006070308337454053
0.006244951344830259,0.018002178517347495,0.051834829956355924,0.14724340038391528,1.2007671380046645,0.14723767928287115,0.0518163524454614,0.017948246525189327,0.006090128473573347,0.0017500606369444858
0.00216607612470818,0.006244712590334256,0.01800149019114942,0.0518328455206703,0.14723767928287115,1.2007506442099212,0.14719013014938073,0.051679345268472315,0.01755582773574265,0.0050453489268736055
0.0007510922707777868,0.002165387831348462,0.006242728249266828,0.017995769361057994,0.0518163524454614,0.14719013014938073,1.2006135671977136,0.14679515901448678,0.050548060248511564,0.014543865764176945
0.0002598377954143029,0.0007491090352720567,0.0021596701884207155,0.006226244357333724,0.017948246525189327,0.051679345268472315,0.14679515901448678,1.1994755042415663,0.14353547626626317,0.04186879580454642
8.815764315839269e-05,0.0002541573715165441,0.0007327324448809523,0.0021124566863307557,0.006090128473573347,0.01755582773574265,0.050548060248511564,0.14353547626626317,1.1901383995283465,0.11865411859682684
2.5332763154725165e-05,7.303403653355382e-05,0.00021055620451419855,0.0006070308337454053,0.0017500606369444858,0.0050453489268736055,0.014543865764176945,0.04186879580454642,0.11865411859682684,1.1231475670792646
