2.4093801586602934,1.329473744711947,0.9711779885762695,0.6988680487380189,0.5012542135672571,0.3566125364323581,0.24968551213288276,0.16916532471107187,0.10649615434111621,0.055911975877592966
1.329473744711947,2.4071095612848588,1.3263349958670712,0.9668391549338331,0.692870283643152,0.4929632388243372,0.3451514300085053,0.2338448382508475,0.14721442232442294,0.07728963821900027
0.9711779885762695,1.3263349958670712,2.4027707276291017,1.3203372310362633,0.9585481745658374,0.681409296469125,0.4771200360892066,0.3232541542575265,0.2035011189043402,0.10684094186786695
0.6988680487380189,0.9668391549338331,1.3203372310362633,2.3944797476515807,1.3088762361216266,0.9427051367237418,0.6595085250380444,0.44685044734532847,0.2813086667806293,0.14769104192188584
0.5012542135672571,0.692870283643152,0.9585481745658374,1.3088762361216266,2.378636698363143,1.2869756915981667,0.9124307143182839,0.6176655096553276,0.388867311652424,0.2041598804894858
0.3566125364323581,0.4929632388243372,0.681409296469125,0.9427051367237418,1.2869756915981667,2.3483626114948497,1.245126024663134,0.8545892722043691,0.5375128643782955,0.2822212347087759
0.24968551213288276,0.3451514300085053,0.4771200360892066,0.6595085250380444,0.9124307143182839,1.245126024663134,2.2905113334706466,1.1651683624725258,0.7437896007246241,0.3900878218681269
0.16916532471107187,0.2338448382508475,0.3232541542575265,0.44685044734532847,0.6176655096553276,0.8545892722043691,1.1651683624725258,2.17999999109884,1.01202760095675,0.5400689112564367
0.10649615434111621,0.14721442232442294,0.2035011189043402,0.2813086667806293,0.388867311652424,0.5375128643782955,0.7437896007246241,1.01202760095675,1.9678272446223377,0.7288975080428883
0.055911975877592966,0.07728963821900027,0.10684094186786695,0.14769104192188584,0.2041598804894858,0.2822212347087759,0.3900878218681269,0.5400689112564367,0.7288975080428883,1.6086306696679988
