3.2821783667975124,1.4695210216790089,1.3963717270452616,1.1879799724643954,1.00242569543768,0.8179234287120183,0.6366717053407694,0.4573611314032391,0.28163462452662347,0.09213236847000504
1.4695210216790089,3.1763897092032565,1.3572592018533118,1.2772405559090745,1.0615598561675719,0.8682650661954954,0.6755904420766076,0.4853520967606889,0.2988670641368799,0.0977700077192978
1.3963717270452616,1.3572592018533118,3.057258637147176,1.230838445849304,1.14308484734067,0.9191899960124919,0.7172227856307302,0.515011652055104,0.3171598460248285,0.10375185091648803
1.1879799724643954,1.2772405559090745,1.230838445849304,2.9231021381516715,1.0884736890586773,0.9920033113286254,0.7589053702806967,0.5468181071317232,0.33652764176854766,0.11010544493077173
1.00242569543768,1.0615598561675719,1.14308484734067,1.0884736890586773,2.7720269078958584,0.9281483504360895,0.8219117993206292,0.5780746182099121,0.35741369571353154,0.11680478402899339
0.8179234287120183,0.8682650661954954,0.9191899960124919,0.9920033113286254,0.9281483504360895,2.601885090727966,0.7476423918406596,0.6300090530753143,0.3770732613272464,0.12423753277409463
0.6366717053407694,0.6755904420766076,0.7172227856307302,0.7589053702806967,0.8219117993206292,0.7476423918406596,2.4103836617900916,0.5440499440386471,0.4167637482818925,0.1296932838885956
0.4573611314032391,0.4853520967606889,0.515011652055104,0.5468181071317232,0.5780746182099121,0.6300090530753143,0.5440499440386471,2.1939367851980056,0.31734080102789874,0.153764340428576
0.28163462452662347,0.2988670641368799,0.3171598460248285,0.33652764176854766,0.35741369571353154,0.3770732613272464,0.4167637482818925,0.31734080102789874,1.9564784187898558,0.04187453084750897
0.09213236847000504,0.0977700077192978,0.10375185091648803,0.11010544493077173,0.11680478402899339,0.12423753277409463,0.1296932838885956,0.153764340428576,0.04187453084750897,1.6368975444542748
