4.964726014387638,1.9548131775876874,1.093915472320695,0.4767500192862981,0.256309148661924,0.11539122462235199,0.060179232523087475,0.02748741252792459,0.013479507148356008,0.005255908843449578
1.9548131775876874,4.964718768611425,1.954797580045763,1.093885368569644,0.4766838815039277,0.2561845912520032,0.11510959404867677,0.05966693155752477,0.02628120332909674,0.011390837935454179
1.093915472320695,1.954797580045763,4.964685085460451,1.9547328187839694,1.0937424474457853,0.4764161715257498,0.25557543973145247,0.1140099897412124,0.05705470798820108,0.021807004355000607
0.4767500192862981,1.093885368569644,1.9547328187839694,4.96455999868557,1.9544582502963004,1.0932247930727916,0.4752472078945329,0.25344577375101085,0.10900463222759374,0.04836855126912629
0.256309148661924,0.4766838815039277,1.0937424474457853,1.9544582502963004,4.963953484724287,1.9533234591672843,1.0906392428393366,0.4705874329957028,0.24235527534678541,0.09005236259955321
0.11539122462235199,0.2561845912520032,0.4764161715257498,1.0932247930727916,1.9533234591672843,4.9618106771129975,1.9484934198825647,1.0818201863072883,0.44991329906474187,0.20636495186720963
0.060179232523087475,0.11510959404867677,0.25557543973145247,0.4752472078945329,1.0906392428393366,1.9484934198825647,4.950785656843586,1.9286676277245287,1.0345124107670707,0.3693243802917432
0.02748741252792459,0.05966693155752477,0.1140099897412124,0.25344577375101085,0.4705874329957028,1.0818201863072883,1.9286676277245287,4.914469088761028,1.8438518487075055,0.886182608213961
0.013479507148356008,0.02628120332909674,0.05705470798820108,0.10900463222759374,0.24235527534678541,0.44991329906474187,1.0345124107670707,1.8438518487075055,4.71137562924874,1.4993606204629364
0.005255908843449578,0.011390837935454179,0.021807004355000607,0.04836855126912629,0.09005236259955321,0.20636495186720963,0.3693243802917432,0.886182608213961,1.4993606204629364,4.104802950819928
