24.372151224168736,2.660771537362675,-17.12057734419271,-5.8493290717394135,10.46681239453139,6.065844506404992,-5.042893934677921,-4.027166965614372,1.4119141766932155,0.47444652190237996
2.660771537362675,24.036340985801555,2.829968127450777,-16.64655249468619,-5.913840977466796,9.852021797291732,5.955149282080463,-4.30611866964044,-3.658645471061017,0.602467907147826
-17.12057734419271,2.829968127450777,22.53435727116089,2.149541833649435,-14.974342217902414,-4.538998301819415,8.182702681265528,3.7100356010146798,-2.9116868038945984,-0.4074245191258413
-5.8493290717394135,-16.64655249468619,2.149541833649435,21.7275884910735,2.7516961229385695,-13.77453041384226,-4.920447316123958,6.5585962229699994,3.6823502869449207,-0.8828119367959584
10.46681239453139,-5.913840977466796,-14.974342217902414,2.7516961229385695,19.817425330496768,1.4008796868403108,-11.799201327492163,-2.61009333129736,4.8005981870703565,0.23596065563305116
6.065844506404992,9.852021797291732,-4.538998301819415,-13.77453041384226,1.4008796868403108,17.89117071695244,2.495124804205129,-9.041568462983674,-3.123322367423632,1.1810697117621243
-5.042893934677921,5.955149282080463,8.182702681265528,-4.920447316123958,-11.799201327492163,2.495124804205129,15.754116151377628,0.4562402279095976,-6.996063580755198,0.07211320224932075
-4.027166965614372,-4.30611866964044,3.7100356010146798,6.5585962229699994,-2.61009333129736,-9.041568462983674,0.4562402279095976,11.659046620486704,1.7376820018566042,-1.45922015402406
1.4119141766932155,-3.658645471061017,-2.9116868038945984,3.6823502869449207,4.8005981870703565,-3.123322367423632,-6.996063580755198,1.7376820018566042,9.492302297914932,-0.5453021944750222
0.47444652190237996,0.602467907147826,-0.4074245191258413,-0.8828119367959584,0.23596065563305116,1.1810697117621243,0.07211320224932075,-1.45922015402406,-0.5453021944750222,1.8345208566497657
