3.7611484222711415,-2.26862866451203,1.70720917374755,-1.2415372591552682,0.9140787093339732,-0.6600579408762677,0.4703958379464728,-0.3223682657736582,0.20364389479505654,-0.105350296984914
-2.26862866451203,3.755489621601349,-2.260975439841282,1.6968797889616651,-1.2275443538010753,0.8952486860937474,-0.6344132057493381,0.43621719976441553,-0.2750104914748571,0.1424832255626759
1.70720917374755,-2.260975439841282,3.745139026433102,-2.2470055209274395,1.6779550498555498,-1.2020779153654737,0.8605651058588155,-0.5881894401583981,0.3721657704727145,-0.19230008420719305
-1.2415372591552682,1.6968797889616651,-2.2470055209274395,3.7262840919757654,-2.221463432729,1.6435831852530516,-1.155267364599989,0.7981754713453805,-0.5017469417755201,0.26051850493479617
0.9140787093339732,-1.2275443538010753,1.6779550498555498,-2.221463432729,3.6916824960601806,-2.1749018498998267,1.5801676757756815,-1.070756011649484,0.6810591388732468,-0.35053808258427455
-0.6600579408762677,0.8952486860937474,-1.2020779153654737,1.6435831852530516,-2.1749018498998267,3.629023046202559,-2.0895711284412695,1.4664275597397014,-0.9131916362612423,0.47749162830842323
0.4703958379464728,-0.6344132057493381,0.8605651058588155,-1.155267364599989,1.5801676757756815,-2.0895711284412695,3.5127946923163087,-1.934703344276525,1.2517487170686419,-0.636167452128677
-0.3223682657736582,0.43621719976441553,-0.5881894401583981,0.7981754713453805,-1.070756011649484,1.4664275597397014,-1.934703344276525,3.306304790620005,-1.6488045156400732,0.8820166415498565
0.20364389479505654,-0.2750104914748571,0.3721657704727145,-0.5017469417755201,0.6810591388732468,-0.9131916362612423,1.2517487170686419,-1.6488045156400732,2.909622416004714,-1.1377929086050802
-0.105350296984914,0.1424832255626759,-0.19230008420719305,0.26051850493479617,-0.35053808258427455,0.47749162830842323,-0.636167452128677,0.8820166415498565,-1.1377929086050802,2.246613159039155
