2.7061107990967512,-0.26363279399831596,0.08547376985907397,-0.00535543151859846,0.00558099371379988,0.0005523908516588988,0.0005195026207860274,0.00013149963461812008,6.13100165163135e-05,2.424042891177053e-05
-0.26363279399831596,2.706110799050752,-0.26363279436416837,0.08547377008146163,-0.005355436830778291,0.005581008646557946,0.0005522872601454261,0.0005199331142170134,0.00012916462015386232,7.224798851005005e-05
0.08547376985907397,-0.26363279436416837,2.7061107974788103,-0.2636327956198918,0.08547375225584476,-0.005355413039742386,0.005580720529824013,0.0005532513606242957,0.000513966036487934,0.00015532832582981114
-0.00535543151859846,0.08547377008146163,-0.2636327956198918,2.7061108032411005,-0.26363282515425074,0.0854738947743944,-0.005356123485708226,0.00558420016283104,0.0005360455370696194,0.000598605982303734
0.00558099371379988,-0.005355436830778291,0.08547375225584476,-0.26363282515425074,2.706110635677569,-0.2636328345948518,0.08547171335895624,-0.005351316044422532,0.005544655469898105,0.0006886422786388487
0.0005523908516588988,0.005581008646557946,-0.005355413039742386,0.0854738947743944,-0.2636328345948518,2.7061125305414087,-0.26363724243499215,0.08550658771787557,-0.005488101440006401,0.00631233905198191
0.0005195026207860274,0.0005522872601454261,0.005580720529824013,-0.005356123485708226,0.08547171335895624,-0.26363724243499215,2.7060938189185317,-0.2636528855169368,0.08529597278649134,-0.005217603300457903
0.00013149963461812008,0.0005199331142170134,0.0005532513606242957,0.00558420016283104,-0.005351316044422532,0.08550658771787557,-0.2636528855169368,2.706587634976649,-0.2649749008857122,0.09477627561685546
6.13100165163135e-05,0.00012916462015386232,0.000513966036487934,0.0005360455370696194,0.005544655469898105,-0.005488101440006401,0.08529597278649134,-0.2649749008857122,2.7068076237783134,-0.2828511908156498
2.424042891177053e-05,7.224798851005005e-05,0.00015532832582981114,0.000598605982303734,0.0006886422786388487,0.00631233905198191,-0.005217603300457903,0.09477627561685546,-0.2828511908156498,2.8718469480289177
