2.2319041207797676,1.051656782664403,1.1353940868445536,0.8102526520050024,0.8183149310290943,0.5743682876326579,0.530903614841795,0.3438589728825453,0.2619247165766761,0.11717805772397066
1.051656782664403,2.171174435677247,0.9874557336317356,1.0644166176998247,0.7357198341817065,0.7352793738062009,0.48794372216902965,0.43363704017702737,0.24380404540521045,0.14779731249602268
1.1353940868445536,0.9874557336317356,2.0972062860752154,0.9134059753619257,0.9772970237062866,0.6506019865381523,0.6323311745299799,0.39055684656233514,0.3114681599680746,0.13308737986245306
0.8102526520050024,1.0644166176998247,0.9134059753619257,2.0140927042905057,0.8276410701351613,0.8798193858618479,0.5514647642744193,0.5177728223879372,0.276266329342621,0.17647780013118597
0.8183149310290943,0.7357198341817065,0.9772970237062866,0.8276410701351613,1.9112490188036007,0.7293705805816466,0.7579332244811572,0.4395188339063884,0.37258817105553715,0.14976537534951542
0.5743682876326579,0.7352793738062009,0.6506019865381523,0.8798193858618479,0.7293705805816466,1.7965506705897716,0.6162636629839547,0.6225641631768758,0.3098773091680642,0.21220141557385713
0.530903614841795,0.48794372216902965,0.6323311745299799,0.5514647642744193,0.7579332244811572,0.6162636629839547,1.6515535437959405,0.48817727898457497,0.44902943884633983,0.16633539027515104
0.3438589728825453,0.43363704017702737,0.39055684656233514,0.5177728223879372,0.4395188339063884,0.6225641631768758,0.48817727898457497,1.4909155994621959,0.34255225128896594,0.25737673186874765
0.2619247165766761,0.24380404540521045,0.3114681599680746,0.276266329342621,0.37258817105553715,0.3098773091680642,0.44902943884633983,0.34255225128896594,1.2819876740654763,0.18123411135575435
0.11717805772397066,0.14779731249602268,0.13308737986245306,0.17647780013118597,0.14976537534951542,0.21220141557385713,0.16633539027515104,0.25737673186874765,0.18123411135575435,1.0513255136606583
