0.9469989560365363,0.31019736304786605,0.21903528882874201,0.11830714948566998,0.07195652136996251,0.04123599954489867,0.02400320290219473,0.013362779603413146,0.006801333676319649,0.0019224426609479434
0.31019736304786605,0.9469542641157077,0.3101211931916201,0.21890520278955425,0.11808597316100675,0.07157681188026196,0.04059770584897744,0.02288029868797389,0.011574796487546973,0.003281816132510486
0.21903528882874201,0.3101211931916201,0.9468244440791475,0.3098994861043114,0.21852823120269688,0.11743886657799738,0.07048877235371541,0.038684534305220716,0.019830619228659516,0.005585060777929337
0.11830714948566998,0.21890520278955425,0.3098994861043114,0.9464457936353237,0.30925572939259227,0.21742291159397384,0.11558131695430873,0.0672190468582244,0.03348491659665522,0.009568921432472515
0.07195652136996251,0.11808597316100675,0.21852823120269688,0.30925572939259227,0.9453510700148454,0.3073770372907033,0.2142622481277563,0.11003064539005208,0.05834615421897507,0.016156577783432616
0.04123599954489867,0.07157681188026196,0.11743886657799738,0.21742291159397384,0.3073770372907033,0.9421235307104039,0.30195980499790676,0.20470101812368618,0.09491795841777156,0.028155896479476458
0.02400320290219473,0.04059770584897744,0.07048877235371541,0.11558131695430873,0.2142622481277563,0.30195980499790676,0.9329843828788358,0.2860049254028383,0.1788551534874954,0.04579084492744265
0.013362779603413146,0.02288029868797389,0.038684534305220716,0.0672190468582244,0.11003064539005208,0.20470101812368618,0.2860049254028383,0.9044745761512196,0.24219325170858896,0.0863361883975323
0.006801333676319649,0.011574796487546973,0.019830619228659516,0.03348491659665522,0.05834615421897507,0.09491795841777156,0.1788551534874954,0.24219325170858896,0.8287688951296195,0.11673664861047478
0.0019224426609479434,0.003281816132510486,0.005585060777929337,0.009568921432472515,0.016156577783432616,0.028155896479476458,0.04579084492744265,0.0863361883975323,0.11673664861047478,0.4951690680762052
