4.080741618019131,0.9522413406076783,-2.081087388767521,-1.4818685479477334,0.614658620751845,1.1323368252806,0.1259078972465925,-0.5436479212289216,-0.2633648656923496,0.08846046052354095
0.9522413406076783,4.0582677797169415,0.9368291766736767,-2.0558714456194815,-1.4394850136148984,0.6039584693044134,1.0568999895469882,0.0901661013573635,-0.44779438424169093,-0.13886845121063968
-2.081087388767521,0.9368291766736767,4.0186267010743375,0.9337382181963987,-1.9944999885753034,-1.3915000829148978,0.5392338896623446,0.9346057374222585,0.10816326027423205,-0.23915640034640845
-1.4818685479477334,-2.0558714456194815,0.9337382181963987,3.976042114615194,0.9088343818463289,-1.9437046281884727,-1.3159678211727739,0.5107760087782298,0.7935856514746222,0.0549007439586246
0.614658620751845,-1.4394850136148984,-1.9944999885753034,0.9088343818463289,3.8602115849673453,0.8675369213909125,-1.7870014335315278,-1.1399017826906261,0.38305305618035856,0.42182536122669056
1.1323368252806,0.6039584693044134,-1.3915000829148978,-1.9437046281884727,0.8675369213909125,3.7498385588083054,0.8563425006670742,-1.617939052905153,-1.0034207440054137,0.20776517109274312
0.1259078972465925,1.0568999895469882,0.5392338896623446,-1.3159678211727739,-1.7870014335315278,0.8563425006670742,3.490817958389524,0.6926732101171877,-1.317524721640634,-0.5304480359041227
-0.5436479212289216,0.0901661013573635,0.9346057374222585,0.5107760087782298,-1.1399017826906261,-1.617939052905153,0.6926732101171877,3.1050797070668748,0.6845501197678345,-0.7049398707673723
-0.2633648656923496,-0.44779438424169093,0.10816326027423205,0.7935856514746222,0.38305305618035856,-1.0034207440054137,-1.317524721640634,0.6845501197678345,2.617865249307083,0.355959854068704
0.08846046052354095,-0.13886845121063968,-0.23915640034640845,0.0549007439586246,0.42182536122669056,0.20776517109274312,-0.5304480359041227,-0.7049398707673723,0.355959854068704,1.4055929168576795
