0.5707176106841765,0.09066937848014939,0.09780897767929217,0.050227284374102225,0.03180533536383595,0.01871717848843738,0.011206229673822064,0.006546290827955402,0.003663418168021162,0.001664600084470398
0.09066937848014939,0.570704265060576,0.09064716432562561,0.09777199107463275,0.05016575532550306,0.031702705082513064,0.018547387026885017,0.010918229000255963,0.006094179461374555,0.002771649609796542
0.09780897767929217,0.09064716432562561,0.5706672889866375,0.09058559913994216,0.09766957413728602,0.04999492518983264,0.031420078593998556,0.018068022178235683,0.010165574552642626,0.004610329708827743
0.050227284374102225,0.09777199107463275,0.09058559913994216,0.570564782712859,0.09041507556999903,0.09738513776420213,0.049524371840306655,0.030621832727433674,0.016815374906984933,0.0076922949784164986
0.03180533536383595,0.05016575532550306,0.09766957413728602,0.09041507556999903,0.5702811042174151,0.08994192149750285,0.09660224589175251,0.04819697300314087,0.028535323884408645,0.012714541796198072
0.01871717848843738,0.031702705082513064,0.04999492518983264,0.09738513776420213,0.08994192149750285,0.5694917829576884,0.08863658566140095,0.09438548281081657,0.04473028812621611,0.02162584261304057
0.011206229673822064,0.018547387026885017,0.031420078593998556,0.049524371840306655,0.09660224589175251,0.08863658566140095,0.5673295630095503,0.08498273128525452,0.08858100173460352,0.03365172196849256
0.006546290827955402,0.010918229000255963,0.018068022178235683,0.030621832727433674,0.04819697300314087,0.09438548281081657,0.08498273128525452,0.5610623701371409,0.07549200085928257,0.06798209675074122
0.003663418168021162,0.006094179461374555,0.010165574552642626,0.016815374906984933,0.028535323884408645,0.04473028812621611,0.08858100173460352,0.07549200085928257,0.544388839354517,0.05219490642053635
0.001664600084470398,0.002771649609796542,0.004610329708827743,0.0076922949784164986,0.012714541796198072,0.02162584261304057,0.03365172196849256,0.06798209675074122,0.05219490642053635,0.44958587223290836
