1.4967332364109205,-0.9925617934808983,0.7718459319589894,-0.5915136121615796,0.4528953958985832,-0.3452727077112825,0.2613821654871019,-0.19522082043092082,0.1449235644368513,-0.07645346009089549
-0.9925617934808983,1.4951443498389863,-0.9904984848761715,0.7691665264573865,-0.5880343540720883,0.44837512905134325,-0.3394272155707299,0.2535115982487326,-0.18819608716235262,0.09928159498386017
0.7718459319589894,-0.9904984848761715,1.4924649626042172,-0.9870190417713622,0.7646484045973658,-0.5821643910108762,0.44078424471875627,-0.32920659319625806,0.24438936971622016,-0.12892594128571105
-0.5915136121615796,0.7691665264573865,-0.9870190417713622,1.4879465696814533,-0.9811518241645036,0.7570256906596825,-0.5723068942223658,0.4275117833258312,-0.3173604539762024,0.16742186855082836
0.4528953958985832,-0.5880343540720883,0.7646484045973658,-0.9811518241645036,1.48032787806148,-0.9712535873999741,0.7442255508505,-0.5550723107743817,0.41212985796624974,-0.21741091484347475
-0.3452727077112825,0.44837512905134325,-0.5821643910108762,0.7570256906596825,-0.9712535873999741,1.4674680508177422,-0.954623547110369,0.7218348147377316,-0.5350822466002382,0.2823412885551949
0.2613821654871019,-0.3394272155707299,0.44078424471875627,-0.5723068942223658,0.7442255508505,-0.954623547110369,1.445963020435007,-0.9256626276226945,0.6960504447214196,-0.36648582549718645
-0.19522082043092082,0.2535115982487326,-0.32920659319625806,0.4275117833258312,-0.5550723107743817,0.7218348147377316,-0.9256626276226945,1.4070356053864777,-0.8901853129737034,0.4777353703290542
0.1449235644368513,-0.18819608716235262,0.24438936971622016,-0.3173604539762024,0.41212985796624974,-0.5350822466002382,0.6960504447214196,-0.8901853129737034,1.3837510325044053,-0.5995725270749617
-0.07645346009089549,0.09928159498386017,-0.12892594128571105,0.16742186855082836,-0.21741091484347475,0.2823412885551949,-0.36648582549718645,0.4777353703290542,-0.5995725270749617,1.0876260436990064
