3.1214711925382246,-1.221897774319132,-0.007843890865330088,0.3899481078279142,-0.30138697103659245,0.1123010115663026,0.006750919769679476,-0.03891539335037307,0.025337616848867824,-0.005574336539291106
-1.221897774319132,3.1213773118747445,-1.22178332298352,-0.007829212245402506,0.38954747758669844,-0.3004393390754574,0.11122390011391738,0.006408762610004794,-0.034638672914755315,0.01581183058675326
-0.007843890865330088,-1.22178332298352,3.12108941304865,-1.221432973417059,-0.007782628912730324,0.3883170034187463,-0.2975336071120005,0.10792756638867028,0.005343663398683684,-0.021505803517657764
0.3899481078279142,-0.007829212245402506,-1.221432973417059,3.120173156346064,-1.2202737340290013,-0.007744148638401298,0.38453264996696285,-0.2882635087765639,0.09696201129602801,0.0030609045127213018
-0.30138697103659245,0.38954747758669844,-0.007782628912730324,-1.2202737340290013,3.117147756791661,-1.2164537140723377,-0.007598010974023215,0.37201415384423847,-0.25765835053205616,0.0608372216003811
0.1123010115663026,-0.3004393390754574,0.3883170034187463,-0.007744148638401298,-1.2164537140723377,3.1075442379594707,-1.2047741238638896,-0.006026459595170067,0.33094770767083326,-0.16073467148787934
0.006750919769679476,0.11122390011391738,-0.2975336071120005,0.38453264996696285,-0.007598010974023215,-1.2047741238638896,3.0780911385313097,-1.168839172204776,-0.0014914216269295393,0.20534240376164667
-0.03891539335037307,0.006408762610004794,0.10792756638867028,-0.2882635087765639,0.37201415384423847,-0.006026459595170067,-1.168839172204776,2.983901779590179,-1.0494162045797926,0.0018302021023099318
0.025337616848867824,-0.034638672914755315,0.005343663398683684,0.09696201129602801,-0.25765835053205616,0.33094770767083326,-0.0014914216269295393,-1.0494162045797926,2.6730697773609493,-0.6579681820904703
-0.005574336539291106,0.01581183058675326,-0.021505803517657764,0.0030609045127213018,0.0608372216003811,-0.16073467148787934,0.20534240376164667,0.0018302021023099318,-0.6579681820904703,1.6909484829290686
