7.024108544126437,4.71532510077047,2.5811829634743626,0.9276215795664986,-0.11312844454876565,-0.6041227118996674,-0.6962486409653221,-0.5558741084367964,-0.3265899744839273,-0.1165113226467661
4.71532510077047,7.015054603053158,4.705589026967632,2.5742501374469113,0.9291013022245378,-0.09586509689888595,-0.5633974545896164,-0.6270441189725653,-0.4604945453234117,-0.22064477073565053
2.5811829634743626,4.705589026967632,7.002786000310215,4.693589090373337,2.567869602607921,0.9363928054187358,-0.0649970290154603,-0.4996410052564743,-0.5261976495219193,-0.33010984168298696
0.9276215795664986,2.5742501374469113,4.693589090373337,6.985995971432636,4.674583310133237,2.5526111425385487,0.9349237997312054,-0.03894062515229235,-0.43094940309485774,-0.40349659869757215
-0.11312844454876565,0.9291013022245378,2.567869602607921,4.674583310133237,6.95042977138141,4.621811292768762,2.488679931974102,0.8763679510707632,-0.06214649348711224,-0.37533808808499586
-0.6041227118996674,-0.09586509689888595,0.9363928054187358,2.5526111425385487,4.621811292768762,6.846880467791333,4.463169098166902,2.289918453673158,0.6837339493468382,-0.16103261790936876
-0.6962486409653221,-0.5633974545896164,-0.0649970290154603,0.9349237997312054,2.488679931974102,4.463169098166902,6.570828592016813,4.075278008867219,1.8485432835459568,0.32542867984057744
-0.5558741084367964,-0.6270441189725653,-0.4996410052564743,-0.03894062515229235,0.8763679510707632,2.289918453673158,4.075278008867219,5.978668639346983,3.3360483496256936,1.1362798922473507
-0.3265899744839273,-0.4604945453234117,-0.5261976495219193,-0.43094940309485774,-0.06214649348711224,0.6837339493468382,1.8485432835459568,3.3360483496256936,4.9722412718028,2.2356853549277442
-0.1165113226467661,-0.22064477073565053,-0.33010984168298696,-0.40349659869757215,-0.37533808808499586,-0.16103261790936876,0.32542867984057744,1.1362798922473507,2.2356853549277442,3.581962575311923
