2.3675361869954035,1.8667759782084254,1.5418467458045995,1.2703502428522377,1.0364118383294658,0.8305603212885662,0.6461643227769505,0.4778857245392664,0.3208561805163822,0.1699285893566914
1.8667759782084254,2.3341155862740295,1.8276549683933148,1.496048227106328,1.2167223801631302,0.9735859229922292,0.7568827958709974,0.5595703954735196,0.37563390968241517,0.19892257892331167
1.5418467458045995,1.8276549683933148,2.2883218719680203,1.7740447884400163,1.4332732786847022,1.1431804894536837,0.8873414662583574,0.6555187330888455,0.4398774730118882,0.2329014761835131
1.2703502428522377,1.496048227106328,1.7740447884400163,2.2255610385659357,1.700554848559693,1.3471785597262786,1.0422149134001153,0.7686752676045784,0.5153944625368664,0.27277938863190004
1.0364118383294658,1.2167223801631302,1.4332732786847022,1.700554848559693,2.1395077886978258,1.5997419009611225,1.228952281776499,0.9032613732242774,0.6045936368817347,0.31972347214690733
0.8305603212885662,0.9735859229922292,1.1431804894536837,1.3471785597262786,1.5997419009611225,2.021403344476046,1.4612367741343673,1.0661631119923076,0.7110299192487187,0.3753438916513958
0.6461643227769505,0.7568827958709974,0.8873414662583574,1.0422149134001153,1.228952281776499,1.4612367741343673,1.8589721149593128,1.270322731985055,0.8407105403497402,0.4421378813951784
0.4778857245392664,0.5595703954735196,0.6555187330888455,0.7686752676045784,0.9032613732242774,1.0661631119923076,1.270322731985055,1.6345711505947258,1.0053011719473135,0.5245660313904379
0.3208561805163822,0.37563390968241517,0.4398774730118882,0.5153944625368664,0.6045936368817347,0.7110299192487187,0.8407105403497402,1.0053011719473135,1.321516201452078,0.6317089749653031
0.1699285893566914,0.19892257892331167,0.2329014761835131,0.27277938863190004,0.31972347214690733,0.3753438916513958,0.4421378813951784,0.5245660313904379,0.6317089749653031,0.8753107127082549
