0.865072597070555,0.0053353822852575915,-0.0009930296877767302,-0.001181158634955778,-0.000626082193868574,-0.000262368500904756,-9.602978378577443e-05,-3.161688366899397e-05,-9.415198574882781e-06,-2.717448287393729e-06
0.0053353822852575915,0.8650725973116341,0.005335383057826418,-0.0009930274511307817,-0.0011811528629124756,-0.0006260695870369214,-0.00026234932388663186,-9.603667142902886e-05,-3.1837785409253314e-05,-1.0639381895221014e-05
-0.0009930296877767302,0.005335383057826418,0.8650725996364886,0.005335389344616793,-0.00099301267166348,-0.001181125857887322,-0.0006260512669550053,-0.0002624968889667314,-9.70704306503512e-05,-3.6479824230306234e-05
-0.001181158634955778,-0.0009930274511307817,0.005335389344616793,0.8650726152471611,0.005335421200194805,-0.0009929738784508716,-0.0011811996582701324,-0.0006268474893154693,-0.0002664478634445223,-0.00011262366071076481
-0.000626082193868574,-0.0011811528629124756,-0.00099301267166348,0.005335421200194805,0.8650726618729669,0.005335393107431056,-0.0009935771788731728,-0.0011844555349349493,-0.0006401623674466886,-0.0003134670179712316
-0.000262368500904756,-0.0006260695870369214,-0.001181125857887322,-0.0009929738784508716,0.005335393107431056,0.8650721323804587,0.005332567941759623,-0.0010050741193971073,-0.0012249246596051215,-0.0007679849293956728
-9.602978378577443e-05,-0.00026234932388663186,-0.0006260512669550053,-0.0011811996582701324,-0.0009935771788731728,0.005332567941759623,0.865061330944987,0.005296157483098106,-0.001115765933150971,-0.0015277719001680595
-3.161688366899397e-05,-9.603667142902886e-05,-0.0002624968889667314,-0.0006268474893154693,-0.0011844555349349493,-0.0010050741193971073,0.005296157483098106,0.864957192998578,0.005031555771492668,-0.0016785565054134796
-9.415198574882781e-06,-3.1837785409253314e-05,-9.70704306503512e-05,-0.0002664478634445223,-0.0006401623674466886,-0.0012249246596051215,-0.001115765933150971,0.005031555771492668,0.8644561606795905,0.0046011371508955165
-2.717448287393729e-06,-1.0639381895221014e-05,-3.6479824230306234e-05,-0.00011262366071076481,-0.0003134670179712316,-0.0007679849293956728,-0.0015277719001680595,-0.0016785565054134796,0.0046011371508955165,0.8672476994645575
