0.38066842917939864,0.1639251783769855,0.0990164272459798,0.05672639730340061,0.03438554118862328,0.01949761774919451,0.011705230315768806,0.006342272021330586,0.0032946376384914494,0.001018363948961086
0.1639251783769855,0.38064362404522234,0.16389045931440083,0.09894619029805223,0.05662458495142968,0.03418609462897403,0.01920011248695738,0.011137517652913669,0.005475376475763429,0.0016754292807125402
0.0990164272459798,0.16389045931440083,0.380570746815103,0.1637882195188523,0.0987397967313395,0.056324841546637264,0.03359992301018252,0.018324398310373635,0.009468796935533718,0.002924029137589359
0.05672639730340061,0.09894619029805223,0.1637882195188523,0.3803712310552703,0.16348958958381998,0.0981717217285557,0.055454957622711014,0.03197928697652759,0.01579602307770662,0.004837792168238061
0.03438554118862328,0.05662458495142968,0.0987397967313395,0.16348958958381998,0.3797852396995958,0.16261680512524612,0.09650394488909224,0.052911394865026926,0.02722302394343914,0.008400159263588312
0.01949761774919451,0.03418609462897403,0.056324841546637264,0.0981717217285557,0.16261680512524612,0.3781641340892758,0.1600807981194499,0.0918704813656651,0.04555509381597124,0.013962141812447981
0.011705230315768806,0.01920011248695738,0.03359992301018252,0.055454957622711014,0.09650394488909224,0.1600807981194499,0.37340909428059427,0.1527048147036837,0.07828971247596418,0.024142381909599407
0.006342272021330586,0.011137517652913669,0.018324398310373635,0.03197928697652759,0.052911394865026926,0.0918704813656651,0.1527048147036837,0.3601450257094309,0.1313433744066866,0.040279187369748705
0.0032946376384914494,0.005475376475763429,0.009468796935533718,0.01579602307770662,0.02722302394343914,0.04555509381597124,0.07828971247596418,0.1313433744066866,0.3213095116544914,0.06941065652715334
0.001018363948961086,0.0016754292807125402,0.002924029137589359,0.004837792168238061,0.008400159263588312,0.013962141812447981,0.024142381909599407,0.040279187369748705,0.06941065652715334,0.21226745755763482
