0.5421347907936926,-0.06308086800434418,0.08418454902096367,-0.040963511251433674,0.026509940992297948,-0.015465611728099881,0.00930008977103551,-0.005469340800064625,0.0030920944157729943,-0.0017176267145896347
-0.06308086800434418,0.542127138623275,-0.06306810734683535,0.08416330058408467,-0.04092797826152503,0.026451256553999623,-0.015365121107842475,0.009145546607452305,-0.005148605084566011,0.0028645679176282227
0.08418454902096367,-0.06306810734683535,0.5421058591329342,-0.0630326736972766,0.08410404646751407,-0.04083011583863112,0.026283684863795904,-0.01510738217965745,0.008610812967010892,-0.004768596733031754
-0.040963511251433674,0.08416330058408467,-0.0630326736972766,0.5420468569038152,-0.06293400548378461,0.08394109567301118,-0.040551058516381695,0.025854630982580916,-0.014216380873259136,0.00798090228966463
0.026509940992297948,-0.04092797826152503,0.08410404646751407,-0.06293400548378461,0.5418818629461826,-0.06266148426180751,0.08347455979868237,-0.03983297950714267,0.02436750814030917,-0.013149067079696451
-0.015465611728099881,0.026451256553999623,-0.04083011583863112,0.08394109567301118,-0.06266148426180751,0.5414319000116724,-0.061890388244338984,0.08229146887981786,-0.03736302155733982,0.022672390545588374
0.00930008977103551,-0.015365121107842475,0.026283684863795904,-0.040551058516381695,0.08347455979868237,-0.061890388244338984,0.5401143791345535,-0.059850473140346416,0.07813022281188586,-0.03412829761395803
-0.005469340800064625,0.009145546607452305,-0.01510738217965745,0.025854630982580916,-0.03983297950714267,0.08229146887981786,-0.059850473140346416,0.5370435499675454,-0.05312749409905182,0.07472833985177037
0.0030920944157729943,-0.005148605084566011,0.008610812967010892,-0.014216380873259136,0.02436750814030917,-0.03736302155733982,0.07813022281188586,-0.05312749409905182,0.5247968452633746,-0.0377719717496402
-0.0017176267145896347,0.0028645679176282227,-0.004768596733031754,0.00798090228966463,-0.013149067079696451,0.022672390545588374,-0.03412829761395803,0.07472833985177037,-0.0377719717496402,0.5463252448325635
