1.0015008010047748,0.6061318994112365,0.4367416271755985,0.3066963088299288,0.21549644386861394,0.14919491962580295,0.10062772421851807,0.06396381766953901,0.034664219883561685,0.010379700083616746
0.6061318994112365,1.000136510590945,0.60421123105989,0.4340378424437079,0.30288935453318167,0.21013973635127353,0.14164111033878218,0.09005274522935242,0.04879921720155725,0.01461258712421594
0.4367416271755985,0.60421123105989,0.9974325650745818,0.6004048027457385,0.42867835511938523,0.295348103769249,0.19950536263840635,0.12675353745903262,0.06870360788760763,0.020571105292227283
0.3066963088299288,0.4340378424437079,0.6004048027457385,0.9920741368830595,0.5928600871856694,0.41806229278140905,0.2803778043456022,0.17854747514213118,0.09670056646573089,0.02896191960590974
0.21549644386861394,0.30288935453318167,0.42867835511938523,0.5928600871856694,0.9814510977377395,0.5779126113542297,0.3969837830791537,0.25086977649706055,0.13622851345902268,0.040763057565846056
0.14919491962580295,0.21013973635127353,0.295348103769249,0.41806229278140905,0.5779126113542297,0.9604185462389241,0.5482542380479164,0.35545939398614823,0.19134257295950588,0.05743004937831541
0.10062772421851807,0.14164111033878218,0.19950536263840635,0.2803778043456022,0.3969837830791537,0.5482542380479164,0.9185914174600791,0.4897174025675624,0.2714268555008756,0.08064388727806196
0.06396381766953901,0.09005274522935242,0.12675353745903262,0.17854747514213118,0.25086977649706055,0.35545939398614823,0.4897174025675624,0.8365531109186655,0.3724948823568894,0.11449344324593748
0.034664219883561685,0.04879921720155725,0.06870360788760763,0.09670056646573089,0.13622851345902268,0.19134257295950588,0.2714268555008756,0.3724948823568894,0.6664831287591889,0.15667574935099554
0.010379700083616746,0.01461258712421594,0.020571105292227283,0.02896191960590974,0.040763057565846056,0.05743004937831541,0.08064388727806196,0.11449344324593748,0.15667574935099554,0.3387386903625976
