1.2328430116557538,0.23384820887577482,0.24689501804791064,0.1970774246200852,0.16234813299418205,0.13034918793404665,0.1019091799280269,0.0761024817780326,0.051978602941538346,0.031129854958482223
0.23384820887577482,1.2280203075218206,0.2281872191171593,0.24025005572541558,0.18927729042879474,0.15319317633764662,0.1195960251393392,0.08933452763442187,0.061012960572820574,0.036540934866948586
0.24689501804791064,0.2281872191171593,1.2213753207764295,0.22038722504524075,0.23109409704800676,0.17853101313369513,0.14057089175780185,0.10483563784391714,0.07162214013020626,0.04289187734302454
0.1970774246200852,0.24025005572541558,0.22038722504524075,1.212219560225119,0.20963981105838375,0.21847994117194042,0.163714768532138,0.12324491211734986,0.08404451836320789,0.05035152008254162
0.16234813299418205,0.18927729042879474,0.23109409704800676,0.20963981105838375,1.1996037970887607,0.19483278765254058,0.20108801896794276,0.14337678082491925,0.09883963175909831,0.05907476886049124
0.13034918793404665,0.15319317633764662,0.17853101313369513,0.21847994117194042,0.19483278765254058,1.182224913478223,0.1744199947487113,0.17721768511598565,0.11473108598301761,0.06954255984646149
0.1019091799280269,0.1195960251393392,0.14057089175780185,0.163714768532138,0.20108801896794276,0.1744199947487113,1.1582488065164056,0.14638114283841203,0.14358096140321336,0.08025230311561737
0.0761024817780326,0.08933452763442187,0.10483563784391714,0.12324491211734986,0.14337678082491925,0.17721768511598565,0.14638114283841203,1.1254701470422264,0.10697946209329783,0.10372618133707287
0.051978602941538346,0.061012960572820574,0.07162214013020626,0.08404451836320789,0.09883963175909831,0.11473108598301761,0.14358096140321336,0.10697946209329783,1.078654484020821,0.05593228193413998
0.031129854958482223,0.036540934866948586,0.04289187734302454,0.05035152008254162,0.05907476886049124,0.06954255984646149,0.08025230311561737,0.10372618133707287,0.05593228193413998,1.048208739746178
