1.1739892755669825,0.09430298681458152,0.0448101381797031,0.0276632140276983,0.01712145747784565,0.010332651821614972,0.005800592240141196,0.0025367685140066424,-0.00011135885306784168,-0.0003155631156106813
0.09430298681458152,1.1738792211122044,0.09412810214864606,0.04453223351569431,0.027221603006998947,0.01641970644904575,0.0092175789323234,0.004031112959340166,-0.00017695744566050264,-0.0005014531230653301
0.0448101381797031,0.09412810214864606,1.1736013164472732,0.09368649108960275,0.04383048095162051,0.026106468735617137,0.014647773180826256,0.006405745521979624,-0.00028119824025290196,-0.000796846086998682
0.0276632140276983,0.04453223351569431,0.09368649108960275,1.1728995638245974,0.09257135438225864,0.042058450148602974,0.023290735767166768,0.010179562002993497,-0.0004468358016964265,-0.0012662472504398298
0.01712145747784565,0.027221603006998947,0.04383048095162051,0.09257135438225864,1.1711275292986352,0.08975546665895269,0.0375840426582803,0.016190418444769487,-0.0007096955749388441,-0.002012156515849295
0.010332651821614972,0.01641970644904575,0.026106468735617137,0.042058450148602974,0.08975546665895269,1.166652885292421,0.08264531787677004,0.02630113800006,-0.0011133842677670451,-0.0031973059587802333
0.005800592240141196,0.0092175789323234,0.014647773180826256,0.023290735767166768,0.0375840426582803,0.08264531787677004,1.1553549549571918,0.06471692990553726,-0.0011945758439492896,-0.005074378087884954
0.0025367685140066424,0.004031112959340166,0.006405745521979624,0.010179562002993497,0.016190418444769487,0.02630113800006,0.06471692990553726,1.1269046711341089,0.02107650353953289,-0.007808597809688206
-0.00011135885306784168,-0.00017695744566050264,-0.00028119824025290196,-0.0004468358016964265,-0.0007096955749388441,-0.0011133842677670451,-0.0011945758439492896,0.02107650353953289,1.0596475350896855,-0.0022152810709056246
-0.0003155631156106813,-0.0005014531230653301,-0.000796846086998682,-0.0012662472504398298,-0.002012156515849295,-0.0031973059587802333,-0.005074378087884954,-0.007808597809688206,-0.0022152810709056246,0.5116417113117091
