1.2632532048406484,-0.06545240691436799,-0.7445420402360035,0.10116058903296742,0.45850251327314917,-0.09829325401946651,-0.2666090479414512,0.0757555811353155,0.13378004125938392,-0.04117659613913151
-0.06545240691436799,1.2545179462763023,-0.06561869159903155,-0.7310015705856018,0.09971505639514158,0.4377277269417898,-0.09344330210445548,-0.23506586207023694,0.06428234320721915,0.08640357147086943
-0.7445420402360035,-0.06561869159903155,1.2487281749753891,-0.06463319327121098,-0.7221646825262146,0.09707844650674893,0.42438246605283575,-0.08768428039856868,-0.21513567802655142,0.05286262529864484
0.10116058903296742,-0.7310015705856018,-0.06463319327121098,1.2276476546611572,-0.06350729723164664,-0.689679963457554,0.09125051865774488,0.3748388139263576,-0.07243363501635083,-0.14037495023956378
0.45850251327314917,0.09971505639514158,-0.7221646825262146,-0.06350729723164664,1.2138292093746403,-0.06351199573558677,-0.6682925687543496,0.0885680455386841,0.34207490540800456,-0.06416148153825121
-0.09829325401946651,0.4377277269417898,0.09707844650674893,-0.689679963457554,-0.06351199573558677,1.1635532098918324,-0.057181858468243044,-0.5912765164477651,0.06908511665818678,0.22532741682501017
-0.2666090479414512,-0.09344330210445548,0.42438246605283575,0.09125051865774488,-0.6682925687543496,-0.057181858468243044,1.1296558475802319,-0.06271597283983223,-0.5381175911628963,0.07096483281199276
0.0757555811353155,-0.23506586207023694,-0.08768428039856868,0.3748388139263576,0.0885680455386841,-0.5912765164477651,-0.06271597283983223,1.0111541128866681,-0.03924768047314207,-0.3576639355079657
0.13378004125938392,0.06428234320721915,-0.21513567802655142,-0.07243363501635083,0.34207490540800456,0.06908511665818678,-0.5381175911628963,-0.03924768047314207,0.9259286143502743,-0.0648513272051025
-0.04117659613913151,0.08640357147086943,0.05286262529864484,-0.14037495023956378,-0.06416148153825121,0.22532741682501017,0.07096483281199276,-0.3576639355079657,-0.0648513272051025,0.6498605371782081
