4.4790681398552925,-0.7051805757738752,0.3451242067507688,0.03508618691255294,0.0811489696307947,0.0410980221492388,0.02672334180927166,0.007931687797205347,-0.008902253083333393,-0.02650943458875553
-0.7051805757738752,4.47543104865841,-0.7098052426796282,0.33924386342669227,0.027609016116415405,0.07164217917221732,0.0290074448214619,0.011359390571722045,-0.011641142732801488,-0.033644724031751075
0.3451242067507688,-0.7098052426796282,4.469550643118707,-0.7172822500324472,0.3297363351836523,0.015521187193193002,0.05626735045125712,0.009476814157054812,-0.013547862533945697,-0.04302463713489443
0.03508618691255294,0.33924386342669227,-0.7172822500324472,4.4600434232870025,-0.7293708891664554,0.3143651637607355,-0.004023067686833821,0.03141401851201413,-0.022115870725061673,-0.053753774699259044
0.0811489696307947,0.027609016116415405,0.3297363351836523,-0.7293708891664554,4.444670723027098,-0.7489111277212923,0.2894937020970867,-0.035548215476949425,-0.009059188217571224,-0.07206534258121394
0.0410980221492388,0.07164217917221732,0.015521187193193002,0.3143651637607355,-0.7489111277212923,4.419806840016574,-0.7804561849822671,0.24911036688005814,-0.08583247789449974,-0.07714580611640937
0.02672334180927166,0.0290074448214619,0.05626735045125712,-0.004023067686833821,0.2894937020970867,-0.7804561849822671,4.379385936384045,-0.8306417534417476,0.18057824365590655,-0.15457212981222723
0.007931687797205347,0.011359390571722045,0.009476814157054812,0.03141401851201413,-0.035548215476949425,0.24911036688005814,-0.8306417534417476,4.311040044911119,-0.8998706447485251,0.023645839565718973
-0.008902253083333393,-0.011641142732801488,-0.013547862533945697,-0.022115870725061673,-0.009059188217571224,-0.08583247789449974,0.18057824365590655,-0.8998706447485251,4.153184464671415,-0.8283538049239728
-0.02650943458875553,-0.033644724031751075,-0.04302463713489443,-0.053753774699259044,-0.07206534258121394,-0.07714580611640937,-0.15457212981222723,0.023645839565718973,-0.8283538049239728,3.1873711359493155
