3.936806765736513,2.275902159078047,2.4440748572319393,1.7712521035189326,1.5988060249950404,1.2130242278989734,0.986161714728366,0.6957490743565656,0.48825433279766106,0.2054416436517684
2.275902159078047,3.87286065037415,2.2030554495542676,2.3585771602878385,1.675788957437395,1.483002634950449,1.0908209169864456,0.8238421715817207,0.5501615142718188,0.24093255688142945
2.4440748572319393,2.2030554495542676,3.789858504705859,2.105669724969086,2.2497817294117874,1.543928838755319,1.343642973199263,0.9061584548263288,0.6574721461974794,0.26936860534363066
1.7712521035189326,2.3585771602878385,2.105669724969086,3.675536273609394,1.978067466023533,2.0949018134174735,1.3806529326746406,1.1264245926691672,0.7119032097386369,0.32606175083407096
1.5988060249950404,1.675788957437395,2.2497817294117874,1.978067466023533,3.5328963468200496,1.8053618438082237,1.9120555355178637,1.1390337147447767,0.9076260691401796,0.3453614288457253
1.2130242278989734,1.483002634950449,1.543928838755319,2.0949018134174735,1.8053618438082237,3.322942641518884,1.5846262509581104,1.6171344549267845,0.877387079898817,0.456049013427757
0.986161714728366,1.0908209169864456,1.343642973199263,1.3806529326746406,1.9120555355178637,1.5846262509581104,3.08805532468572,1.2767294649681618,1.3341430617199768,0.41351728623874673
0.6957490743565656,0.8238421715817207,0.9061584548263288,1.1264245926691672,1.1390337147447767,1.6171344549267845,1.2767294649681618,2.6721094929203346,0.9152880798182552,0.6914193105344684
0.48825433279766106,0.5501615142718188,0.6574721461974794,0.7119032097386369,0.9076260691401796,0.877387079898817,1.3341430617199768,0.9152880798182552,2.3238347588530663,0.38312958525801816
0.2054416436517684,0.24093255688142945,0.26936860534363066,0.32606175083407096,0.3453614288457253,0.456049013427757,0.41351728623874673,0.6914193105344684,0.38312958525801816,1.3103956393851877
