1.187377798823518,0.41915528588907314,0.2628203540152771,0.16782783213121102,0.10769161586717987,0.06896064143535272,0.04372323947318096,0.02698800123667154,0.01545875226039643,0.006762455156737511
0.41915528588907314,1.187238613441321,0.41893980036195266,0.26248672128229655,0.1673111834286037,0.10689114716354702,0.06771858412292298,0.04178761198056448,0.023933719191634756,0.010469490400145881
0.2628203540152771,0.41893980036195266,1.1869050007321837,0.4184232732355415,0.2616868505120032,0.1660719051237111,0.1049682053389368,0.064721862871152,0.037058997967182296,0.016209377817188366
0.16782783213121102,0.26248672128229655,0.4184232732355415,1.1861052701871122,0.41718484631810226,0.2597680959621972,0.16309464501831378,0.10032842794748487,0.05740061469028762,0.025099471245179347
0.10769161586717987,0.1673111834286037,0.2616868505120032,0.41718484631810226,1.1841874976222533,0.414213548404469,0.2551576416894426,0.15590968154093318,0.08899101630780071,0.038880379820421085
0.06896064143535272,0.10689114716354702,0.1660719051237111,0.2597680959621972,0.414213548404469,1.1795839201040716,0.4070703376337935,0.24402557728163066,0.13834383651260262,0.06029560521797156
0.04372323947318096,0.06771858412292298,0.1049682053389368,0.16309464501831378,0.2551576416894426,0.4070703376337935,1.1685000130062089,0.3897968831534656,0.2167681948705641,0.09381318054567839
0.02698800123667154,0.04178761198056448,0.064721862871152,0.10032842794748487,0.15590968154093318,0.24402557728163066,0.3897968831534656,1.1415798720186963,0.3473138125841794,0.1473485861092062
0.01545875226039643,0.023933719191634756,0.037058997967182296,0.05740061469028762,0.08899101630780071,0.13834383651260262,0.2167681948705641,0.3473138125841794,1.0745219354080437,0.23767198160702996
0.006762455156737511,0.010469490400145881,0.016209377817188366,0.025099471245179347,0.038880379820421085,0.06029560521797156,0.09381318054567839,0.1473485861092062,0.23767198160702996,0.8949631649686393
