1.5157017434892286,0.09787501859014608,0.3196677675801215,0.17373135919451294,0.1479305574981885,0.10386568225925501,0.0769281346418203,0.0488761779615143,0.04267737560451906,-0.024835025373884198
0.09787501859014608,1.5142568506310132,0.09598304408524047,0.3171431852941128,0.17053660698955334,0.1432584356972643,0.0994334490610069,0.06480030496198586,0.056006728178700727,-0.03263591351379429
0.3196677675801215,0.09598304408524047,1.5117795350152432,0.09267711835108694,0.3129607086265053,0.16441606196949143,0.13746514973629587,0.08351524178938241,0.07427611218927638,-0.043119139193083876
0.17373135919451294,0.3171431852941128,0.09267711835108694,1.507368898813603,0.08709321575770257,0.304803871247684,0.15664745433382138,0.11636366992561128,0.09564734419134098,-0.0561175121235737
0.1479305574981885,0.17053660698955334,0.3129607086265053,0.08709321575770257,1.5003134035159469,0.07673419747123787,0.2951114199858842,0.12944086742008507,0.1335687558115906,-0.07614796675283927
0.10386568225925501,0.1432584356972643,0.16441606196949143,0.304803871247684,0.07673419747123787,1.4853046967450887,0.06203170454294098,0.2572443244731132,0.14753617027358798,-0.09177941222560818
0.0769281346418203,0.0994334490610069,0.13746514973629587,0.15664745433382138,0.2951114199858842,0.06203170454294098,1.4730995396263256,0.019768868292615198,0.2977334405676397,-0.15170189504036694
0.0488761779615143,0.06480030496198586,0.08351524178938241,0.11636366992561128,0.12944086742008507,0.2572443244731132,0.019768868292615198,1.3897166783458381,0.01188377587852818,-0.08621535745165507
0.04267737560451906,0.056006728178700727,0.07427611218927638,0.09564734419134098,0.1335687558115906,0.14753617027358798,0.2977334405676397,0.01188377587852818,1.6037066074485358,-0.5294929386708616
-0.024835025373884198,-0.03263591351379429,-0.043119139193083876,-0.0561175121235737,-0.07614796675283927,-0.09177941222560818,-0.15170189504036694,-0.08621535745165507,-0.5294929386708616,1.0237034312060276
