0.9223421466574588,0.6728878590657513,0.5760855413738349,0.4871952565675193,0.40485133845849985,0.3280245050387361,0.2556297156384962,0.1867022579512304,0.12031280389323107,0.0555335524289277
0.6728878590657513,0.8995115337439799,0.6472405293088811,0.5472727410612359,0.4548285363578609,0.368488292163481,0.28717901042141253,0.20973604088175912,0.13516028435065353,0.062384434186723396
0.5760855413738349,0.6472405293088811,0.8706999741727314,0.6148729636135338,0.5109127865540143,0.41397922063558823,0.3226034899452703,0.23562324333988324,0.15183505990911197,0.0700850938853021
0.4871952565675193,0.5472727410612359,0.6148729636135338,0.834337504022007,0.5740253621410352,0.4650217156353362,0.3624312009688076,0.2646845196117574,0.1705760196064554,0.07872797389209267
0.40485133845849985,0.4548285363578609,0.5109127865540143,0.5740253621410352,0.7884515336524727,0.5224738667769997,0.4071154552962101,0.2973682690996218,0.19161390760985753,0.08845174361742145
0.3280245050387361,0.368488292163481,0.41397922063558823,0.4650217156353362,0.5224738667769997,0.7305349317838185,0.45741798199721123,0.3340190733666906,0.21527584186749527,0.09934933865905848
0.2556297156384962,0.28717901042141253,0.3226034899452703,0.3624312009688076,0.4071154552962101,0.45741798199721123,0.6574595176422701,0.37531126656178815,0.24180675378353966,0.11163858611134131
0.1867022579512304,0.20973604088175912,0.23562324333988324,0.2646845196117574,0.2973682690996218,0.3340190733666906,0.37531126656178815,0.5652046851860276,0.271702980603225,0.12535948072562042
0.12031280389323107,0.13516028435065353,0.15183505990911197,0.1705760196064554,0.19161390760985753,0.21527584186749527,0.24180675378353966,0.271702980603225,0.44884360836306547,0.14092642017185059
0.0555335524289277,0.062384434186723396,0.0700850938853021,0.07872797389209267,0.08845174361742145,0.09934933865905848,0.11163858611134131,0.12535948072562042,0.14092642017185059,0.30185881131514825
