1.701006723837303,-0.4014253227039256,-0.011837187705611565,0.08638863989180975,-0.04965158427583974,0.012822105081433936,0.0020834085976764254,-0.0037685751910033006,0.001825779637474725,-0.0003473425739777138
-0.4014253227039256,1.701006295446302,-0.401424357036814,-0.011837961358460944,0.08638610738686281,-0.04963994768249863,0.012799464474214914,0.002093481253299885,-0.0036846154207178317,0.0015188758816129114
-0.011837187705611565,-0.401424357036814,1.7010031713815363,-0.40141972595505315,-0.011836254717165281,0.08635745261779426,-0.049561256634655104,0.012704746694679624,0.001983645729379777,-0.002870177775875226
0.08638863989180975,-0.011837961358460944,-0.40141972595505315,1.7009929747914425,-0.4014121020490682,-0.01180785209581059,0.08623227721523344,-0.04932358685772889,0.012614304558809705,0.00105566019146673
-0.04965158427583974,0.08638610738686281,-0.011836254717165281,-0.4014121020490682,1.7009610956738763,-0.40135355073520684,-0.011824858859833415,0.08598758801658465,-0.04849169533922555,0.01131804884596805
0.012822105081433936,-0.04963994768249863,0.08635745261779426,-0.01180785209581059,-0.40135355073520684,1.700638803065321,-0.40066778957210614,-0.012282730116551467,0.0839101762576537,-0.039841353399007046
0.0020834085976764254,0.012799464474214914,-0.049561256634655104,0.08623227721523344,-0.011824858859833415,-0.40066778957210614,1.6986348674690577,-0.3980331056024562,-0.01016415592434766,0.0641103094664727
-0.0037685751910033006,0.002093481253299885,0.012704746694679624,-0.04932358685772889,0.08598758801658465,-0.012282730116551467,-0.3980331056024562,1.6929236815042719,-0.39396942516091515,0.006373813687484246
0.001825779637474725,-0.0036846154207178317,0.001983645729379777,0.012614304558809705,-0.04849169533922555,0.0839101762576537,-0.01016415592434766,-0.39396942516091515,1.6698092624360719,-0.34410105281965897
-0.0003473425739777138,0.0015188758816129114,-0.002870177775875226,0.00105566019146673,0.01131804884596805,-0.039841353399007046,0.0641103094664727,0.006373813687484246,-0.34410105281965897,1.4340668870883806
