12.501168353874444,10.018725517814186,8.674328824554015,7.364659841783801,6.136949467175656,4.970950035923469,3.855813167683845,2.7795683737359083,1.7349605590119013,0.6822486540759574
10.018725517814186,12.07519327209491,9.547504409276868,8.153055628228584,6.788019225837963,5.4990519625339624,4.265355613273536,3.074809013663307,1.9192436618742632,0.7547154723530614
8.674328824554015,9.547504409276868,11.553920214986672,8.970862854571271,7.515165662601892,6.082365815289786,4.718511033560622,3.40139511719335,2.1231027195880685,0.8348793874139316
7.364659841783801,8.153055628228584,8.970862854571271,10.916029040524943,8.265217595356043,6.734559271702977,5.218917516280982,3.7627825159508257,2.348600674586541,0.9235593226785838
6.136949467175656,6.788019225837963,7.515165662601892,8.265217595356043,10.135433146046223,7.401698517611473,5.779399165709204,4.161675621777306,2.5981644372204915,1.0216491821351803
4.970950035923469,5.4990519625339624,6.082365815289786,6.734559271702977,7.401698517611473,9.180181898719322,6.345071201050966,4.609845519282104,2.8733417425068106,1.1302320377112836
3.855813167683845,4.265355613273536,4.718511033560622,5.218917516280982,5.779399165709204,6.345071201050966,8.011419640446409,5.0514008878337675,3.1847690850675354,1.2497664399704353
2.7795683737359083,3.074809013663307,3.40139511719335,3.7627825159508257,4.161675621777306,4.609845519282104,5.0514008878337675,6.579471513783445,3.4741623072446868,1.3865647305438658
1.7349605590119013,1.9192436618742632,2.1231027195880685,2.348600674586541,2.5981644372204915,2.8733417425068106,3.1847690850675354,3.4741623072446868,4.840934664839091,1.5020435978696636
0.6822486540759574,0.7547154723530614,0.8348793874139316,0.9235593226785838,1.0216491821351803,1.1302320377112836,1.2497664399704353,1.3865647305438658,1.5020435978696636,2.525223914914642
