1.4168016851788834,-0.591898316991168,0.40945683728675164,-0.17167749511068237,0.13291059870263655,-0.04802422983878419,0.04402472343527616,-0.012613885527559463,0.014756483046690434,-0.002959545864989483
-0.591898316991168,1.4168607731592222,-0.5919383318751105,0.40962658121220213,-0.17184050052385705,0.1334144153635253,-0.04862503585191229,0.045559511535715816,-0.014719804644446947,0.019524808541550708
0.40945683728675164,-0.5919383318751105,1.416759745917726,-0.5920101218673826,0.4093835887799659,-0.17194849872910267,0.13280817951626958,-0.0487064234549638,0.04398367819952235,-0.014404186932219303
-0.17167749511068237,0.40962658121220213,-0.5920101218673826,1.417232834591199,-0.5923593482661398,0.410752363371187,-0.1733331652741099,0.13689449556290365,-0.05374487937368282,0.05648766312691446
0.13291059870263655,-0.17184050052385705,0.4093835887799659,-0.5923593482661398,1.4167078619428755,-0.5931060630178088,0.409615569163806,-0.17492497125470471,0.13442436697420743,-0.05712244862549711
-0.04802422983878419,0.1334144153635253,-0.17194849872910267,0.410752363371187,-0.5931060630178088,1.420579269430371,-0.5963849955514776,0.4209584717338901,-0.1874175468290681,0.16863020158335493
0.04402472343527616,-0.04862503585191229,0.13280817951626958,-0.1733331652741099,0.409615569163806,-0.5963849955514776,1.4186774877612884,-0.6044157982523881,0.4186343805872548,-0.2078728751718064
-0.012613885527559463,0.045559511535715816,-0.0487064234549638,0.13689449556290365,-0.17492497125470471,0.4209584717338901,-0.6044157982523881,1.4513802727835377,-0.6366707258237719,0.5159859322695686
0.014756483046690434,-0.014719804644446947,0.04398367819952235,-0.05374487937368282,0.13442436697420743,-0.1874175468290681,0.4186343805872548,-0.6366707258237719,1.4560997894549843,-0.7235619453166788
-0.002959545864989483,0.019524808541550708,-0.014404186932219303,0.05648766312691446,-0.05712244862549711,0.16863020158335493,-0.2078728751718064,0.5159859322695686,-0.7235619453166788,1.7428268690232338
