6.627734824474779,1.4293568923101874,3.307023232467233,1.3440220965771097,1.9544951035156928,1.0094736760905512,1.1182730133821845,0.6335499107885189,0.5282861803096429,0.2784190933167047
1.4293568923101874,6.592542964154412,1.3834905991440754,3.258247926026229,1.2764926557000584,1.8883182428859966,0.9080213665144059,1.032023770903605,0.47639419346950085,0.4248480346841347
3.307023232467233,1.3834905991440754,6.530738564121779,1.3206497422647772,3.1662150276943484,1.1930420421536287,1.7476283308804963,0.8038493454741272,0.8085323269298745,0.36358072824298004
1.3440220965771097,3.258247926026229,1.3206497422647772,6.462874493269101,1.2285018561900225,3.0734877855495775,1.0554770699755387,1.6251237391689821,0.5927516975785947,0.657252172655311
1.9544951035156928,1.2764926557000584,3.1662150276943484,1.2285018561900225,6.325314337951097,1.1070702303416993,2.862012960785881,0.906322984722747,1.2865140678540814,0.43792285597924613
1.0094736760905512,1.8883182428859966,1.1930420421536287,3.0734877855495775,1.1070702303416993,6.197004081486313,0.9279889624062321,2.688442108042686,0.6365895054038992,1.061606947495504
1.1182730133821845,0.9080213665144059,1.7476283308804963,1.0554770699755387,2.862012960785881,0.9279889624062321,5.869163855400817,0.7137700827876174,2.157389766961027,0.43031762493693326
0.6335499107885189,1.032023770903605,0.8038493454741272,1.6251237391689821,0.906322984722747,2.688442108042686,0.7137700827876174,5.624279530798082,0.40451922121992806,1.8144174549256142
0.5282861803096429,0.47639419346950085,0.8085323269298745,0.5927516975785947,1.2865140678540814,0.6365895054038992,2.157389766961027,0.40451922121992806,4.750468648012944,0.14530740612444581
0.2784190933167047,0.4248480346841347,0.36358072824298004,0.657252172655311,0.43792285597924613,1.061606947495504,0.43031762493693326,1.8144174549256142,0.14530740612444581,4.207537382557403
