8.117265814173985,-4.973266883863815,1.3252418177714742,1.7264357018875276,-3.0848214712757556,2.718104137000982,-1.3925746521928957,0.1008592361161227,0.4946126419498941,-0.34487651421952487
-4.973266883863815,7.9937143267812285,-4.84842808045296,1.2661856451757072,1.6646521520613398,-2.8931541505797957,2.454582044619191,-1.1744818211757506,0.06211997095563011,0.2700230403955327
1.3252418177714742,-4.84842808045296,7.777414375856181,-4.625520312316031,1.1549135938360375,1.5648769978662376,-2.5621389180615437,1.990110554143305,-0.7808809329692085,-0.022818237809498446
1.7264357018875276,1.2661856451757072,-4.625520312316031,7.453645426928459,-4.340567864057232,1.076541075698485,1.3216906782500173,-2.0159363800973296,1.3298441635957807,-0.32359247981951655
-3.0848214712757556,1.6646521520613398,1.1549135938360375,-4.340567864057232,7.088107769639965,-4.063839037862433,1.0695031112452447,0.9604657683228113,-1.3524243326988494,0.6167034100557446
2.718104137000982,-2.8931541505797957,1.5648769978662376,1.076541075698485,-4.063839037862433,6.692999117663354,-3.7224583714817,0.9853741922864983,0.6514452130960375,-0.679249186781713
-1.3925746521928957,2.454582044619191,-2.5621389180615437,1.3216906782500173,1.0695031112452447,-3.7224583714817,6.084437257574859,-3.081988226473236,0.6481984833166724,0.3963831542569691
0.1008592361161227,-1.1744818211757506,1.990110554143305,-2.0159363800973296,0.9604657683228113,0.9853741922864983,-3.081988226473236,5.0385506910620075,-2.053922709566909,0.20027184929747488
0.4946126419498941,0.06211997095563011,-0.7808809329692085,1.3298441635957807,-1.3524243326988494,0.6514452130960375,0.6481984833166724,-2.053922709566909,3.6328827707739437,-0.8982603239627209
-0.34487651421952487,0.2700230403955327,-0.022818237809498446,-0.32359247981951655,0.6167034100557446,-0.679249186781713,0.3963831542569691,0.20027184929747488,-0.8982603239627209,2.1458666860276585
