26.552605570777274,-22.45595222627071,17.48727469598423,-13.063737648483944,9.480524448371437,-6.655918918447577,4.423560715826117,-2.6334025898847027,1.207925841973315,-0.241565195291279
-22.45595222627071,26.397447729410043,-22.24570335346307,17.202859971731094,-12.680368202654634,8.9676585605594,-5.980855624594474,3.566603428263124,-1.6374577596130593,0.3276817681485812
17.48727469598423,-22.24570335346307,26.112546804678438,-21.860302430106586,16.683367564459136,-11.985395552054534,8.05288592997816,-4.8195707494064575,2.2168848477083585,-0.44424821676470444
-13.063737648483944,17.202859971731094,-21.860302430106586,25.591192852526365,-21.157551739876276,15.743223582100589,-10.747882530742014,6.481806284280072,-2.9933138778934403,0.6015747906328264
9.480524448371437,-12.680368202654634,16.683367564459136,-21.157551739876276,24.64392146183706,-19.890258472570437,14.075003122902924,-8.629766392482198,4.018957864491378,-0.8126229655522486
-6.655918918447577,8.9676585605594,-11.985395552054534,15.743223582100589,-19.890258472570437,22.94841186765475,-17.658120923571424,11.240225854774303,-5.331616432313016,1.0920738349497854
4.423560715826117,-5.980855624594474,8.05288592997816,-10.747882530742014,14.075003122902924,-17.658120923571424,20.009151054645415,-13.923410361791593,6.889315576697448,-1.451642612426107
-2.6334025898847027,3.566603428263124,-4.8195707494064575,6.481806284280072,-8.629766392482198,11.240225854774303,-13.923410361791593,15.258198372989897,-8.371950830202856,1.8840682579295371
1.207925841973315,-1.6374577596130593,2.2168848477083585,-2.9933138778934403,4.018957864491378,-5.331616432313016,6.889315576697448,-8.371950830202856,8.72128475362221,-2.3141574361889825
-0.241565195291279,0.3276817681485812,-0.44424821676470444,0.6015747906328264,-0.8126229655522486,1.0920738349497854,-1.451642612426107,1.8840682579295371,-2.3141574361889825,2.5740702678254923
