2.1270819316329757,-0.6652547706538683,0.5111388080874475,-0.35303722980277374,0.24417991464867883,-0.16614781434325665,0.10928773824834875,-0.06634909656863625,0.03175138176426889,-0.0029264096563324325
-0.6652547706538683,2.125337841291238,-0.6627674598193178,0.5075915635610848,-0.3479783727672746,0.23696533094886751,-0.15585824178017843,0.09462292698779831,-0.045281799387548435,0.004173459714556604
0.5111388080874475,-0.6627674598193178,2.121790596610375,-0.6577086050501133,0.5003769430716984,-0.3376893918734182,0.22229099630758076,-0.1349442196919739,0.06457808622184313,-0.005951919730946484
-0.35303722980277374,0.5075915635610848,-0.6577086050501133,2.1145759796672663,-0.6474195721374407,0.48570345287056715,-0.31676178905617647,0.19246474803983843,-0.09209617916426979,0.008488303361642371
0.24417991464867883,-0.3479783727672746,0.5003769430716984,-0.6474195721374407,2.099902408067554,-0.6264931633208688,0.4558578219604336,-0.27422547033924394,0.13135755785361697,-0.012104615798190211
-0.16614781434325665,0.23696533094886751,-0.3376893918734182,0.48570345287056715,-0.6264931633208688,2.07005864551905,-0.5839294384131593,0.3951955263278968,-0.1870788796513985,0.017276725402088078
0.10928773824834875,-0.15585824178017843,0.22229099630758076,-0.31676178905617647,0.4558578219604336,-0.5839294384131593,2.009353464922915,-0.4974119087567187,0.27090291986209863,-0.02441538874517564
-0.06634909656863625,0.09462292698779831,-0.1349442196919739,0.19246474803983843,-0.27422547033924394,0.3951955263278968,-0.4974119087567187,1.8860452075646779,-0.3203094254180463,0.03841811830258862
0.03175138176426889,-0.045281799387548435,0.06457808622184313,-0.09209617916426979,0.13135755785361697,-0.1870788796513985,0.27090291986209863,-0.3203094254180463,1.6309663990560814,0.003126387216938132
-0.0029264096563324325,0.004173459714556604,-0.005951919730946484,0.008488303361642371,-0.012104615798190211,0.017276725402088078,-0.02441538874517564,0.03841811830258862,0.003126387216938132,1.0390260330852084
