1.6254888406781711,-0.6406000957001865,0.33707499391480017,-0.17350375832276838,0.09194437750612058,-0.0467813622353455,0.024990174761895797,-0.012224729017440107,0.006194175197193606,-0.001947655646394945
-0.6406000957001865,1.6254781681271149,-0.6405801068681745,0.3370359590282198,-0.17342986679715194,0.0918012241641904,-0.046508772386758095,0.02446439935063542,-0.011220268934163363,0.004261490020999839
0.33707499391480017,-0.6405801068681745,1.6254371741019962,-0.6405052558742066,0.3368869672486802,-0.17315178844049628,0.09125676197830587,-0.04548012070853791,0.02246865997618839,-0.00742410333562726
-0.17350375832276838,0.3370359590282198,-0.6405052558742066,1.6252935508701123,-0.6402298067096508,0.33635850389591704,-0.1721381766977082,0.08931222921233739,-0.04175024635371059,0.015313467556656187
0.09194437750612058,-0.17342986679715194,0.3368869672486802,-0.6402298067096508,1.6247503763045568,-0.6392089902986853,0.33437013017824685,-0.16836708901951702,0.08201671740625424,-0.027843584796931376
-0.0467813622353455,0.0918012241641904,-0.17315178844049628,0.33635850389591704,-0.6392089902986853,1.6228023151249706,-0.6354576452796745,0.32719475394902336,-0.1545733626565335,0.055598987313594514
0.024990174761895797,-0.046508772386758095,0.09125676197830587,-0.1721381766977082,0.33437013017824685,-0.6354576452796745,1.6155164720872168,-0.6216098189107075,0.30044782122122043,-0.10352768657607152
-0.012224729017440107,0.02446439935063542,-0.04548012070853791,0.08931222921233739,-0.16836708901951702,0.32719475394902336,-0.6216098189107075,1.5890722470619496,-0.5707123908762991,0.20305728457875152
0.006194175197193606,-0.011220268934163363,0.02246865997618839,-0.04175024635371059,0.08201671740625424,-0.1545733626565335,0.30044782122122043,-0.5707123908762991,1.4908522128138775,-0.3831379671966484
-0.001947655646394945,0.004261490020999839,-0.00742410333562726,0.015313467556656187,-0.027843584796931376,0.055598987313594514,-0.10352768657607152,0.20305728457875152,-0.3831379671966484,1.1321142030312454
