0.7641123099281558,0.5210743647223234,0.4705900483276703,0.3974256269926961,0.3398528868708512,0.28603155094366406,0.2377965010586915,0.1941620439840186,0.15205506414011155,0.11984788944653542
0.5210743647223234,0.7567558397845601,0.512667637141389,0.4609877522218413,0.386440867241154,0.32734809305197526,0.2715727324044736,0.22189611666436443,0.17373230516040977,0.13694943649778576
0.4705900483276703,0.512667637141389,0.7471489151338996,0.5016944500583578,0.44843475703354085,0.3721507372479261,0.3108253002937544,0.253401360390159,0.19855314443983152,0.1564575414739553
0.3974256269926961,0.4609877522218413,0.5016944500583578,0.734615186377298,0.4873561485478275,0.43211260366104703,0.3532771950122006,0.29007311819186754,0.22672608931619567,0.17886738297271082
0.3398528868708512,0.386440867241154,0.44843475703354085,0.4873561485478275,0.7182128360090059,0.46868312143763624,0.4105252551814086,0.3295247247545157,0.2596031291195641,0.20403942068508374
0.28603155094366406,0.32734809305197526,0.3721507372479261,0.43211260366104703,0.46868312143763624,0.6969593094967976,0.44409600203830846,0.3835316666971508,0.2946718258402775,0.2343837378610575
0.2377965010586915,0.2715727324044736,0.3108253002937544,0.3532771950122006,0.4105252551814086,0.44409600203830846,0.6685761788628654,0.4127173507040923,0.3438416724899246,0.26329360614852443
0.1941620439840186,0.22189611666436443,0.253401360390159,0.29007311819186754,0.3295247247545157,0.3835316666971508,0.4127173507040923,0.6346701880290117,0.3668774900124701,0.31731974201609214
0.15205506414011155,0.17373230516040977,0.19855314443983152,0.22672608931619567,0.2596031291195641,0.2946718258402775,0.3438416724899246,0.3668774900124701,0.5840722012577716,0.3025771909519308
0.11984788944653542,0.13694943649778576,0.1564575414739553,0.17886738297271082,0.20403942068508374,0.2343837378610575,0.26329360614852443,0.31731974201609214,0.3025771909519308,0.6344429101226845
