2.228063391694283,0.7579567997859874,0.8637213503716094,0.6104689235781404,0.5688748767341665,0.4262434335278772,0.35042616286271644,0.24639949399293054,0.16641656729142998,0.07449611899628045
0.7579567997859874,2.2003655252628365,0.7266810628523486,0.828096051852351,0.5704619085183058,0.5228966017682865,0.3753574475388823,0.2905546151190238,0.18266544074898025,0.08665517548214441
0.8637213503716094,0.7266810628523486,2.1650176721135694,0.6864766846411839,0.7828378836560621,0.5186512861209454,0.4651874358379497,0.30815317529224406,0.2177800021315745,0.0940136998947751
0.6104689235781404,0.828096051852351,0.6864766846411839,2.119179793123676,0.6350784445052012,0.7236240839778543,0.4533790039670082,0.38789461417707694,0.22675231561905068,0.1141850032322888
0.5688748767341665,0.5704619085183058,0.7828378836560621,0.6350784445052012,2.0611772755232045,0.568944506422318,0.649475133213401,0.36794132973132876,0.2937402281660944,0.1152113099026275
0.4262434335278772,0.5228966017682865,0.5186512861209454,0.7236240839778543,0.568944506422318,1.9844974002218414,0.4853072271342952,0.5487517570894825,0.2648350835271127,0.15662835408503087
0.35042616286271644,0.3753574475388823,0.4651874358379497,0.4533790039670082,0.649475133213401,0.4853072271342952,1.889062287772644,0.3784391290601423,0.42536552013715523,0.12931040927842397
0.24639949399293054,0.2905546151190238,0.30815317529224406,0.38789461417707694,0.36794132973132876,0.5487517570894825,0.3784391290601423,1.7546264393895794,0.2507746909833928,0.2352824902958036
0.16641656729142998,0.18266544074898025,0.2177800021315745,0.22675231561905068,0.2937402281660944,0.2648350835271127,0.42536552013715523,0.2507746909833928,1.5876311223175277,0.10281860622659394
0.07449611899628045,0.08665517548214441,0.0940136998947751,0.1141850032322888,0.1152113099026275,0.15662835408503087,0.12931040927842397,0.2352824902958036,0.10281860622659394,1.2957102121343314
