4.68828374212285,-3.6559873411223696,3.077683362786905,-2.5648213376759657,2.1057607181781215,-1.690879636489518,1.3114736813663666,-0.9595821185803176,0.627887511344403,-0.303277071987666
-3.6559873411223696,4.603315986816263,-3.557788814926283,2.9641938335850324,-2.4336597638999065,1.954175293807468,-1.5156900660889132,1.1090036387178954,-0.7256591398521959,0.3505019214735551
3.077683362786905,-3.557788814926283,4.4898264576144,-3.4266272411492738,2.812608409303853,-2.258470185073259,1.7517060446647705,-1.2816923605452255,0.8386552969073462,-0.4050803977745171
-2.5648213376759657,2.9641938335850324,-3.4266272411492738,4.3382410333321095,-3.2514376624260164,2.6101391504230307,-2.0244733965962323,1.4812713399377062,-0.9692466730069035,0.46815757235012634
2.1057607181781215,-2.4336597638999065,2.812608409303853,-3.2514376624260164,4.1357717745722615,-3.017440862696207,2.3397055055658287,-1.7119278981249935,1.1201731101250578,-0.5410568217024865
-1.690879636489518,1.954175293807468,-2.258470185073259,2.6101391504230307,-3.017440862696207,3.8653381165484637,-2.704896588945931,1.9784919225252007,-1.2946011855063133,0.6253075909606104
1.3114736813663666,-1.5156900660889132,1.7517060446647705,-2.0244733965962323,2.3397055055658287,-2.704896588945931,3.504125966522795,-2.2874365811732575,1.496181121333683,-0.7226775968567611
-0.9595821185803176,1.1090036387178954,-1.2816923605452255,1.4812713399377062,-1.7119278981249935,1.9784919225252007,-2.2874365811732575,3.0216592000499007,-1.7300204588066994,0.8351991041858062
0.627887511344403,-0.7256591398521959,0.8386552969073462,-0.9692466730069035,1.1201731101250578,-1.2946011855063133,1.496181121333683,-1.7300204588066994,2.3776520015138654,-0.9662296415785556
-0.303277071987666,0.3505019214735551,-0.4050803977745171,0.46815757235012634,-0.5410568217024865,0.6253075909606104,-0.7226775968567611,0.8351991041858062,-0.9662296415785556,1.4839895315918257
