2.4195647736696415,-1.4296272737806155,1.107680100175708,-0.845131865091584,0.6321581957223174,-0.460376099213255,0.3227121121659187,-0.21327839543705776,0.1272610942691042,-0.0608240809665431
-1.4296272737806155,2.4094636715105215,-1.4174233206904754,1.09302178912255,-0.8276288446411364,0.6113827018671073,-0.4358668236901258,0.29398140814794205,-0.17982396294331549,0.08858358189896831
1.107680100175708,-1.4174233206904754,2.394403470043277,-1.3989565721365138,1.0705164377600183,-0.8003649836770952,0.5785479827927719,-0.39655426023532464,0.24719074845483233,-0.12446815559458094
-0.845131865091584,1.09302178912255,-1.3989565721365138,2.3713169684482764,-1.3702991203035135,1.0351802728753832,-0.7570691752549379,0.5258227468558474,-0.3327273521822228,0.17037751567448167
0.6321581957223174,-0.8276288446411364,1.0705164377600183,-1.3702991203035135,2.335140436187709,-1.3249881215979515,0.9788378423918667,-0.6874823295232597,0.44042787031688524,-0.22857699333862652
-0.460376099213255,0.6113827018671073,-0.8003649836770952,1.0351802728753832,-1.3249881215979515,2.2775827995714675,-1.2524872270096226,0.8882123522877321,-0.5750028615405121,0.3017517591977377
0.3227121121659187,-0.4358668236901258,0.5785479827927719,-0.7570691752549379,0.9788378423918667,-1.2524872270096226,2.1852000709222574,-1.1357939233365792,0.7419725566844473,-0.39306505522586854
-0.21327839543705776,0.29398140814794205,-0.39655426023532464,0.5258227468558474,-0.6874823295232597,0.8882123522877321,-1.1357939233365792,2.0364192353907278,-0.9477627355797257,0.5062194272211082
0.1272610942691042,-0.17982396294331549,0.24719074845483233,-0.3327273521822228,0.44042787031688524,-0.5750028615405121,0.7419725566844473,-0.9477627355797257,1.7969916566415902,-0.6455193536456264
-0.0608240809665431,0.08858358189896831,-0.12446815559458094,0.17037751567448167,-0.22857699333862652,0.3017517591977377,-0.39306505522586854,0.5062194272211082,-0.6455193536456264,1.4131246872624388
