0.8054590708119493,0.22604622063749813,-0.011410975864282972,-0.07825045052812082,-0.05734613762799122,-0.020549517270937675,0.0015751602115836216,0.00722996932921351,0.004481598792842474,0.0005814161114144491
0.22604622063749813,0.8054332175092122,0.2260115300781854,-0.011414723972915352,-0.07814695541643793,-0.057071507790034975,-0.02019028731801261,0.0015914580961784365,0.006101161766097909,0.0015663198914927085
-0.011410975864282972,0.2260115300781854,0.805362369963368,0.2259448886430121,-0.011352925026469377,-0.07777318525454961,-0.056325080416088635,-0.019515149433284477,0.0008719658181856845,0.0020776753333317326
-0.07825045052812082,-0.011414723972915352,0.2259448886430121,0.8052056035664389,0.22576446708095488,-0.011299759158380714,-0.07705068503867761,-0.05466629637494781,-0.01766258127274,0.0001661006745398261
-0.05734613762799122,-0.07814695541643793,-0.011352925026469377,0.22576446708095488,0.8045468288980705,0.22468177921369636,-0.011899160064423127,-0.07504384190058297,-0.04762531889321879,-0.006346521597635695
-0.020549517270937675,-0.057071507790034975,-0.07777318525454961,-0.011299759158380714,0.22468177921369636,0.8016283991852464,0.22080852007910431,-0.012213847382481598,-0.06322525694593092,-0.016633211342897865
0.0015751602115836216,-0.02019028731801261,-0.056325080416088635,-0.07705068503867761,-0.011899160064423127,0.22080852007910431,0.7937598582357502,0.21347364226698762,-0.00518160402057535,-0.021502229060859527
0.00722996932921351,0.0015914580961784365,-0.019515149433284477,-0.05466629637494781,-0.07504384190058297,-0.012213847382481598,0.21347364226698762,0.776186669997016,0.19280742606321807,-0.00034085909638510096
0.004481598792842474,0.006101161766097909,0.0008719658181856845,-0.01766258127274,-0.04762531889321879,-0.06322525694593092,-0.00518160402057535,0.19280742606321807,0.7008792820881682,0.0691756843463624
0.0005814161114144491,0.0015663198914927085,0.0020776753333317326,0.0001661006745398261,-0.006346521597635695,-0.016633211342897865,-0.021502229060859527,-0.00034085909638510096,0.0691756843463624,0.37163215853495024
