8.62832315539727,-6.6629769754826285,5.940144763940201,-4.875103407044433,4.134207387651031,-3.3092199925884036,2.6225877824771984,-1.9181555438943159,1.2871702952681194,-0.6304172725486561
-6.6629769754826285,8.422675136100478,-6.43121935003153,5.676728040157047,-4.579590196720079,3.7959814345349328,-2.9338260985675713,2.185868405022881,-1.4455501521726846,0.7159752098766823
5.940144763940201,-6.43121935003153,8.161407907789219,-6.134409848405292,5.343498021763838,-4.19864197795602,3.372406447431289,-2.4424042441011657,1.6517910937148643,-0.8041801106089965
-4.875103407044433,5.676728040157047,-6.134409848405292,7.823963706094006,-5.756003067495073,4.910128278187157,-3.718109628907453,2.812558963050048,-1.8379247306351816,0.9187267977075344
4.134207387651031,-4.579590196720079,5.343498021763838,-5.756003067495073,7.398856059895571,-5.270488114339273,4.369483857834465,-3.092280746485371,2.130018259427505,-1.022577095879512
-3.3092199925884036,3.7959814345349328,-4.19864197795602,4.910128278187157,-5.270488114339273,6.842013423139919,-4.654427853114002,3.6492946767740477,-2.3187895172627706,1.184522306931913
2.6225877824771984,-2.9338260985675713,3.372406447431289,-3.718109628907453,4.369483857834465,-4.654427853114002,6.153581579547835,-3.861784799256516,2.7776102707734776,-1.2904615968596838
-1.9181555438943159,2.185868405022881,-2.4424042441011657,2.812558963050048,-3.092280746485371,3.6492946767740477,-3.861784799256516,5.219635473987969,-2.8710048991375174,1.54407395907366
1.2871702952681194,-1.4455501521726846,1.6517910937148643,-1.8379247306351816,2.130018259427505,-2.3187895172627706,2.7776102707734776,-2.8710048991375174,4.108166046386277,-1.5988273135190885
-0.6304172725486561,0.7159752098766823,-0.8041801106089965,0.9187267977075344,-1.022577095879512,1.184522306931913,-1.2904615968596838,1.54407395907366,-1.5988273135190885,2.456971412622424
