2.693644191039489,1.8026449436553824,1.2155070275488666,0.8188280524653141,0.5497631311245752,0.36639319423682015,0.2401349205763771,0.1513080070276417,0.08605508029724365,0.03474303389289813
1.8026449436553824,2.6921103182354185,1.8003742483799607,1.212145564316698,0.8138518519193961,0.5423965262831938,0.35548790517407103,0.22399143903755603,0.12739313438402466,0.051432454311069395
1.2155070275488666,1.8003742483799607,2.6887488550031753,1.7953980478374307,1.2047789593158276,0.8029465703570462,0.5262526920055575,0.33158962158642735,0.18858864150437363,0.07613892801123058
0.8188280524653141,1.212145564316698,1.7953980478374307,2.681382250007483,1.78449276603922,1.1886351361418948,0.7790477645868932,0.4908744523706071,0.2791804747000982,0.11271358592840065
0.5497631311245752,0.8138518519193961,1.2047789593158276,1.78449276603922,2.665238426473042,1.7605939766898284,1.1532561234601184,0.7266749723753924,0.41328966046962,0.16685751689195935
0.36639319423682015,0.5423965262831938,0.8029465703570462,1.1886351361418948,1.7605939766898284,2.6298594388900747,1.7082200412545805,1.0757251515655066,0.6118209792338956,0.2470104179914674
0.2401349205763771,0.35548790517407103,0.5262526920055575,0.7790477645868932,1.1532561234601184,1.7082200412545805,2.552326719600583,1.5934456400695796,0.9056989263837446,0.3656665594396031
0.1513080070276417,0.22399143903755603,0.33158962158642735,0.4908744523706071,0.7266749723753924,1.0757251515655066,1.5934456400695796,2.382422149149725,1.3417499781903777,0.5413023986666665
0.08605508029724365,0.12739313438402466,0.18858864150437363,0.2791804747000982,0.41328966046962,0.6118209792338956,0.9056989263837446,1.3417499781903777,2.0095559425305605,0.8021941342136338
0.03474303389289813,0.051432454311069395,0.07613892801123058,0.11271358592840065,0.16685751689195935,0.2470104179914674,0.3656665594396031,0.5413023986666665,0.8021941342136338,1.2162285291246333
