10.468268802008854,8.049911403155356,7.0280570577826955,5.84078943271699,4.921681334644249,3.9369336340847307,3.1102403641379195,2.241774575221027,1.4852201718557547,0.6626186317215149
8.049911403155356,10.19593383136741,7.749653827878069,6.680828035931426,5.463320755033714,4.477185657183604,3.465041525836765,2.537483488483676,1.657494173042707,0.7393148060267095
7.0280570577826955,7.749653827878069,9.863895629225853,7.367152933002066,6.262915941232161,4.974368344198238,3.9536837265408735,2.8364616119828145,1.8870429716905368,0.8419423438571817
5.84078943271699,6.680828035931426,7.367152933002066,9.421066959231474,6.886454561183573,5.695810580745272,4.373771404410348,3.222453326812635,2.093571570593819,0.9337452859138868
4.921681334644249,5.463320755033714,6.262915941232161,6.886454561183573,8.894830737889201,6.272319024494031,5.036100228229652,3.584982596949347,2.401670359774204,1.0716676936826095
3.9369336340847307,4.477185657183604,4.974368344198238,5.695810580745272,6.272319024494031,8.168085228469439,5.505736752001942,4.098007288751506,2.6383636673049775,1.176557320238693
3.1102403641379195,3.465041525836765,3.9536837265408735,4.373771404410348,5.036100228229652,5.505736752001942,7.339945969328484,4.5226937971127334,3.0653106439213214,1.3680365643836523
2.241774575221027,2.537483488483676,2.8364616119828145,3.222453326812635,3.584982596949347,4.098007288751506,4.5226937971127334,6.126899007171812,3.3121108018108125,1.4766498693173684
1.4852201718557547,1.657494173042707,1.8870429716905368,2.093571570593819,2.401670359774204,2.6383636673049775,3.0653106439213214,3.3121108018108125,4.834055861045758,1.7547415947455516
0.6626186317215149,0.7393148060267095,0.8419423438571817,0.9337452859138868,1.0716676936826095,1.176557320238693,1.3680365643836523,1.4766498693173684,1.7547415947455516,2.744177479480011
