1.962413191227877,1.6037411440426905,1.3567048061370839,1.1258137057832596,0.9145060688477148,0.7212503885250752,0.5432423905013072,0.37797670248802984,0.22479462042779663,0.08847052626280558
1.6037411440426905,1.9168878850499755,1.5511007780865445,1.295850881094097,1.0555041551505977,0.8333873083897319,0.6279993828679322,0.4370382119804007,0.25994500453520614,0.1023092107253569
1.3567048061370839,1.5511007780865445,1.8560204576511619,1.4807361012269888,1.2145527492642474,0.9617073797344052,0.7255619172656381,0.5051956725354897,0.3005563728427487,0.11830721682298091
1.1258137057832596,1.295850881094097,1.4807361012269888,1.7746766326984598,1.3867527739608585,1.1061203501308436,0.8370567380241396,0.5835937565110427,0.34740898823613314,0.13679117680177655
0.9145060688477148,1.0555041551505977,1.2145527492642474,1.3867527739608585,1.6660896041431263,1.261470824891532,0.962098022540516,0.6730198805376015,0.4012623805468664,0.15811724148021375
0.7212503885250752,0.8333873083897319,0.9617073797344052,1.1061203501308436,1.261470824891532,1.5215439974107068,1.095297569498796,0.7728151709379636,0.4625770150455834,0.18263412063450876
0.5432423905013072,0.6279993828679322,0.7255619172656381,0.8370567380241396,0.962098022540516,1.095297569498796,1.3304903245948771,0.8776249514178064,0.5306625250262,0.2105602510455532
0.37797670248802984,0.4370382119804007,0.5051956725354897,0.5835937565110427,0.6730198805376015,0.7728151709379636,0.8776249514178064,1.0823450687792402,0.6011420885014173,0.2416073835256111
0.22479462042779663,0.25994500453520614,0.3005563728427487,0.34740898823613314,0.4012623805468664,0.4625770150455834,0.5306625250262,0.6011420885014173,0.7730104246440843,0.2738594710438446
0.08847052626280558,0.1023092107253569,0.11830721682298091,0.13679117680177655,0.15811724148021375,0.18263412063450876,0.2105602510455532,0.2416073835256111,0.2738594710438446,0.414997067669395
