1.734735466778548,0.17573191256282017,0.14875515000256387,-0.035804467045456985,0.03387538313327136,-0.018139862307236278,0.011597470349859142,-0.006874773314695477,0.003976769333481079,-0.0023557453288978797
0.17573191256282017,1.7347244597193323,0.17574987933678132,0.14872590204406586,-0.03575648827265066,0.03379837807202427,-0.01800844037227904,0.011410038947280885,-0.006444267829514325,0.0038525368357274583
0.14875515000256387,0.17574987933678132,1.7346951327401543,0.1757976209688038,0.14864758826655197,-0.03563078555839995,0.033583895023227055,-0.017702329574628424,0.010708103944707954,-0.006237886872892277
-0.035804467045456985,0.14872590204406586,0.1757976209688038,1.7346174160202472,0.1759251154508372,0.14844299350270432,-0.035281461968587564,0.03308635450474164,-0.016556058018549327,0.010388787331266258
0.03387538313327136,-0.03575648827265066,0.14864758826655197,0.1759251154508372,1.7344083100602776,0.17626090095691968,0.14787073993775904,-0.03446169388251531,0.031222691762148876,-0.015954970708715738
-0.018139862307236278,0.03379837807202427,-0.03563078555839995,0.14844299350270432,0.17626090095691968,1.733870141800029,0.1771829589227687,0.14657158755664917,-0.03139363995021866,0.030613887875047558
0.011597470349859142,-0.01800844037227904,0.033583895023227055,-0.035281461968587564,0.14787073993775904,0.1771829589227687,1.7323134506276732,0.1794781398463352,0.14169750520318516,-0.02867901487609709
-0.006874773314695477,0.011410038947280885,-0.017702329574628424,0.03308635450474164,-0.03446169388251531,0.14657158755664917,0.1794781398463352,1.7293852575536721,0.1880323718192744,0.14524413787543242
0.003976769333481079,-0.006444267829514325,0.010708103944707954,-0.016556058018549327,0.031222691762148876,-0.03139363995021866,0.14169750520318516,0.1880323718192744,1.7182293086474039,0.2191867328960314
-0.0023557453288978797,0.0038525368357274583,-0.006237886872892277,0.010388787331266258,-0.015954970708715738,0.030613887875047558,-0.02867901487609709,0.14524413787543242,0.2191867328960314,1.838520776684793
