4.616737004154526,-2.238476325416795,-0.07803354913850284,1.6495749692967716,-1.7631674733574632,0.8180883806225632,0.23379632454631963,-0.6737093360393784,0.4566488750453182,-0.0702200683126745
-2.238476325416795,4.511909972362272,-2.1751979522986398,-0.03673572765636772,1.500718888762791,-1.5862457374308856,0.7410042981028924,0.1177744333869347,-0.38993418680484804,0.16915587547939248
-0.07803354913850284,-2.1751979522986398,4.4382888005149415,-2.144905006481902,0.014323955277722521,1.3806802408656944,-1.4672799783240174,0.7157975959096934,-0.0017490328079938532,-0.1699563756722474
1.6495749692967716,-0.03673572765636772,-2.144905006481902,4.335932301290279,-2.0257807548103504,-0.034735388249329126,1.2981294457983052,-1.273096309485581,0.5232864473932595,0.0391255656505759
-1.7631674733574632,1.500718888762791,0.014323955277722521,-2.0257807548103504,4.082063254282009,-1.7890504815111945,-0.06486424605325103,1.0290642695860903,-0.8134245254756172,0.1658973050938227
0.8180883806225632,-1.5862457374308856,1.3806802408656944,-0.034735388249329126,-1.7890504815111945,3.7785146434258436,-1.6318773038602452,0.09535163035757427,0.5694759492596485,-0.3108523191311323
0.23379632454631963,0.7410042981028924,-1.4672799783240174,1.2981294457983052,-0.06486424605325103,-1.6318773038602452,3.5737167529669476,-1.5224399214306223,0.19815195619982295,0.26312064052454526
-0.6737093360393784,0.1177744333869347,0.7157975959096934,-1.273096309485581,1.0290642695860903,0.09535163035757427,-1.5224399214306223,3.189225840641174,-1.069149254006152,0.004803117722766023
0.4566488750453182,-0.38993418680484804,-0.0017490328079938532,0.5232864473932595,-0.8134245254756172,0.5694759492596485,0.19815195619982295,-1.069149254006152,2.345346056902331,-0.3587521678137797
-0.0702200683126745,0.16915587547939248,-0.1699563756722474,0.0391255656505759,0.1658973050938227,-0.3108523191311323,0.26312064052454526,0.004803117722766023,-0.3587521678137797,1.4960164303370642
