6.431163993013826,5.166772809986809,4.234435266254631,3.4549161673087085,2.7907036741125912,2.218207985937538,1.7184048896912607,1.274916978685877,0.8734246657996052,0.5021418276028077
5.166772809986809,6.366569515531919,5.089384248424772,4.141718545552469,3.343835411639184,2.6576224665301105,2.058774654471569,1.5274384074764433,1.0464222096113174,0.6016000073157862
4.234435266254631,5.089384248424772,6.273852774192579,4.978303333653254,4.008636272368624,3.1843951061092097,2.466610530757362,1.8299838673827717,1.253686191203053,0.7207578607638214
3.4549161673087085,4.141718545552469,4.978303333653254,6.1407703400156635,4.818861786949624,3.8176160237124472,2.955549913514718,2.192503725853452,1.5020102466750354,0.8635184055876209
2.7907036741125912,3.343835411639184,4.008636272368624,4.818861786949624,5.949748835433326,4.590006911811311,3.543444369012738,2.6271518689635,1.7995697520094778,1.0345640378477001
2.218207985937538,2.6576224665301105,3.1843951061092097,3.8176160237124472,4.590006911811311,5.675567383103725,4.261533332580077,3.1500044941716006,2.156394679076143,1.2395457129548384
1.7184048896912607,2.058774654471569,2.466610530757362,2.955549913514718,3.543444369012738,4.261533332580077,5.282051075782403,3.7901868876384985,2.5860338610563764,1.4855014559600457
1.274916978685877,1.5274384074764433,1.8299838673827717,2.192503725853452,2.6271518689635,3.1500044941716006,3.7901868876384985,4.71748418376668,3.114696815513992,1.7826070373104055
0.8734246657996052,1.0464222096113174,1.253686191203053,1.5020102466750354,1.7995697520094778,2.156394679076143,2.5860338610563764,3.114696815513992,3.909405873171556,2.154407932484712
0.5021418276028077,0.6016000073157862,0.7207578607638214,0.8635184055876209,1.0345640378477001,1.2395457129548384,1.4855014559600457,1.7826070373104055,2.154407932484712,2.773701744876542
