1.6771078317932375,-0.4860839436869465,0.6615969353347422,-0.3812895845987625,0.37692178907225926,-0.25076375010446783,0.21016993048406243,-0.13816366728343268,0.09591090729734018,-0.04175850613491365
-0.4860839436869465,1.6702471058495338,-0.4777155848264944,0.6510888456461604,-0.36866492044611926,0.360704019283437,-0.23195164679236885,0.1847096809846847,-0.11096001123940138,0.05444968256548287
0.6615969353347422,-0.4777155848264944,1.6600118501695351,-0.4649162618640419,0.6356138067130813,-0.34897345355517306,0.3375242502647846,-0.20125460509492865,0.15075834186551684,-0.06170849434978204
-0.3812895845987625,0.6510888456461604,-0.4649162618640419,1.6439058908547897,-0.44562868818097867,0.610716495085227,-0.32030991350098825,0.2982993691016692,-0.1600814367264578,0.0864096175180169
0.37692178907225926,-0.36866492044611926,0.6356138067130813,-0.44562868818097867,1.6204675635011803,-0.41603115731606866,0.5754633791875683,-0.2744343341700991,0.24614555101376484,-0.08738260299463826
-0.25076375010446783,0.360704019283437,-0.34897345355517306,0.610716495085227,-0.41603115731606866,1.5818405906568302,-0.37231540344768616,0.51412497421409,-0.21260968336938982,0.14388033086819843
0.21016993048406243,-0.23195164679236885,0.3375242502647846,-0.32030991350098825,0.5754633791875683,-0.37231540344768616,1.52830412769032,-0.3054962216784438,0.43309883307259356,-0.10996245682048711
-0.13816366728343268,0.1847096809846847,-0.20125460509492865,0.2982993691016692,-0.2744343341700991,0.51412497421409,-0.3054962216784438,1.429236231951082,-0.2143986967275047,0.26232478057029546
0.09591090729734018,-0.11096001123940138,0.15075834186551684,-0.1600814367264578,0.24614555101376484,-0.21260968336938982,0.43309883307259356,-0.2143986967275047,1.3001831905347967,-0.0863536821917294
-0.04175850613491365,0.05444968256548287,-0.06170849434978204,0.0864096175180169,-0.08738260299463826,0.14388033086819843,-0.10996245682048711,0.26232478057029546,-0.0863536821917294,0.987243315531547
