21.390954267750516,10.595772173644104,-5.054376173340075,-11.085661013893466,-5.990217704505483,1.7938694959487445,4.726192757387818,2.633583917740544,0.1138609757695053,-0.054415821399370776
10.595772173644104,21.010648243144384,10.178740526261922,-5.021682254797195,-10.43502675541936,-5.2216812709713,1.8070322499418994,3.619265707329527,1.2255197611471198,-0.03468896243209496
-5.054376173340075,10.178740526261922,20.306131180247323,9.90442177202085,-4.33600169543095,-9.173729681207009,-4.641499326496311,0.6912099659529573,1.3711757938376463,0.036021681593128435
-11.085661013893466,-5.021682254797195,9.90442177202085,19.91416119530707,9.813628138545258,-3.876937965610966,-8.465036781056064,-4.423383537636893,-0.07109071555599525,0.09590326777405137
-5.990217704505483,-10.43502675541936,-4.33600169543095,9.813628138545258,18.797921891284894,8.54584303745203,-3.8358720488159266,-6.560272225089296,-2.093571516099794,0.06767022322935079
1.7938694959487445,-5.2216812709713,-9.173729681207009,-3.876937965610966,8.54584303745203,16.536219381391774,7.561404030972772,-1.764870457132846,-2.522811487702528,-0.055287336863554665
4.726192757387818,1.8070322499418994,-4.641499326496311,-8.465036781056064,-3.8358720488159266,7.561404030972772,15.241048044417138,7.37544451273507,-0.1049137955627365,-0.16828702341231105
2.633583917740544,3.619265707329527,0.6912099659529573,-4.423383537636893,-6.560272225089296,-1.764870457132846,7.37544451273507,11.980353521827801,3.5561988462291563,-0.1303251892072475
0.1138609757695053,1.2255197611471198,1.3711757938376463,-0.07109071555599525,-2.093571516099794,-2.522811487702528,-0.1049137955627365,3.5561988462291563,4.76196405209117,0.08248646252027125
-0.054415821399370776,-0.03468896243209496,0.036021681593128435,0.09590326777405137,0.06767022322935079,-0.055287336863554665,-0.16828702341231105,-0.1303251892072475,0.08248646252027125,0.4407639986102758
