1.4218692534167685,-0.44877502816996484,0.1613121813627502,-0.048357884784992713,0.02080638918564002,-0.003983176988368899,0.0034611807097973705,0.00036883972002353324,0.0007258017485924519,0.0010004276153681934
-0.44877502816996484,1.4218697858163825,-0.4487752923094136,0.16131483893700016,-0.048363018877231004,0.02082541732220808,-0.00403369452368179,0.0036181984010353703,-8.260728707174431e-05,0.0020737187010422165
0.1613121813627502,-0.4487752923094136,1.4218684821127552,-0.4487744440341524,0.1613080269912411,-0.048349132650283316,0.02077554698284231,-0.0038994684241054054,0.003203917201468606,0.0011124897145198917
-0.048357884784992713,0.16131483893700016,-0.4487744440341524,1.421878475608986,-0.44878593757936,0.1613677813785395,-0.04848813496943212,0.02123897366043836,-0.0051890482676070614,0.00711751053422683
0.02080638918564002,-0.048363018877231004,0.1613080269912411,-0.44878593757936,1.4218669340939993,-0.44881726800528116,0.16136613288555107,-0.04861856251842946,0.021428953232722106,-0.006029287283973048
-0.003983176988368899,0.02082541732220808,-0.048349132650283316,0.1613677813785395,-0.44881726800528116,1.4221677534376578,-0.4494044859667501,0.16352916106535237,-0.054376423384395384,0.03930103555015779
0.0034611807097973705,-0.00403369452368179,0.02077554698284231,-0.04848813496943212,0.16136613288555107,-0.4494044859667501,1.4230475831548004,-0.453224445727134,0.17303072383272303,-0.08493170281520905
0.00036883972002353324,0.0036181984010353703,-0.0038994684241054054,0.02123897366043836,-0.04861856251842946,0.16352916106535237,-0.453224445727134,1.4379930248906727,-0.4920011339101507,0.29499670758032936
0.0007258017485924519,-8.260728707174431e-05,0.003203917201468606,-0.0051890482676070614,0.021428953232722106,-0.054376423384395384,0.17303072383272303,-0.4920011339101507,1.5368637360938466,-0.8058241858671217
0.0010004276153681934,0.0020737187010422165,0.0011124897145198917,0.00711751053422683,-0.006029287283973048,0.03930103555015779,-0.08493170281520905,0.29499670758032936,-0.8058241858671217,2.528235008862666
