0.13811646600564348,0.0033780440429945907,-0.046615565780724004,-0.019869371910927126,0.023962515728617562,0.02251110320632679,-0.007530000014400733,-0.018037767255873118,-0.0020213980270943834,0.011221853193868538
0.0033780440429945907,0.13601397106780785,0.0017947916542118247,-0.04438625616540844,-0.01629522837305232,0.022648710673413064,0.016502636962740225,-0.008917332553930155,-0.009928988060389929,0.004520256356444957
-0.046615565780724004,0.0017947916542118247,0.1371588717698345,0.004768218848866944,-0.044430655593900234,-0.02071296022842334,0.020267074045814452,0.021710358675479408,-0.0025136903244790203,-0.014075872860128227
-0.019869371910927126,-0.04438625616540844,0.004768218848866944,0.13551229545040572,-0.0005370507529393478,-0.04493678904606279,-0.013154983141364178,0.025201666166080237,0.013277261173896656,-0.014475957321264131
0.023962515728617562,-0.01629522837305232,-0.044430655593900234,-0.0005370507529393478,0.1326390007195082,0.005709619824419398,-0.03723120545778241,-0.018115659121515942,0.011068928134133004,0.012777554573584536
0.02251110320632679,0.022648710673413064,-0.02071296022842334,-0.04493678904606279,0.005709619824419398,0.1368471848937545,-0.001188466445366818,-0.047269898853401784,-0.0134849822944588,0.02846595022852719
-0.007530000014400733,0.016502636962740225,0.020267074045814452,-0.013154983141364178,-0.03723120545778241,-0.001188466445366818,0.12164120409310333,0.0005797532806124719,-0.023824066548756705,-0.0031094738263465647
-0.018037767255873118,-0.008917332553930155,0.021710358675479408,0.025201666166080237,-0.018115659121515942,-0.047269898853401784,0.0005797532806124719,0.13745254689132913,0.006726079783836678,-0.04377997893527168
-0.0020213980270943834,-0.009928988060389929,-0.0025136903244790203,0.013277261173896656,0.011068928134133004,-0.0134849822944588,-0.023824066548756705,0.006726079783836678,0.10621693870796928,-0.019658102661690397
0.011221853193868538,0.004520256356444957,-0.014075872860128227,-0.014475957321264131,0.012777554573584536,0.02846595022852719,-0.0031094738263465647,-0.04377997893527168,-0.019658102661690397,0.12108540010489614
