0.6117680678272861,0.24438558950999711,0.122454308591855,0.06292516942708373,0.03245250187961565,0.01673200157762689,0.008599491930053289,0.004365292568484103,0.002107369363814908,0.0007711866080627121
0.24438558950999711,0.6117653583117351,0.24438034098796863,0.12244414182420527,0.06290547551009715,0.032414351084296036,0.016658070981001433,0.008455896366521188,0.004082123230628082,0.0014938424474815002
0.122454308591855,0.24438034098796863,0.6117551915557357,0.24436064724458054,0.12240599332304908,0.06283157473858617,0.032271142323281786,0.01637991628331435,0.007907377457093806,0.0028936784428601555
0.06292516942708373,0.12244414182420527,0.24436064724458054,0.6117170433471367,0.24428675083234494,0.12226284217133568,0.06255416898666927,0.03173233650682008,0.015317395355660181,0.005605273277830364
0.03245250187961565,0.06290547551009715,0.12240599332304908,0.24428675083234494,0.6115738995418996,0.24400945454726125,0.12172548299616776,0.061510455020077084,0.029674140189073377,0.010858012362538489
0.01673200157762689,0.032414351084296036,0.06283157473858617,0.12226284217133568,0.24400945454726125,0.6110367248458977,0.24296848942918678,0.11970361364302423,0.057523338242307126,0.02103540323110125
0.008599491930053289,0.016658070981001433,0.032271142323281786,0.06255416898666927,0.12172548299616776,0.24296848942918678,0.6090194879943743,0.23905039966124259,0.11197709200956979,0.04078171691871213
0.004365292568484103,0.008455896366521188,0.01637991628331435,0.03173233650682008,0.061510455020077084,0.11970361364302423,0.23905039966124259,0.6014092942461396,0.22404213252389935,0.0794464917703451
0.002107369363814908,0.004082123230628082,0.007907377457093806,0.015317395355660181,0.029674140189073377,0.057523338242307126,0.11197709200956979,0.22404213252389935,0.5717998320850743,0.1597199405290426
0.0007711866080627121,0.0014938424474815002,0.0028936784428601555,0.005605273277830364,0.010858012362538489,0.02103540323110125,0.04078171691871213,0.0794464917703451,0.1597199405290426,0.4302450735860287
