2.791540770106075,1.2800680128775954,1.6111439007488615,1.029990984910944,0.9823291676274721,0.6871207935553402,0.5578246999157663,0.3558974764017102,0.22303760536237902,0.03723678181095211
1.2800680128775954,2.7502205823302313,1.232282530652963,1.5540315899528516,0.9652542581646684,0.9024588840250843,0.6011911351089012,0.4428636145072437,0.2481791364730071,0.046247834346459016
1.6111439007488615,1.232282530652963,2.6948486579361726,1.1663116356878258,1.4788693170246856,0.8732680016622589,0.8021611026471325,0.4697362102449608,0.31519898784408257,0.04920990419633756
1.029990984910944,1.5540315899528516,1.1663116356878258,2.615853565722742,1.077043363964663,1.3682031748694055,0.7551514054625683,0.6422037653473841,0.3230415995144527,0.06695426454828482
0.9823291676274721,0.9652542581646684,1.4788693170246856,1.077043363964663,2.5136283672895123,0.9529410024962535,1.231079877814608,0.5790820516978636,0.46507665361336226,0.060894433723557025
0.6871207935553402,0.9024588840250843,0.8732680016622589,1.3682031748694055,0.9529410024962535,2.3579157432625952,0.7900539837195083,1.0036658012357549,0.381626313899578,0.10426973077973856
0.5578246999157663,0.6011911351089012,0.8021611026471325,0.7551514054625683,1.231079877814608,0.7900539837195083,2.171440581650522,0.5635670447408319,0.7536048877013154,0.06016535862720854
0.3558974764017102,0.4428636145072437,0.4697362102449608,0.6422037653473841,0.5790820516978636,1.0036658012357549,0.5635670447408319,1.8312206881179978,0.30604094188619635,0.18696587214366447
0.22303760536237902,0.2481791364730071,0.31519898784408257,0.3230415995144527,0.46507665361336226,0.381626313899578,0.7536048877013154,0.30604094188619635,1.4631370490497113,-8.296465660153482e-05
0.03723678181095211,0.046247834346459016,0.04920990419633756,0.06695426454828482,0.060894433723557025,0.10426973077973856,0.06016535862720854,0.18696587214366447,-8.296465660153482e-05,0.43232196792043426
