11.985786271726067,-9.297766769276587,7.464753335677281,-5.9365187274143185,4.636193552355456,-3.5131809148230735,2.5245140465228997,-1.6326871935046552,0.8098640614122552,-0.1559822716071446
-9.297766769276587,11.818343689018633,-9.094225318496644,7.217330480598323,-5.635754135894022,4.2705881289640875,-3.0687729542374806,1.9846774676325638,-0.984462276246791,0.18961041667083045
7.464753335677281,-9.094225318496644,11.570920832086284,-8.79346068584116,6.851724191496565,-5.191328010312097,3.7303704640597912,-2.4125532598510313,1.196702043701075,-0.23048843806606983
-5.9365187274143185,7.217330480598323,-8.79346068584116,11.205314495719707,-8.349033511239863,6.311484449459705,-4.534645076675298,2.932676678714065,-1.4546985897437552,0.2801793382470598
4.636193552355456,-5.635754135894022,6.851724191496565,-8.349033511239863,10.66507354834711,-7.692323825770076,5.513227658531552,-3.5649769936081173,1.7683187205407145,-0.3405831866007082
-3.5131809148230735,4.2705881289640875,-5.191328010312097,6.311484449459705,-7.692323825770076,9.866786019244683,-6.721973524064799,4.334512071036155,-2.1495988506263592,0.4140117847205619
2.5245140465228997,-3.0687729542374806,3.7303704640597912,-4.534645076675298,5.513227658531552,-6.721973524064799,8.687286554420192,-5.289197609856403,2.614060418034857,-0.503319330055806
-1.6326871935046552,1.9846774676325638,-2.4125532598510313,2.932676678714065,-3.5649769936081173,4.334512071036155,-5.289197609856403,6.946844655360279,-3.1992444240535125,0.6128983358672409
0.8098640614122552,-0.984462276246791,1.196702043701075,-1.4546985897437552,1.7683187205407145,-2.1495988506263592,2.614060418034857,-3.1992444240535125,4.4358962550382275,-0.7674514320097985
-0.1559822716071446,0.18961041667083045,-0.23048843806606983,0.2801793382470598,-0.3405831866007082,0.4140117847205619,-0.503319330055806,0.6128983358672409,-0.7674514320097985,1.4965897654849678
