4.3385373863047505,2.2261707598784937,1.3662490483691745,0.8258002981880417,0.502410094234374,0.3037805667631305,0.18279035146568326,0.10785036053692654,0.060283753002785254,0.027947919119132428
2.2261707598784937,4.338271540613853,2.225733341513863,1.3655293078606774,0.8246160799809401,0.5004614438828295,0.30057471753252696,0.17751393928567985,0.0991735411857267,0.045990483980794
1.3662490483691745,2.225733341513863,4.337551819039664,2.2245490920087994,1.3635808120031239,0.8214098055169257,0.4951865730645576,0.29189304254442067,0.16323706170689647,0.07565618596949196
0.8258002981880417,1.3655293078606774,2.2245490920087994,4.335603220422906,2.221342987403306,1.358305102723828,0.8127304383314673,0.48090133029481086,0.26840203956539305,0.12453907125516517
0.502410094234374,0.8246160799809401,1.3635808120031239,2.221342987403306,4.330328068832541,2.2126626983713176,1.344024410402192,0.7892269105768074,0.44224873893300226,0.2047368404625734
0.3037805667631305,0.5004614438828295,0.8214098055169257,1.358305102723828,2.2126626983713176,4.31604434985317,2.189164173609861,1.3053471231064973,0.7256296852258948,0.3374662590178952
0.18279035146568326,0.30057471753252696,0.4951865730645576,0.8127304383314673,1.344024410402192,2.189164173609861,4.2773834886626645,2.125539796298004,1.200698671563024,0.553312473270019
0.10785036053692654,0.17751393928567985,0.29189304254442067,0.48090133029481086,0.7892269105768074,1.3053471231064973,2.125539796298004,4.172645890292795,1.9533699419245083,0.916865390122705
0.060283753002785254,0.0991735411857267,0.16323706170689647,0.26840203956539305,0.44224873893300226,0.7256296852258948,1.200698671563024,1.9533699419245083,3.8892964214522876,1.4873494021491673
0.027947919119132428,0.045990483980794,0.07565618596949196,0.12453907125516517,0.2047368404625734,0.3374662590178952,0.553312473270019,0.916865390122705,1.4873494021491673,3.119213396617281
