0.8013543903802577,-0.34255904278074206,0.2943128068838815,-0.22526810562883776,0.17467797112260058,-0.1333761245022949,0.09988183208974012,-0.07213876286845548,0.048521017032299746,-0.027969783548273217
-0.34255904278074206,0.7994035156192515,-0.34007995603099656,0.2911624949920052,-0.22126480565384982,0.16959090100105823,-0.1269106716963491,0.09167292194947213,-0.06165807545861893,0.035542834794152385
0.2943128068838815,-0.34007995603099656,0.7962532000606363,-0.3360766767707055,0.28607527560139934,-0.2148003782815979,0.1613748851875629,-0.1164791441605274,0.0783545326454977,-0.045165882050408904
-0.22526810562883776,0.2911624949920052,-0.3360766767707055,0.7911660129144896,-0.3296120672381689,0.27786057242574846,-0.2043598333175075,0.14811898154112843,-0.0995546501167387,0.05739757797909731
0.17467797112260058,-0.22126480565384982,0.28607527560139934,-0.3296120672381689,0.7829510261884732,-0.3191731241497637,0.2645931257437417,-0.187514636465788,0.12661254236097802,-0.07291929444642453
-0.1333761245022949,0.16959090100105823,-0.2148003782815979,0.27786057242574846,-0.3191731241497637,0.7696860729832248,-0.3023138407713657,0.24318819336592534,-0.16018195951021666,0.09279438541069918
0.09988183208974012,-0.1269106716963491,0.1613748851875629,-0.2043598333175075,0.2645931257437417,-0.3023138407713657,0.7482592135437758,-0.2751050374944445,0.2084774089212943,-0.11700741820457579
-0.07213876286845548,0.09167292194947213,-0.1164791441605274,0.14811898154112843,-0.187514636465788,0.24318819336592534,-0.2751050374944445,0.7137412506404952,-0.2308411795238396,0.15499646775050688
0.048521017032299746,-0.06165807545861893,0.0783545326454977,-0.0995546501167387,0.12661254236097802,-0.16018195951021666,0.2084774089212943,-0.2308411795238396,0.6585646811437719,-0.15330681994386042
-0.027969783548273217,0.035542834794152385,-0.045165882050408904,0.05739757797909731,-0.07291929444642453,0.09279438541069918,-0.11700741820457579,0.15499646775050688,-0.15330681994386042,0.6262844249778025
