0.820407144041351,0.1613937417493749,-0.22411976631309927,-0.0837339377860335,0.07874129021014649,0.03959262977061984,-0.0288647850586261,-0.01797391235899032,0.015920845201010957,0.010010975435649452
0.1613937417493749,0.8201568366946337,0.16178992830586592,-0.22336625791459824,-0.08457362377537953,0.07656322014665452,0.04122371946875942,-0.022772446805167722,-0.020666401376389476,-0.0006421384079575988
-0.22411976631309927,0.16178992830586592,0.821403100983132,0.16107622209332167,-0.22679607787535988,-0.08359082254085806,0.08575145948650208,0.0410119644982251,-0.046768087840499434,-0.026249451717118764
-0.0837339377860335,-0.22336625791459824,0.16107622209332167,0.8192572393710968,0.1623872848250244,-0.22086948342650675,-0.08549180213994065,0.06982270943591964,0.04189288395491422,-0.0050378314068882865
0.07874129021014649,-0.08457362377537953,-0.22679607787535988,0.1623872848250244,0.8285294032484019,0.1613416457676321,-0.24529699782143205,-0.08901244156611163,0.13257260711256785,0.06710937094159998
0.03959262977061984,0.07656322014665452,-0.08359082254085806,-0.22086948342650675,0.1613416457676321,0.8128193326955566,0.1600497399838204,-0.20469206006365817,-0.07526495655338739,0.030284344783715774
-0.0288647850586261,0.04122371946875942,0.08575145948650208,-0.08549180213994065,-0.24529699782143205,0.1600497399838204,0.8761390365835862,0.17960456535570468,-0.36468274005455326,-0.167122146631816
-0.01797391235899032,-0.022772446805167722,0.0410119644982251,0.06982270943591964,-0.08901244156611163,-0.20469206006365817,0.17960456535570468,0.7753355001750333,0.10287937732819358,-0.12163801441808095
0.015920845201010957,-0.020666401376389476,-0.046768087840499434,0.04189288395491422,0.13257260711256785,-0.07526495655338739,-0.36468274005455326,0.10287937732819358,1.1726022831881282,0.40436644099602054
0.010010975435649452,-0.0006421384079575988,-0.026249451717118764,-0.0050378314068882865,0.06710937094159998,0.030284344783715774,-0.167122146631816,-0.12163801441808095,0.40436644099602054,0.6163876601484685
