3.8882003152722646,2.7013919218629985,1.4597712985259523,0.29768053974883,-0.5532396545311553,-0.9980967559182268,-1.062587726612953,-0.8558833658420133,-0.5251061558835218,-0.21202344996245076
2.7013919218629985,3.8538258706465696,2.6525769569770903,1.4048997895872817,0.2504177292324449,-0.5757779544181074,-0.9789559377908656,-0.9900439344442726,-0.7290826510570999,-0.3588468475485515
1.4597712985259523,2.6525769569770903,3.7771656753327614,2.5590841953375927,1.315143393431775,0.19243706572427227,-0.5716323680676758,-0.8880139253265114,-0.8029619358147364,-0.4609883939936643
0.29768053974883,1.4048997895872817,2.5590841953375927,3.6565393886783246,2.435605616793578,1.224055369291373,0.1741144969185633,-0.48145594178792117,-0.670723750483126,-0.46968907885226385
-0.5532396545311553,0.2504177292324449,1.315143393431775,2.435605616793578,3.5217153575566433,2.324486564975852,1.1793062164401005,0.23660021952718407,-0.28547747493550757,-0.3434370381812736
-0.9980967559182268,-0.5757779544181074,0.19243706572427227,1.224055369291373,2.324486564975852,3.4150016730614126,2.2554995948325374,1.1841241065799966,0.34456225998067236,-0.06323589373641181
-1.062587726612953,-0.9789559377908656,-0.5716323680676758,0.1741144969185633,1.1793062164401005,2.2554995948325374,3.332029125827849,2.1771930572278846,1.1355321933119253,0.3524063522266158
-0.8558833658420133,-0.9900439344442726,-0.8880139253265114,-0.48145594178792117,0.23660021952718407,1.1841241065799966,2.1771930572278846,3.1590570116650505,1.921134566773505,0.8373067214815297
-0.5251061558835218,-0.7290826510570999,-0.8029619358147364,-0.670723750483126,-0.28547747493550757,0.34456225998067236,1.1355321933119253,1.921134566773505,2.684611499959448,1.2772639353117454
-0.21202344996245076,-0.3588468475485515,-0.4609883939936643,-0.46968907885226385,-0.3434370381812736,-0.06323589373641181,0.3524063522266158,0.8373067214815297,1.2772639353117454,1.7410061899051006
