36.69628705803625,28.29095962574411,26.781141232161097,22.573753542376533,19.539370018668606,15.986383406567167,12.703859334519976,9.206247250393364,6.04020090736676,2.182209708287514
28.29095962574411,33.66226131917329,25.220974979573658,23.668555989049338,19.43244338767297,16.335465002769574,12.797056122806545,9.347963222500493,6.103498516974124,2.212612110239797
26.781141232161097,25.220974979573658,30.55588298640137,22.071511047106192,20.489980315412723,16.190638774513076,13.10816005448157,9.401791567459792,6.2074891999576165,2.232750426895415
22.573753542376533,23.668555989049338,22.071511047106192,27.362689272612865,18.84890958724096,17.203021638950784,12.918964808722313,9.66483796556043,6.219954351854396,2.2778969101794795
19.539370018668606,19.43244338767297,20.489980315412723,18.84890958724096,24.110157885443407,15.532009824631075,13.900191444694007,9.44605649628993,6.448490261550045,2.2660179452807716
15.986383406567167,16.335465002769574,16.190638774513076,17.203021638950784,15.532009824631075,20.72624717452963,12.165613847258419,10.352967983701072,6.17762845821295,2.387948423372917
12.703859334519976,12.797056122806545,13.10816005448157,12.918964808722313,13.900191444694007,12.165613847258419,17.369978340417575,8.646336110164569,7.071679402947247,2.1997966468981502
9.206247250393364,9.347963222500493,9.401791567459792,9.66483796556043,9.44605649628993,10.352967983701072,8.646336110164569,13.63896803821159,5.259286309793104,2.734125679244229
6.04020090736676,6.103498516974124,6.2074891999576165,6.219954351854396,6.448490261550045,6.17762845821295,7.071679402947247,5.259286309793104,10.360564490911772,1.589077657512362
2.182209708287514,2.212612110239797,2.232750426895415,2.2778969101794795,2.2660179452807716,2.387948423372917,2.1997966468981502,2.734125679244229,1.589077657512362,4.966500945105453
