0.649970923346966,0.006648247740185553,0.00796621961492001,0.006490934414052191,0.005585219145008246,0.004586189759533257,0.0036207654220483457,0.002660695022559812,0.001709628693538333,0.0007576940098959165
0.006648247740185553,0.6493717503142232,0.006017206111872516,0.007301613991760296,0.005790981544224548,0.004848029092988393,0.0038098324086598264,0.0028029003957040547,0.0018004255494459382,0.0007980165529838804
0.00796621961492001,0.006017206111872516,0.6487071450749,0.005317251689582493,0.006564432279606738,0.005014582126937269,0.004030378984255793,0.0029484678299974976,0.0018968713872057857,0.0008403464819191494
0.006490934414052191,0.007301613991760296,0.005317251689582493,0.6479699613019589,0.004540860607342184,0.005746737394795691,0.004153443399503178,0.003123196100203865,0.0019942682970100043,0.0008856276622400204
0.005585219145008246,0.005790981544224548,0.006564432279606738,0.004540860607342184,0.6471522774813517,0.0036796771297042245,0.004839794909945588,0.0031980312892448994,0.002118147441258319,0.0009297497260089432
0.004586189759533257,0.004848029092988393,0.005014582126937269,0.005746737394795691,0.0036796771297042245,0.646245275593672,0.002724505279729216,0.0038334555668168204,0.002140022949111725,0.0009944049785763505
0.0036207654220483457,0.0038098324086598264,0.004030378984255793,0.004153443399503178,0.004839794909945588,0.002724505279729216,0.645239255179608,0.0016652070012554863,0.0027166426847997282,0.000969788629932877
0.002660695022559812,0.0028029003957040547,0.0029484678299974976,0.003123196100203865,0.0031980312892448994,0.0038334555668168204,0.0016652070012554863,0.6441207299928231,0.0005018982583715998,0.0014164806530027841
0.001709628693538333,0.0018004255494459382,0.0018968713872057857,0.0019942682970100043,0.002118147441258319,0.002140022949111725,0.0027166426847997282,0.0005018982583715998,0.6428297611890561,-0.0005223701024191947
0.0007576940098959165,0.0007980165529838804,0.0008403464819191494,0.0008856276622400204,0.0009297497260089432,0.0009944049785763505,0.000969788629932877,0.0014164806530027841,-0.0005223701024191947,0.6399920436013293
