1.3140861548512601,0.34286061739117274,0.031786261568513906,-0.15058400673107694,-0.1863387787092682,-0.12732901958074727,-0.04332538326543047,0.015041330012750414,0.03060216952201864,0.015385133370150024
0.34286061739117274,1.3124535101867976,0.3405100065584611,0.029882539859504224,-0.15026078484774713,-0.1822172997129601,-0.11938568185121305,-0.03436105330589901,0.01918736889119094,0.022924949848049294
0.031786261568513906,0.3405100065584611,1.3077020521457206,0.3349397501185994,0.02697189555566412,-0.14618231909000512,-0.16849808768316313,-0.09838999340674771,-0.015790785880362253,0.019541643389397477
-0.15058400673107694,0.029882539859504224,0.3349397501185994,1.2996267956666228,0.3283298914132142,0.027937753560057822,-0.13219590485978533,-0.14130443699159903,-0.06747744554678575,-0.0011343126647926677
-0.1863387787092682,-0.15026078484774713,0.02697189555566412,0.3283298914132142,1.2912261899923179,0.32293211967306445,0.03200211143989848,-0.11399527226352768,-0.11100872438924736,-0.03778792834973659
-0.12732901958074727,-0.1822172997129601,-0.14618231909000512,0.027937753560057822,0.32293211967306445,1.2783036689222391,0.30597788145396426,0.020350883268485657,-0.1073598951574995,-0.07614611267431776
-0.04332538326543047,-0.11938568185121305,-0.16849808768316313,-0.13219590485978533,0.03200211143989848,0.30597788145396426,1.235845290223413,0.2488569087223651,-0.020860851716275053,-0.08905510905374692
0.015041330012750414,-0.03436105330589901,-0.09838999340674771,-0.14130443699159903,-0.11399527226352768,0.020350883268485657,0.2488569087223651,1.1387621661261047,0.1515341288490548,-0.046204844416149804
0.03060216952201864,0.01918736889119094,-0.015790785880362253,-0.06747744554678575,-0.11100872438924736,-0.1073598951574995,-0.020860851716275053,0.1515341288490548,1.0120906547195587,0.0658866656235181
0.015385133370150024,0.022924949848049294,0.019541643389397477,-0.0011343126647926677,-0.03778792834973659,-0.07614611267431776,-0.08905510905374692,-0.046204844416149804,0.0658866656235181,0.8808040708885299
