0.7540023637687352,-0.2678823735378348,0.11553741392774056,-0.05056295887487881,0.022428668761970357,-0.009891986751247465,0.003919806861329429,-0.0005330968134191372,-0.00226103744104863,0.005932090245388551
-0.2678823735378348,0.7539100825672361,-0.2677323642657704,0.11529186521796517,-0.05015698814256893,0.021747952771733012,-0.00872836530444306,0.0018795304343995995,0.0031598754090202833,-0.009199962115555117
0.11553741392774056,-0.2677323642657704,0.7536665517381462,-0.26733448939596205,0.11463583929133636,-0.04906116663083861,0.019884365534364245,-0.005482505466227247,-0.003947748724603027,0.014007013364257602
-0.05056295887487881,0.11529186521796517,-0.26733448939596205,0.753018316850538,-0.2662699260161439,0.11286758041027914,-0.04607708239883899,0.01473928348452772,0.003638331198322995,-0.02067594517388452
0.022428668761970357,-0.05015698814256893,0.11463583929133636,-0.2662699260161439,0.7512801391776773,-0.2634065294576879,0.10809056122415746,-0.037966961569561586,0.0006450506462104442,0.02887208443416371
-0.009891986751247465,0.021747952771733012,-0.04906116663083861,0.11286758041027914,-0.2634065294576879,0.7466192635616453,-0.2557623838372388,0.0954174194115075,-0.016635583021863614,-0.03600675232732886
0.003919806861329429,-0.00872836530444306,0.019884365534364245,-0.04607708239883899,0.10809056122415746,-0.2557623838372388,0.7343945521705753,-0.2362301359618559,0.06425245008059527,0.03298618199266415
-0.0005330968134191372,0.0018795304343995995,-0.005482505466227247,0.01473928348452772,-0.037966961569561586,0.0954174194115075,-0.2362301359618559,0.7049609730736885,-0.19355481598289873,0.00667949231095862
-0.00226103744104863,0.0031598754090202833,-0.003947748724603027,0.003638331198322995,0.0006450506462104442,-0.016635583021863614,0.06425245008059527,-0.19355481598289873,0.6540729144505412,-0.15415821390636458
0.005932090245388551,-0.009199962115555117,0.014007013364257602,-0.02067594517388452,0.02887208443416371,-0.03600675232732886,0.03298618199266415,0.00667949231095862,-0.15415821390636458,0.7183005409883609
