2.6842590506195423,0.6734808839079536,0.5667222777861293,0.38143690466191904,0.2655546823065061,0.18236649646746134,0.12354812564096213,0.0810080642572146,0.04913815425334865,0.023990805166852106
0.6734808839079536,2.6834267655657813,0.6722862981770977,0.5650076803123841,0.3789759188201164,0.2620224896141744,0.17729606302530526,0.11627571046841331,0.07052787925014353,0.03443426155995653
0.5667222777861293,0.6722862981770977,2.6817121666288832,0.6698253220163745,0.5614754066547785,0.3739061329753028,0.25474485384735646,0.1668579047723474,0.10123341005112012,0.04942328120872254
0.38143690466191904,0.5650076803123841,0.6698253220163745,2.6781799098808676,0.6647554242878254,0.554198706599447,0.36346049047332496,0.23976288756824204,0.14526760570549344,0.07094164630932746
0.2655546823065061,0.3789759188201164,0.5614754066547785,0.6647554242878254,2.670903014402281,0.6543110748203965,0.5392059263510396,0.34195668648562394,0.20877384530945708,0.10179088267295348
0.18236649646746134,0.2620224896141744,0.3739061329753028,0.554198706599447,0.6543110748203965,2.655912492650325,0.632792327299235,0.5083418605765324,0.2974803442931957,0.1463609253065518
0.12354812564096213,0.17729606302530526,0.25474485384735646,0.36346049047332496,0.5392059263510396,0.632792327299235,2.625022325549053,0.58848868675076,0.4444845938033477,0.20798248565218
0.0810080642572146,0.11627571046841331,0.1668579047723474,0.23976288756824204,0.34195668648562394,0.5083418605765324,0.58848868675076,2.561466710460419,0.4969949241354274,0.3153518807633204
0.04913815425334865,0.07052787925014353,0.10123341005112012,0.14526760570549344,0.20877384530945708,0.2974803442931957,0.4444845938033477,0.4969949241354274,2.428847824490757,0.31709035319131107
0.023990805166852106,0.03443426155995653,0.04942328120872254,0.07094164630932746,0.10179088267295348,0.1463609253065518,0.20798248565218,0.3153518807633204,0.31709035319131107,2.1268215967208524
