0.40499884890024684,-0.19220138501195877,0.11206732650108771,-0.06374886326789786,0.03578446235473363,-0.019884279735820444,0.010869882183903624,-0.00567116487424585,0.0024779035152558736,-0.0001678113632916633
-0.19220138501195877,0.4049790184001078,-0.19216566925972348,0.11200300371603944,-0.06363303098322713,0.03557590881433179,-0.019508910399195716,0.010194702047779027,-0.00445821176236481,0.0003040069591990596
0.11206732650108771,-0.19216566925972348,0.4049146933935614,-0.19204982533989676,0.11179440298599529,-0.06325748650452827,0.03490010344372112,-0.018293766633927785,0.008013201728781186,-0.0005535884855020814
-0.06374886326789786,0.11200300371603944,-0.19204982533989676,0.4047060789137176,-0.19167420884625314,0.11111830553855395,-0.062041258710235705,0.03271473328172039,-0.014375584468568375,0.0010178057784425284
0.03578446235473363,-0.06363303098322713,0.11179440298599529,-0.19167420884625314,0.4040298963628999,-0.1904575353207409,0.10893112758842798,-0.05811636702672062,0.025695385221892512,-0.001904389761648612
-0.019884279735820444,0.03557590881433179,-0.06325748650452827,0.11111830553855395,-0.1904575353207409,0.40184219167166596,-0.1865298848165272,0.10190059035656461,-0.045603644249187905,0.003674658289515905
0.010869882183903624,-0.019508910399195716,0.03490010344372112,-0.062041258710235705,0.10893112758842798,-0.1865298848165272,0.39480839421434105,-0.17400008652058602,0.0798106088643808,-0.007459040694341606
-0.00567116487424585,0.010194702047779027,-0.018293766633927785,0.03271473328172039,-0.05811636702672062,0.10190059035656461,-0.17400008652058602,0.37269823379573647,-0.135749795296705,0.016322897930589005
0.0024779035152558736,-0.00445821176236481,0.008013201728781186,-0.014375584468568375,0.025695385221892512,-0.045603644249187905,0.0798106088643808,-0.135749795296705,0.3090856268765917,-0.03932443086020639
-0.0001678113632916633,0.0003040069591990596,-0.0005535884855020814,0.0010178057784425284,-0.001904389761648612,0.003674658289515905,-0.007459040694341606,0.016322897930589005,-0.03932443086020639,0.19700772237975267
