2.1036768595979156,0.46872061536864806,1.1174841630743542,0.39190065696897736,0.6312096487004677,0.2665203366077576,0.32729269684394713,0.13597463643861712,0.1105547527034583,0.008971480161160757
0.46872061536864806,2.0879099038784754,0.4513570994462558,1.0932627812629612,0.36658467377137505,0.5936388239232753,0.23021046995043237,0.26822702748604643,0.08527582345783055,0.01599649617599431
1.1174841630743542,0.4513570994462558,2.064462812670052,0.42583491971138143,1.0571634176667373,0.329505718665932,0.5374699766127685,0.17733318921080043,0.17954858728124004,0.012153228228608315
0.39190065696897736,1.0932627812629612,0.42583491971138143,2.0269468988162522,0.38913319733595453,0.9983025594924536,0.27803547093832653,0.44349185434847394,0.10819606023039832,0.02602884126929922
0.6312096487004677,0.36658467377137505,1.0571634176667373,0.38913319733595453,1.9706775929926532,0.3369728093447051,0.9092494210363775,0.206324201230967,0.2996677780988264,0.015302525425520398
0.2665203366077576,0.5936388239232753,0.329505718665932,0.9983025594924536,0.3369728093447051,1.8768832577096932,0.26652413841418643,0.7564151785063515,0.11814000901119112,0.04354416019110629
0.32729269684394713,0.23021046995043237,0.5374699766127685,0.27803547093832653,0.9092494210363775,0.26652413841418643,1.7327229465958358,0.17603004521448135,0.5167754922340201,0.016399709921004403
0.13597463643861712,0.26822702748604643,0.17733318921080043,0.44349185434847394,0.206324201230967,0.7564151785063515,0.17603004521448135,1.4772144641187617,0.07851566700664159,0.07529592599093424
0.1105547527034583,0.08527582345783055,0.17954858728124004,0.10819606023039832,0.2996677780988264,0.11814000901119112,0.5167754922340201,0.07851566700664159,1.0647665653982321,0.009951372357093596
0.008971480161160757,0.01599649617599431,0.012153228228608315,0.02602884126929922,0.015302525425520398,0.04354416019110629,0.016399709921004403,0.07529592599093424,0.009951372357093596,0.2753468426290442
