2.2938138826625765,0.4315870836590042,-0.8710179016239168,-0.741982586395056,0.028074440593727525,0.4019862467828734,0.2100838659035872,-0.07946171485483053,-0.1221740400348053,-0.011154555119282828
0.4315870836590042,2.292172889644267,0.43293584341262104,-0.8664900571749509,-0.7395057434982107,0.022397487328821124,0.39114790105671016,0.2086976858449373,-0.0608771764938218,-0.09916480365529189
-0.8710179016239168,0.43293584341262104,2.2861037385478267,0.42375918674118174,-0.86532121633894,-0.7211944664400279,0.040365762150593086,0.3769337678039619,0.1597289973378999,-0.08835578346761197
-0.741982586395056,-0.8664900571749509,0.42375918674118174,2.2676114498790207,0.420449150171871,-0.8346516014246171,-0.6813258640604057,0.027306350218092367,0.2886021645803423,0.08682064256316976
0.028074440593727525,-0.7395057434982107,-0.86532121633894,0.420449150171871,2.2618027996332937,0.42020266092264835,-0.824145589424046,-0.669315095270497,0.021022250793015486,0.2594073773180108
0.4019862467828734,0.022397487328821124,-0.7211944664400279,-0.8346516014246171,0.42020266092264835,2.204628883643923,0.3577859178547976,-0.786707593298662,-0.512339721138942,0.12418726202351721
0.2100838659035872,0.39114790105671016,0.040365762150593086,-0.6813258640604057,-0.824145589424046,0.3577859178547976,2.116496964845277,0.37667225126847537,-0.6024228175880978,-0.34472278674879187
-0.07946171485483053,0.2086976858449373,0.3769337678039619,0.027306350218092367,-0.669315095270497,-0.786707593298662,0.37667225126847537,2.0678056721360965,0.28808576449863765,-0.6095018781854686
-0.1221740400348053,-0.0608771764938218,0.1597289973378999,0.2886021645803423,0.021022250793015486,-0.512339721138942,-0.6024228175880978,0.28808576449863765,1.6284745988718394,-0.030687048926292898
-0.011154555119282828,-0.09916480365529189,-0.08835578346761197,0.08682064256316976,0.2594073773180108,0.12418726202351721,-0.34472278674879187,-0.6095018781854686,-0.030687048926292898,1.2910547612272831
