2.204657300812686,0.09483097391473139,0.36184270967188403,0.16394539669599972,0.13619624347386639,0.08568769011332025,0.05922673068948981,0.03758872082269012,0.022593819257873873,0.00917197910111451
0.09483097391473139,2.204260639314909,0.09425525199689022,0.361005626981313,0.1627334590535478,0.13442352378940142,0.08315825549468694,0.05539626042371422,0.032578047193718804,0.013381935842310046
0.36184270967188403,0.09425525199689022,2.2034250246504747,0.09304029678935417,0.3592465877339942,0.16016053323184276,0.13075213549884454,0.0775990515848724,0.048122218466390795,0.019212841290728824
0.16394539669599972,0.361005626981313,0.09304029678935417,2.201658507647834,0.0904827416840141,0.3555055147429388,0.15482286255433758,0.12266777003508242,0.0670279207488381,0.028671725834368063
0.13619624347386639,0.1627334590535478,0.3592465877339942,0.0904827416840141,2.1979555244586204,0.08506677644947785,0.34777610558881167,0.14312329724072767,0.10734486121124627,0.03892991139083431
0.08568769011332025,0.13442352378940142,0.16016053323184276,0.3555055147429388,0.08506677644947785,2.190032095449351,0.07376602388571754,0.3306451387429362,0.12077324884057714,0.06602512493842402
0.05922673068948981,0.08315825549468694,0.13075213549884454,0.15482286255433758,0.34777610558881167,0.07376602388571754,2.173889416868827,0.04938452380522265,0.29853519455529015,0.06258283696778076
0.03758872082269012,0.05539626042371422,0.0775990515848724,0.12266777003508242,0.14312329724072767,0.3306451387429362,0.04938452380522265,2.136745381223297,0.001541815036528326,0.20767473958250354
0.022593819257873873,0.032578047193718804,0.048122218466390795,0.0670279207488381,0.10734486121124627,0.12077324884057714,0.29853519455529015,0.001541815036528326,2.071527319967819,-0.1080995064353243
0.00917197910111451,0.013381935842310046,0.019212841290728824,0.028671725834368063,0.03892991139083431,0.06602512493842402,0.06258283696778076,0.20767473958250354,-0.1080995064353243,1.8340775780999374
