3.0942497173630326,2.178331179078142,1.313440517489737,0.6216484013728842,0.16876978453940938,-0.07032392009585953,-0.15485606656370537,-0.1452296562066383,-0.08889787301007643,-0.018541984063205067
2.178331179078142,3.0918430795666314,2.1760539881150547,1.31264738472635,0.6246084046873311,0.1786199531197896,-0.050137904566867536,-0.12199942314824394,-0.10108911954765804,-0.04250340332823582
1.313440517489737,2.1760539881150547,3.0910659598892,2.1790576292812354,1.3225804590238877,0.6449222081909897,0.21163838144283478,-0.005843876825778676,-0.07555052323991066,-0.0741267022844429
0.6216484013728842,1.31264738472635,2.1790576292812354,3.10103504759043,2.1994695742408936,1.3557853421669857,0.6895036308746502,0.2584511353393489,0.0214637416259124,-0.10641532969744472
0.16876978453940938,0.6246084046873311,1.3225804590238877,2.1994695742408936,3.1343209248185584,2.2442717168959336,1.4030174326438083,0.7174576000743766,0.22840463589630866,-0.12328551356446293
-0.07032392009585953,0.1786199531197896,0.6449222081909897,1.3557853421669857,2.2442717168959336,3.181735170857957,2.2727220849443346,1.3739140204727145,0.5741619866417439,-0.09664200508936835
-0.15485606656370537,-0.050137904566867536,0.21163838144283478,0.6895036308746502,1.4030174326438083,2.2727220849443346,3.153041426244254,2.130542871697084,1.0509883811937173,0.013906218991480049
-0.1452296562066383,-0.12199942314824394,-0.005843876825778676,0.2584511353393489,0.7174576000743766,1.3739140204727145,2.130542871697084,2.8310371286207374,1.5727978862076755,0.25524405955882495
-0.08889787301007643,-0.10108911954765804,-0.07555052323991066,0.0214637416259124,0.22840463589630866,0.5741619866417439,1.0509883811937173,1.5727978862076755,2.037364902837246,0.6642999468035945
-0.018541984063205067,-0.04250340332823582,-0.0741267022844429,-0.10641532969744472,-0.12328551356446293,-0.09664200508936835,0.013906218991480049,0.25524405955882495,0.6642999468035945,1.3512112832396241
