0.9295329202283937,0.13417949025133286,0.10008612553959395,0.07484128990486194,0.05569286547941845,0.040982920679983284,0.02952065609845442,0.020393661374873154,0.012875601818192589,0.0063533679500563526
0.13417949025133286,0.9290628515097146,0.13355733157356323,0.09926266739971809,0.07375139633705788,0.054250300439759244,0.03907341241669829,0.02699225340605919,0.01704152479827416,0.008408995134588645
0.10008612553959395,0.13355733157356323,0.928239394417286,0.1324674449098637,0.09782014056449707,0.07184209175623998,0.05172297392315593,0.03572694918889743,0.02255553850250254,0.011129754552333202
0.07484128990486194,0.09926266739971809,0.1324674449098637,0.9267968748850814,0.13055818846587303,0.09529308041704067,0.06849704864420512,0.04729376233704648,0.02985473468964881,0.014731013034288802
0.05569286547941845,0.07375139633705788,0.09782014056449707,0.13055818846587303,0.9242698656557472,0.12721348097363025,0.09086572601103361,0.06263473548215825,0.03952155153074648,0.01949852207681345
0.040982920679983284,0.054250300439759244,0.07184209175623998,0.09529308041704067,0.12721348097363025,0.919842866261289,0.12135350782132939,0.08310646384376609,0.05234755701479914,0.025814191787972153
0.02952065609845442,0.03907341241669829,0.05172297392315593,0.06849704864420512,0.09086572601103361,0.12135350782132939,0.9120860793070567,0.11108264437990381,0.06948938465729143,0.03420301226167704
0.020393661374873154,0.02699225340605919,0.03572694918889743,0.04729376233704648,0.06263473548215825,0.08310646384376609,0.11108264437990381,0.8984862578114652,0.09305185132019358,0.045462628136507664
0.012875601818192589,0.01704152479827416,0.02255553850250254,0.02985473468964881,0.03952155153074648,0.05234755701479914,0.06948938465729143,0.09305185132019358,0.8745798254366763,0.06119026605536674
0.0063533679500563526,0.008408995134588645,0.011129754552333202,0.014731013034288802,0.01949852207681345,0.025814191787972153,0.03420301226167704,0.045462628136507664,0.06119026605536674,0.8320880271865913
