0.9899081361730384,0.7430358596126282,0.6455004317439603,0.5527294617820709,0.467331504056288,0.3888074586131614,0.31456479704974066,0.23906977005951688,0.15047359130053917,0.021990031640147772
0.7430358596126282,0.980370095605275,0.7319189028723898,0.6324092908921488,0.536995798522643,0.4476755360919917,0.3625336387024669,0.2756418212472552,0.1735379409423732,0.025448263309625338
0.6455004317439603,0.7319189028723898,0.9674148194438217,0.7166676601054364,0.6140904707717714,0.5141354664549953,0.4171744126182872,0.31746389786268264,0.1999771740276578,0.029535595800814815
0.5527294617820709,0.6324092908921488,0.7166676601054364,0.9494718022907004,0.6951417075006129,0.5872879103763733,0.47850746398539634,0.3648046854150777,0.2300598747031422,0.034483159650443365
0.467331504056288,0.536995798522643,0.6140904707717714,0.6951417075006129,0.9237087163152273,0.6632046107420729,0.5451484422327146,0.41721937489388594,0.26374463133368053,0.040745084719360156
0.3888074586131614,0.4476755360919917,0.5141354664549953,0.5872879103763733,0.6632046107420729,0.8844444438560718,0.6121256003627746,0.47238537760632704,0.3001414956890982,0.04929455991517549
0.31456479704974066,0.3625336387024669,0.4171744126182872,0.47850746398539634,0.5451484422327146,0.6121256003627746,0.8196341966013537,0.5232861255799286,0.336205035972366,0.0623310008628412
0.23906977005951688,0.2756418212472552,0.31746389786268264,0.3648046854150777,0.41721937489388594,0.47238537760632704,0.5232861255799286,0.7054514200333193,0.36358331380476605,0.0849721161290996
0.15047359130053917,0.1735379409423732,0.1999771740276578,0.2300598747031422,0.26374463133368053,0.3001414956890982,0.336205035972366,0.36358331380476605,0.515063964912208,0.1293059660090197
0.021990031640147772,0.025448263309625338,0.029535595800814815,0.034483159650443365,0.040745084719360156,0.04929455991517549,0.0623310008628412,0.0849721161290996,0.1293059660090197,0.37811803215622664
