0.9016872928832917,-0.41251260142157037,0.19548800536952063,-0.09474064160465044,0.043612444365159264,-0.02260841263129205,0.008826320511145725,-0.006549302902419305,0.0007169914745069943,-0.003621943315367508
-0.41251260142157037,0.901497352613831,-0.41271706249356527,0.19521797154147247,-0.09498455301480375,0.04318475061632668,-0.02280054060879512,0.007967072585385185,-0.006211499644512537,-0.0016870313823715414
0.19548800536952063,-0.41271706249356527,0.9012633282826922,-0.41299469375259107,0.19490934518324066,-0.09537010602353949,0.04279592469596891,-0.023373208973159483,0.007558604991645676,-0.007220405934807342
-0.09474064160465044,0.19521797154147247,-0.41299469375259107,0.9008672103209595,-0.413298318272987,0.19423122344310131,-0.09547281319454595,0.041244481523360445,-0.02216995933206219,0.002662350889306552
0.043612444365159264,-0.09498455301480375,0.19490934518324066,-0.413298318272987,0.90040166529919,-0.4136000855651413,0.19338267693196204,-0.09541141950588072,0.039125293882383616,-0.020036352204870076
-0.02260841263129205,0.04318475061632668,-0.09537010602353949,0.19423122344310131,-0.4136000855651413,0.8990366250974019,-0.41305503921017717,0.18955567437310103,-0.09050346625281257,0.025231013890005136
0.008826320511145725,-0.02280054060879512,0.04279592469596891,-0.09547281319454595,0.19338267693196204,-0.41305503921017717,0.8964645376323748,-0.40932220782616596,0.1798108404566952,-0.07230866247692158
-0.006549302902419305,0.007967072585385185,-0.023373208973159483,0.041244481523360445,-0.09541141950588072,0.18955567437310103,-0.40932220782616596,0.8836706599014091,-0.3882722323467808,0.12901427214542624
0.0007169914745069943,-0.006211499644512537,0.007558604991645676,-0.02216995933206219,0.039125293882383616,-0.09050346625281257,0.1798108404566952,-0.3882722323467808,0.8402822965187327,-0.2964979658872228
-0.003621943315367508,-0.0016870313823715414,-0.007220405934807342,0.002662350889306552,-0.020036352204870076,0.025231013890005136,-0.07230866247692158,0.12901427214542624,-0.2964979658872228,0.6309239811756762
