0.9592863759969691,-0.5141320593785307,0.2673575770161263,-0.15287903904309336,0.08013819077180337,-0.04541341453056469,0.02388866755591379,-0.013233966757682047,0.006739522194022763,-0.002953626652779188
-0.5141320593785307,0.9592731576350378,-0.514113474520026,0.2673123348511683,-0.15281878886199612,0.07998275089642101,-0.04521963130935176,0.023352294067882334,-0.012617104226927522,0.004879558314776714
0.2673575770161263,-0.514113474520026,0.9592476045270962,-0.514049763149279,0.2672297590735302,-0.15259949467010095,0.07971826146982192,-0.04446135245920561,0.022514960540147823,-0.009981540814035463
-0.15287903904309336,0.2673123348511683,-0.514049763149279,0.9590927731030877,-0.513843170962114,0.2666978702242302,-0.1519348369453672,0.07788315752676167,-0.04234476400567619,0.016152507152446236
0.08013819077180337,-0.15281878886199612,0.2672297590735302,-0.513843170962114,0.9588260507586162,-0.5131318989398437,0.26584407879960364,-0.14947467414366208,0.07518235975967427,-0.033791145617758624
-0.04541341453056469,0.07998275089642101,-0.15259949467010095,0.2666978702242302,-0.5131318989398437,0.9569991412620462,-0.5108428030508814,0.2595420232245978,-0.1421819178977492,0.05333685003110863
0.02388866755591379,-0.04521963130935176,0.07971826146982192,-0.1519348369453672,0.26584407879960364,-0.5108428030508814,0.9542682712051935,-0.502922258976301,0.25091254565242826,-0.1146318034962778
-0.013233966757682047,0.023352294067882334,-0.04446135245920561,0.07788315752676167,-0.14947467414366208,0.2595420232245978,-0.502922258976301,0.932533121903388,-0.47767602410070525,0.17558617254688602
0.006739522194022763,-0.012617104226927522,0.022514960540147823,-0.04234476400567619,0.07518235975967427,-0.1421819178977492,0.25091254565242826,-0.47767602410070525,0.9053024387618347,-0.3898133875472978
-0.002953626652779188,0.004879558314776714,-0.009981540814035463,0.016152507152446236,-0.033791145617758624,0.05333685003110863,-0.1146318034962778,0.17558617254688602,-0.3898133875472978,0.644312462199521
