1.5243979140229813,0.24043084961956213,-0.2654091803243239,-0.2576012197381274,-0.055229388901434695,0.06545948112786254,0.06021957797398499,0.01203269614808924,-0.010713273053628868,-0.003980138097634784
0.24043084961956213,1.524405555983502,0.2403635305683825,-0.2655348411119897,-0.2576274678734904,-0.05494991484220137,0.06596717420426584,0.06030649401098628,0.010873402644417829,-0.012763163569828278
-0.2654091803243239,0.2403635305683825,1.5234736456851221,0.2390659983353619,-0.2652012373328121,-0.2537883316340045,-0.049748235712704675,0.06436628025677575,0.044500276349831606,-0.009961926083314787
-0.2576012197381274,-0.2655348411119897,0.2390659983353619,1.521748574953344,0.23965904247401262,-0.2598613435771311,-0.2468827309624012,-0.05249443625983741,0.042403370593321256,0.01688157465863177
-0.055229388901434695,-0.2576274678734904,-0.2652012373328121,0.23965904247401262,1.5218318568466436,0.23827608361236974,-0.2622546274102867,-0.2471251888088989,-0.046765738680716346,0.052055399918958446
0.06545948112786254,-0.05494991484220137,-0.2537883316340045,-0.2598613435771311,0.23827608361236974,1.506016359776437,0.21686964858897959,-0.255624793602368,-0.18201223835673755,0.038974950362241856
0.06021957797398499,0.06596717420426584,-0.049748235712704675,-0.2468827309624012,-0.2622546274102867,0.21686964858897959,1.4783739640765745,0.22794257819706049,-0.16758314665435436,-0.07146285312746656
0.01203269614808924,0.06030649401098628,0.06436628025677575,-0.05249443625983741,-0.2471251888088989,-0.255624793602368,0.22794257819706049,1.4789050272863025,0.20050637459205758,-0.2122002225826897
-0.010713273053628868,0.010873402644417829,0.044500276349831606,0.042403370593321256,-0.046765738680716346,-0.18201223835673755,-0.16758314665435436,0.20050637459205758,1.2108387513438057,-0.15212166041066472
-0.003980138097634784,-0.012763163569828278,-0.009961926083314787,0.01688157465863177,0.052055399918958446,0.038974950362241856,-0.07146285312746656,-0.2122002225826897,-0.15212166041066472,0.7687443728870418
