7.005333948733506,-5.65802859220753,4.808341911857033,-4.059683287044025,3.3745012073099496,-2.735824327998004,2.132933927577814,-1.5568557606593763,0.9980885155139574,-0.44282689013527815
-5.65802859220753,6.808395914767001,-5.437504247015357,4.561402129806052,-3.7831491276831053,3.0647752652615727,-2.3887488374138544,1.7434088341397114,-1.117646006644135,0.4958642943557641
4.808341911857033,-5.437504247015357,6.561460439984694,-5.160989685116051,4.251748809740673,-3.436328785387971,2.6761321282683945,-1.952571867016593,1.2515958623429733,-0.5552687138404172
-4.059683287044025,4.561402129806052,-5.160989685116051,6.2518236636073805,-4.814244614255422,3.8633846048329246,-3.0011318081196654,2.187706642468118,-1.401843122273648,0.62184026555993
3.3745012073099496,-3.7831491276831053,4.251748809740673,-4.814244614255422,5.863523000966348,-4.379336745289224,3.3760304627920776,-2.454167096192706,1.5709619618615678,-0.6965663316764068
-2.735824327998004,3.0647752652615727,-3.436328785387971,3.8633846048329246,-4.379336745289224,5.376412916939842,-3.8334824627156467,2.763400681513438,-1.763347491693212,0.7808662103353345
2.132933927577814,-2.3887488374138544,2.6761321282683945,-3.0011318081196654,3.3760304627920776,-3.8334824627156467,4.764720532412097,-3.1469278804928096,1.9891097511100273,-0.8774050936348263
-1.5568557606593763,1.7434088341397114,-1.952571867016593,2.187706642468118,-2.454167096192706,2.763400681513438,-3.1469278804928096,3.9940300273869,-2.277366907299477,0.9928578784120956
0.9980885155139574,-1.117646006644135,1.2515958623429733,-1.401843122273648,1.5709619618615678,-1.763347491693212,1.9891097511100273,-2.277366907299477,3.011606944784217,-1.1473577243129693
-0.44282689013527815,0.4958642943557641,-0.5552687138404172,0.62184026555993,-0.6965663316764068,0.7808662103353345,-0.8774050936348263,0.9928578784120956,-1.1473577243129693,1.6967060647319752
