16.91111935032141,13.755152180421979,12.247486871825673,10.445352944858332,8.879800657553368,7.262798722154942,5.739681368780482,4.202099608056832,2.7377727973052965,1.202952324624138
13.755152180421979,16.12649981095866,12.91314054957624,11.341616275640385,9.475254482262768,7.832119281200647,6.148722297121006,4.520920642798372,2.9366452789814743,1.2926242291808268
12.247486871825673,12.91314054957624,15.222877051681035,11.941027614954862,10.300497263221931,8.351033815361586,6.636337379712019,4.841206795434389,3.1620959530575763,1.3873445372045978
10.445352944858332,11.341616275640385,11.941027614954862,14.177001009838548,10.821070114419538,9.090827628944464,7.064986266657895,5.228883297032382,3.380918844149109,1.4922278038202745
8.879800657553368,9.475254482262768,10.300497263221931,10.821070114419538,12.97739853339801,9.526000555367682,7.712763736133312,5.559266334224254,3.6619280647839827,1.5986869890634707
7.262798722154942,7.832119281200647,8.351033815361586,9.090827628944464,9.526000555367682,11.578029818211455,8.039373631214064,6.083610931852142,3.873180810030367,1.7252414262855074
5.739681368780482,6.148722297121006,6.636337379712019,7.064986266657895,7.712763736133312,8.039373631214064,9.993963766696055,6.312882149687711,4.278551138368368,1.8371219200512403
4.202099608056832,4.520920642798372,4.841206795434389,5.228883297032382,5.559266334224254,6.083610931852142,6.312882149687711,8.093488238730085,4.362333168048238,2.004679920099177
2.7377727973052965,2.9366452789814743,3.1620959530575763,3.380918844149109,3.6619280647839827,3.873180810030367,4.278551138368368,4.362333168048238,6.0215424603805525,2.0912866914167703
1.202952324624138,1.2926242291808268,1.3873445372045978,1.4922278038202745,1.5986869890634707,1.7252414262855074,1.8371219200512403,2.004679920099177,2.0912866914167703,3.2446894449352963
