0.6488992187854968,0.3733460775508953,0.3316963315044428,0.27209673542207935,0.2270076945762294,0.18767104762630554,0.15446126502912055,0.12591006434380142,0.10166341794554136,0.07880219142485317
0.3733460775508953,0.647429508390229,0.3715935017750994,0.3296061925351552,0.26960521274121185,0.2240321203139048,0.1841434644413898,0.15015772784620635,0.12123040100968915,0.09397238357775177
0.3316963315044428,0.3715935017750994,0.6453396261157057,0.3691010873204149,0.3266351448157314,0.2660569414851144,0.2198256442669381,0.17901147886230828,0.14457821885328623,0.11205530750555764
0.27209673542207935,0.3296061925351552,0.3691010873204149,0.6423671499319219,0.3655577786396874,0.3224034792982037,0.2610400816369547,0.21370600593465602,0.17235348463760553,0.13365372517122595
0.2270076945762294,0.26960521274121185,0.3266351448157314,0.3655577786396874,0.638143433584817,0.3605133028716232,0.3164240162478221,0.25374143155778073,0.20578724364437953,0.15924797136260085
0.18767104762630554,0.2240321203139048,0.2660569414851144,0.3224034792982037,0.3605133028716232,0.6321197347017606,0.35336833086790453,0.3077252014507549,0.2442010632819146,0.19052360439516747
0.15446126502912055,0.1841434644413898,0.2198256442669381,0.2610400816369547,0.3164240162478221,0.35336833086790453,0.6236670850751862,0.3429727692485873,0.29680242676126184,0.22429787276330257
0.12591006434380142,0.15015772784620635,0.17901147886230828,0.21370600593465602,0.25374143155778073,0.3077252014507549,0.3429727692485873,0.61137444149209,0.32782858975035817,0.28100771235087474
0.10166341794554136,0.12123040100968915,0.14457821885328623,0.17235348463760553,0.20578724364437953,0.2442010632819146,0.29680242676126184,0.32782858975035817,0.6032028233219392,0.2719424263183703
0.07880219142485317,0.09397238357775177,0.11205530750555764,0.13365372517122595,0.15924797136260085,0.19052360439516747,0.22429787276330257,0.28100771235087474,0.2719424263183703,0.70945988215584
