0.5400070924670468,0.259640003339931,0.1760707758604121,0.11981929657916963,0.08322888147676616,0.05893093026190669,0.04502103334474066,0.03696605876731984,0.0362534879219743,0.03953445696137687
0.259640003339931,0.5402501918294371,0.26078774868747484,0.1768816361550743,0.12203705106998773,0.08537059883829301,0.06341717350917225,0.050198574365696455,0.04633655340842371,0.04825455722240686
0.1760707758604121,0.26078774868747484,0.5432185992012584,0.2637595978754932,0.18292313180706452,0.1291572343276177,0.09804121249155867,0.07984570557078517,0.07729494432115033,0.08349487960712307
0.11981929657916963,0.1768816361550743,0.2637595978754932,0.5456238838417409,0.2696088714641255,0.18902127391968906,0.14114666896663863,0.11250917053235415,0.1051088042401359,0.11050827154909279
0.08322888147676616,0.12203705106998773,0.18292313180706452,0.2696088714641255,0.557850295719686,0.283740227260726,0.2145661134996669,0.1738911779375613,0.16700572765968763,0.17934195100547243
0.05893093026190669,0.08537059883829301,0.1291572343276177,0.18902127391968906,0.283740227260726,0.5730668869670758,0.3128748602843635,0.2503943045679957,0.23551556783813293,0.24892722564155864
0.04502103334474066,0.06341717350917225,0.09804121249155867,0.14114666896663863,0.2145661134996669,0.3128748602843635,0.6263017389208736,0.38058313628348495,0.36377843849846075,0.389256803157354
0.03696605876731984,0.050198574365696455,0.07984570557078517,0.11250917053235415,0.1738911779375613,0.2503943045679957,0.38058313628348495,0.7103496453106333,0.5240709250575514,0.5555792606992966
0.0362534879219743,0.04633655340842371,0.07729494432115033,0.1051088042401359,0.16700572765968763,0.23551556783813293,0.36377843849846075,0.5240709250575514,0.9515921296419976,0.8502151669052849
0.03953445696137687,0.04825455722240686,0.08349487960712307,0.11050827154909279,0.17934195100547243,0.24892722564155864,0.389256803157354,0.5555792606992966,0.8502151669052849,1.3888349203044592
