0.18562224793509835,-0.012564572275967975,-0.0015514334663912295,0.005228409534114399,-0.004204016529580055,0.0021550633658622385,-0.0006287685412359858,-9.899892038421728e-05,0.0002340791678928113,-2.9654722507241682e-05
-0.012564572275967975,0.18562020161649395,-0.012562824793820348,-0.0015498626482187603,0.005218086255353033,-0.00417888509033887,0.002115145670709845,-0.0005939411672507319,-7.05241049845386e-05,3.663903767754482e-05
-0.0015514334663912295,-0.012562824793820348,0.18561766154048692,-0.01256109381213411,-0.0015466280271544685,0.005202938238059905,-0.004145049644927868,0.002065490489021664,-0.0005590376056284992,-1.041469671821918e-05
0.005228409534114399,-0.0015498626482187603,-0.01256109381213411,0.18560744660772394,-0.012536804077527322,-0.0015844320893193635,0.005234321657976592,-0.0041133913618678335,0.0018699831006801933,-8.933269178533116e-05
-0.004204016529580055,0.005218086255353033,-0.0015466280271544685,-0.012536804077527322,0.18552563983221876,-0.01237639272747091,-0.0017871557609459205,0.005303947106137297,-0.0036543039795885867,0.00029602137740226904
0.0021550633658622385,-0.00417888509033887,0.005202938238059905,-0.0015844320893193635,-0.01237639272747091,0.18517895311124702,-0.011884628441417243,-0.0020948924753357804,0.004597416700769317,-0.0005757467429740976
-0.0006287685412359858,0.002115145670709845,-0.004145049644927868,0.005234321657976592,-0.0017871557609459205,-0.011884628441417243,0.18440021454257427,-0.011210053234499192,-0.0015251426937093523,0.0007197572141408911
-9.899892038421728e-05,-0.0005939411672507319,0.002065490489021664,-0.0041133913618678335,0.005303947106137297,-0.0020948924753357804,-0.011210053234499192,0.1834289942784354,-0.010569169196895881,-0.0002268616186787911
0.0002340791678928113,-7.05241049845386e-05,-0.0005590376056284992,0.0018699831006801933,-0.0036543039795885867,0.004597416700769317,-0.0015251426937093523,-0.010569169196895881,0.17968570564338227,-0.0016895994043519013
-2.9654722507241682e-05,3.663903767754482e-05,-1.041469671821918e-05,-8.933269178533116e-05,0.00029602137740226904,-0.0005757467429740976,0.0007197572141408911,-0.0002268616186787911,-0.0016895994043519013,0.14940082291294898
