0.6952431559961441,0.0932143558051513,-0.1419171721856635,-0.07431504682628182,0.01812251782425547,0.028116686744164232,0.0037294410710576008,-0.007111293943331456,-0.0031803265386244842,0.001115909398118428
0.0932143558051513,0.6952500362912549,0.09323504499757729,-0.1419175353702792,-0.07438462218350789,0.018047588863101156,0.028267321645483647,0.0041448339594556596,-0.007160361409450927,-0.004622963872358562
-0.1419171721856635,0.09323504499757729,0.6952542859464229,0.09317051793623404,-0.1420023632984182,-0.0742617005693587,0.018465751211400358,0.028313949240120605,0.0027976652162488786,-0.008790611471801888
-0.07431504682628182,-0.1419175353702792,0.09317051793623404,0.6951848818446862,0.09331031939945111,-0.14161729985567192,-0.07430773713614673,0.017127842635627454,0.027003672138863802,0.0058372251785344595
0.01812251782425547,-0.07438462218350789,-0.1420023632984182,0.09331031939945111,0.6956215175145286,0.09332072352298063,-0.14306588033796788,-0.07592785286318093,0.020198365566854413,0.03578119182204787
0.028116686744164232,0.018047588863101156,-0.0742617005693587,-0.14161729985567192,0.09332072352298063,0.6943453776794691,0.09188932699069224,-0.14036540803798767,-0.06818633213091115,0.019641197132719244
0.0037294410710576008,0.028267321645483647,0.018465751211400358,-0.07430773713614673,-0.14306588033796788,0.09188932699069224,0.6976224350620349,0.10026186294026587,-0.14215990466125633,-0.09814525059034883
-0.007111293943331456,0.0041448339594556596,0.028313949240120605,0.017127842635627454,-0.07592785286318093,-0.14036540803798767,0.10026186294026587,0.6977558502321156,0.07241285282907714,-0.1730839822784992
-0.0031803265386244842,-0.007160361409450927,0.0027976652162488786,0.027003672138863802,0.020198365566854413,-0.06818633213091115,-0.14215990466125633,0.07241285282907714,0.6732780786245057,0.13874233274708234
0.001115909398118428,-0.004622963872358562,-0.008790611471801888,0.0058372251785344595,0.03578119182204787,0.019641197132719244,-0.09814525059034883,-0.1730839822784992,0.13874233274708234,0.8492691130540083
