2.896721487095189,-0.8606006693621572,0.8088494738622912,-0.687712416842567,0.5798809967979737,-0.47808331415446553,0.381625709127649,-0.2894266787532935,0.20016021502305423,-0.1170387588789269
-0.8606006693621572,2.86480213094915,-0.8251347423607439,0.7694429159449239,-0.6439273739179161,0.5312311013485381,-0.424026266911983,0.3215851232641182,-0.2224000759411498,0.13004297707325674
0.8088494738622912,-0.8251347423607439,2.825395572360854,-0.7813497079734594,0.7207929015456813,-0.5898719715237563,0.47116775662961863,-0.35731455049356997,0.24711117115734327,-0.1444920864041626
-0.687712416842567,0.7694429159449239,-0.7813497079734594,2.776745568275873,-0.7272941743332759,0.6607313854573535,-0.5231349686418012,0.3970436793162324,-0.27456577217060546,0.16054680858427559
0.5798809967979737,-0.6439273739179161,0.7207929015456813,-0.7272941743332759,2.716683893625092,-0.6605591891132192,0.5865791963721095,-0.44077492235549476,0.3051006468163182,-0.1783830623109337
-0.47808331415446553,0.5312311013485381,-0.5898719715237563,0.6607313854573535,-0.6605591891132192,2.642534142140711,-0.5781681250526118,0.49506832973477977,-0.3386161852006771,0.19823312787422837
0.381625709127649,-0.424026266911983,0.47116775662961863,-0.5231349686418012,0.5865791963721095,-0.5781681250526118,2.5509858019536886,-0.4764862281074419,0.3815570697389862,-0.2198457255936711
-0.2894266787532935,0.3215851232641182,-0.35731455049356997,0.3970436793162324,-0.44077492235549476,0.49506832973477977,-0.4764862281074419,2.4380506276279474,-0.3503852429981489,0.2499891921804187
0.20016021502305423,-0.2224000759411498,0.24711117115734327,-0.27456577217060546,0.3051006468163182,-0.3386161852006771,0.3815570697389862,-0.3503852429981489,2.297626511416726,-0.19867542276900615
-0.1170387588789269,0.13004297707325674,-0.1444920864041626,0.16054680858427559,-0.1783830623109337,0.19823312787422837,-0.2198457255936711,0.2499891921804187,-0.19867542276900615,2.2054808127744647
