1.6448944349031531,0.7578748954699481,0.0412641877263339,-0.2609041184030244,-0.23344423522761348,-0.09289374112724463,0.012941139479216626,0.045402390574230386,0.030877726469526433,0.008030664716168442
0.7578748954699481,1.644675925575462,0.7575798510918627,0.04119322315833951,-0.26029942053417715,-0.23196852486647343,-0.09128697509797842,0.012594926541573457,0.040541743478429274,0.021366114003374966
0.0412641877263339,0.7575798510918627,1.6441072741976162,0.7571197494438849,0.04166692190499402,-0.25810619198623364,-0.22849073450083016,-0.08946993263005157,0.007565045270690618,0.025121229274947206
-0.2609041184030244,0.04119322315833951,0.7571197494438849,1.6433048490153015,0.7565827144685073,0.04257544386118932,-0.2547853948703763,-0.22371544910225946,-0.08776811352306008,-0.0010382765718228038
-0.23344423522761348,-0.26029942053417715,0.04166692190499402,0.7565827144685073,1.640941248323573,0.752902814468155,0.04076284139063906,-0.24922778281983488,-0.20717724103732335,-0.06663499521876945
-0.09289374112724463,-0.23196852486647343,-0.25810619198623364,0.04257544386118932,0.752902814468155,1.6307385621158528,0.7405098661811036,0.040408977604882206,-0.2182079856986306,-0.13990312734065613
0.012941139479216626,-0.09128697509797842,-0.22849073450083016,-0.2547853948703763,0.04076284139063906,0.7405098661811036,1.608871597297228,0.7255024447146794,0.06436995405972733,-0.1284628590183644
0.045402390574230386,0.012594926541573457,-0.08946993263005157,-0.22371544910225946,-0.24922778281983488,0.040408977604882206,0.7255024447146794,1.577670607489446,0.6972287011718992,0.08388114271458666
0.030877726469526433,0.040541743478429274,0.007565045270690618,-0.08776811352306008,-0.20717724103732335,-0.2182079856986306,0.06436995405972733,0.6972287011718992,1.4557404243350847,0.5088564205388579
0.008030664716168442,0.021366114003374966,0.025121229274947206,-0.0010382765718228038,-0.06663499521876945,-0.13990312734065613,-0.1284628590183644,0.08388114271458666,0.5088564205388579,1.002689622780285
