2.7698083242822356,-1.334655693490575,1.236118584243153,-0.9315266216818514,0.7626655619379779,-0.5866947628382123,0.4483151573908283,-0.32369454828352384,0.2105924621721357,-0.11452918610906722
-1.334655693490575,2.7540006567398865,-1.3153348754929919,1.2125588234529339,-0.9026552208404681,0.7276561277286268,-0.5432817521778209,0.39699405612596705,-0.2565978607997496,0.1401148787618368
1.236118584243153,-1.3153348754929919,2.730385811429573,-1.2865392529578688,1.1772704254949262,-0.859866327454901,0.6745916253563918,-0.4805629956485822,0.31496413522272393,-0.17051234811255064
-0.9315266216818514,1.2125588234529339,-1.2865392529578688,2.6952721310238337,-1.2435100052919656,1.1250907427281602,-0.795167990411936,0.598091439006222,-0.3805915240917494,0.20984827856453775
0.7626655619379779,-0.9026552208404681,1.1772704254949262,-1.2435100052919656,2.642538277629482,-1.179574026012416,1.0457840779807337,-0.7014753692705611,0.47543632296697547,-0.25214984080603864
-0.5866947628382123,0.7276561277286268,-0.859866327454901,1.1250907427281602,-1.179574026012416,2.564989336021439,-1.0834633519924863,0.9320305741408417,-0.5531183745002537,0.3187227498502843
0.4483151573908283,-0.5432817521778209,0.6745916253563918,-0.795167990411936,1.0457840779807337,-1.0834633519924863,2.445660670884772,-0.9427759580370167,0.7470827912667737,-0.3613126302338352
-0.32369454828352384,0.39699405612596705,-0.4805629956485822,0.598091439006222,-0.7014753692705611,0.9320305741408417,-0.9427759580370167,2.278396232326216,-0.7266437082666641,0.5138793894974978
0.2105924621721357,-0.2565978607997496,0.31496413522272393,-0.3805915240917494,0.47543632296697547,-0.5531183745002537,0.7470827912667737,-0.7266437082666641,1.9891046477160512,-0.439084311868405
-0.11452918610906722,0.1401148787618368,-0.17051234811255064,0.20984827856453775,-0.25214984080603864,0.3187227498502843,-0.3613126302338352,0.5138793894974978,-0.439084311868405,1.6450159001466953
