2.0238627827382496,0.5848188984800659,0.3885241992656221,0.2984127257284671,0.2407533723056925,0.19492846818745393,0.154692832347318,0.11751304453620434,0.08106262806704138,0.040012266959342846
0.5848188984800659,2.0157030495558157,0.5754444474989948,0.3777522695834497,0.2860278633512846,0.22648773567667174,0.17839923481626152,0.13518260692638737,0.09317189214918142,0.04597499219488998
0.3885241992656221,0.5754444474989948,2.004933048283527,0.5630689259653681,0.3635236925560184,0.2696384898833469,0.20749765546566884,0.1559838935181672,0.10721533598131971,0.05285155511113497
0.2984127257284671,0.3777522695834497,0.5630689259653681,1.9907126568894828,0.5467192021183462,0.344690921387346,0.2478168200360455,0.18173827508976925,0.12383815861062059,0.06084996653022409
0.2407533723056925,0.2860278633512846,0.3635236925560184,0.5467192021183462,1.971914631754058,0.5250658353187715,0.3195992798358694,0.21819107680077054,0.14474486691483013,0.07040337471315478
0.19492846818745393,0.22648773567667174,0.2696384898833469,0.344690921387346,0.5250658353187715,1.9469704787070579,0.4961544978008722,0.28544026141396805,0.17545304785056937,0.08272691023525182
0.154692832347318,0.17839923481626152,0.20749765546566884,0.2478168200360455,0.3195992798358694,0.4961544978008722,1.9134375133024273,0.4564489482734313,0.23545360346719496,0.1018678204176956
0.11751304453620434,0.13518260692638737,0.1559838935181672,0.18173827508976925,0.21819107680077054,0.28544026141396805,0.4564489482734313,1.8661082989430382,0.3957358622943621,0.14227225121869796
0.08106262806704138,0.09317189214918142,0.10721533598131971,0.12383815861062059,0.14474486691483013,0.17545304785056937,0.23545360346719496,0.3957358622943621,1.7842071517655371,0.25673494686030474
0.040012266959342846,0.04597499219488998,0.05285155511113497,0.06084996653022409,0.07040337471315478,0.08272691023525182,0.1018678204176956,0.14227225121869796,0.25673494686030474,1.506445965404338
