1.8054085303848335,-0.64119504217664,-0.8640276907959341,0.9669291446869271,0.005328574752145417,-0.628539121754522,0.3517043636214524,0.1546877637316854,-0.2293070245775687,0.04283728022085076
-0.64119504217664,1.7608290452556414,-0.6236238785777696,-0.8187010793052524,0.9048525903534386,-0.003350669121350021,-0.5373764500258925,0.2862904707514736,0.0869419196809263,-0.08366162520419199
-0.8640276907959341,-0.6236238785777696,1.7201067435344009,-0.6128941244471322,-0.7727941038478178,0.8515226300549896,-0.02021407794820722,-0.4510992513216198,0.2360608984031593,0.012945195722995172
0.9669291446869271,-0.8187010793052524,-0.6128941244471322,1.6498258087816882,-0.5679170577907058,-0.71595223838825,0.7426980392149405,-0.004888153194904976,-0.3171257082078239,0.10201148575466948
0.005328574752145417,0.9048525903534386,-0.7727941038478178,-0.5679170577907058,1.5497844554404063,-0.5440021683222803,-0.6011054542637811,0.6132345630884519,-0.05042097769932883,-0.10379160646757558
-0.628539121754522,-0.003350669121350021,0.8515226300549896,-0.71595223838825,-0.5440021683222803,1.4527990076502193,-0.4942335978866069,-0.5122598160887748,0.4708617117131292,-0.049922973695461045
0.3517043636214524,-0.5373764500258925,-0.02021407794820722,0.7426980392149405,-0.6011054542637811,-0.4942335978866069,1.2556172757793123,-0.39459761782604164,-0.3303167226213941,0.18238507250508038
0.1546877637316854,0.2862904707514736,-0.4510992513216198,-0.004888153194904976,0.6132345630884519,-0.5122598160887748,-0.39459761782604164,1.0513506990944066,-0.35630080543122017,-0.08690798737326677
-0.2293070245775687,0.0869419196809263,0.2360608984031593,-0.3171257082078239,-0.05042097769932883,0.4708617117131292,-0.3303167226213941,-0.35630080543122017,0.7732781883513032,-0.1727330437583926
0.04283728022085076,-0.08366162520419199,0.012945195722995172,0.10201148575466948,-0.10379160646757558,-0.049922973695461045,0.18238507250508038,-0.08690798737326677,-0.1727330437583926,0.28929713848923655
