9.009554662128735,3.6582188895858208,-2.1737754565037273,-3.7417943068793056,-1.701042049147623,0.7139527325172692,1.40842129072964,0.6641119793541211,-0.11950140652385385,-0.18295348762986818
3.6582188895858208,8.983499506501422,3.6322804964887165,-2.163891810046881,-3.6824638819848827,-1.636192719029518,0.6994647663340021,1.2742566641480593,0.5036364459622198,-0.1059103653798164
-2.1737754565037273,3.6322804964887165,8.91520608724938,3.583251308960161,-2.1117081423219455,-3.5238808711415572,-1.5081857718457354,0.5979127874240494,0.908307322490822,0.1750522170945891
-3.7417943068793056,-2.163891810046881,3.583251308960161,8.829860401757902,3.551207730327655,-2.005982670417323,-3.3209658133935447,-1.4129220116203243,0.3729870709811592,0.42895412028671487
-1.701042049147623,-3.6824638819848827,-2.1117081423219455,3.551207730327655,8.693643779461173,3.41877185978569,-1.949916555384446,-3.0102721093888385,-1.0809075956913123,0.28661198552559475
0.7139527325172692,-1.636192719029518,-3.5238808711415572,-2.005982670417323,3.41877185978569,8.324084560137786,3.1395150987782365,-1.686858766850607,-2.1543837343736203,-0.35735057080862487
1.40842129072964,0.6994647663340021,-1.5081857718457354,-3.3209658133935447,-1.949916555384446,3.1395150987782365,7.838380849173675,2.9575606595725477,-1.0846104695295011,-0.9995249839170631
0.6641119793541211,1.2742566641480593,0.5979127874240494,-1.4129220116203243,-3.0102721093888385,-1.686858766850607,2.9575606595725477,7.123405433817134,2.286642889948268,-0.7567685798007953
-0.11950140652385385,0.5036364459622198,0.908307322490822,0.3729870709811592,-1.0809075956913123,-2.1543837343736203,-1.0846104695295011,2.286642889948268,5.133983000522207,0.7094264034823483
-0.18295348762986818,-0.1059103653798164,0.1750522170945891,0.42895412028671487,0.28661198552559475,-0.35735057080862487,-0.9995249839170631,-0.7567685798007953,0.7094264034823483,2.3710953393694822
