4.088714445128245,1.8383125358745316,1.8844111071240683,0.9994304080471504,0.9101706288606595,0.5197225410317888,0.4430653484507041,0.24434217720255633,0.2185215824717822,0.0605705173901429
1.8383125358745316,4.0840673523943956,1.835524116694717,1.8741235404401926,0.9958534601420469,0.8866140932498145,0.5182559975077083,0.3870991740268415,0.2576958185184669,0.08048172432263696
1.8844111071240683,1.835524116694717,4.085372773559124,1.8284536224853345,1.8793801749226642,0.9773384771059904,0.904781038398579,0.4684456963821397,0.44561179271952456,0.1207880641686152
0.9994304080471504,1.8741235404401926,1.8284536224853345,4.062869017951116,1.8183042316048508,1.828551546887066,0.9683521065725144,0.7857756311228281,0.48278934544328633,0.15632082003706543
0.9101706288606595,0.9958534601420469,1.8793801749226642,1.8183042316048508,4.078514992325144,1.7892857429833255,1.8747618761519793,0.8849394004072918,0.9215665884252148,0.24212996624595112
0.5197225410317888,0.8866140932498145,0.9773384771059904,1.828551546887066,1.7892857429833255,3.9655462628262796,1.7538416381592787,1.614929776193343,0.8783658833144528,0.3013575741114449
0.4430653484507041,0.5182559975077083,0.904781038398579,0.9683521065725144,1.8747618761519793,1.7538416381592787,4.086881884530513,1.6324032473414114,1.9420736394793108,0.4889865969247268
0.24434217720255633,0.3870991740268415,0.4684456963821397,0.7857756311228281,0.8849394004072918,1.614929776193343,1.6324032473414114,3.5012873941284406,1.5180776178641562,0.5742701176321416
0.2185215824717822,0.2576958185184669,0.44561179271952456,0.48278934544328633,0.9215665884252148,0.8783658833144528,1.9420736394793108,1.5180776178641562,4.3191130715711195,0.9978635002129824
0.0605705173901429,0.08048172432263696,0.1207880641686152,0.15632082003706543,0.24212996624595112,0.3013575741114449,0.4889865969247268,0.5742701176321416,0.9978635002129824,1.2005583298953055
