4.119956584490251,1.57061484559614,-0.45110135828273423,-1.1424455589234273,-0.6608941141252114,0.05258563146622038,0.35359565710851815,0.23569515589041654,0.028779936562354863,-0.032438911989353794
1.57061484559614,4.11609054713751,1.5663736724598591,-0.4500185145191221,-1.1324298122159513,-0.6476101253794415,0.05331475773910583,0.3285672666040237,0.1957375668181524,0.016549972889289853
-0.45110135828273423,1.5663736724598591,4.1041569419827395,1.5563552573510473,-0.44194599825310654,-1.100282993990498,-0.6140230198512517,0.04172643562156521,0.2446122278449275,0.08933141034147091
-1.1424455589234273,-0.4500185145191221,1.5563552573510473,4.0866055130045265,1.5490631880109664,-0.4186181029212126,-1.0500230175943197,-0.5825886563069481,-0.008832496498850335,0.10491373949319296
-0.6608941141252114,-1.1324298122159513,-0.44194599825310654,1.5490631880109664,4.059490574503912,1.5216844857007419,-0.40737983448451387,-0.9788285110847722,-0.4951336602539532,-0.014379062568810202
0.05258563146622038,-0.6476101253794415,-1.100282993990498,-0.4186181029212126,1.5216844857007419,3.9714279952061293,1.440040897543956,-0.3596825049371421,-0.7446934662704485,-0.22866270217583612
0.35359565710851815,0.05331475773910583,-0.6140230198512517,-1.0500230175943197,-0.40737983448451387,1.440040897543956,3.823643477053814,1.3733016414241925,-0.17147776800477227,-0.32363798231210716
0.23569515589041654,0.3285672666040237,0.04172643562156521,-0.5825886563069481,-0.9788285110847722,-0.3596825049371421,1.3733016414241925,3.627026194316614,1.202061433917621,-0.0479835284955845
0.028779936562354863,0.1957375668181524,0.2446122278449275,-0.008832496498850335,-0.4951336602539532,-0.7446934662704485,-0.17147776800477227,1.202061433917621,2.99296678592869,0.5632544028938264
-0.032438911989353794,0.016549972889289853,0.08933141034147091,0.10491373949319296,-0.014379062568810202,-0.22866270217583612,-0.32363798231210716,-0.0479835284955845,0.5632544028938264,1.766643603610364
