5.3798320142787235,-3.9641879091597656,2.9272185696820943,-2.0951508522472753,1.4704755323139587,-1.0127733603463367,0.6779928047157524,-0.42937607752179074,0.2398402163127668,-0.09401038811170798
-3.9641879091597656,5.37153458583679,-3.952343477247373,2.9103320202764493,-2.071133923031491,1.4364773157725867,-0.9650865594336733,0.6123271918014402,-0.34236709467420046,0.13427142791069901
2.9272185696820943,-3.952343477247373,5.3546268536759225,-3.9282381619510964,2.8760480678794145,-2.022601444631676,1.368403466789506,-0.8713450671956149,0.48810957723410175,-0.19163137910977418
-2.0951508522472753,2.9103320202764493,-3.9282381619510964,5.3202598418979505,-3.8793591142286736,2.806853824356941,-1.9255439791969973,1.2347429542184987,-0.6942106109481574,0.27310162242232794
1.4704755323139587,-2.071133923031491,2.8760480678794145,-3.8793591142286736,5.250739915493885,-3.7809427210680004,2.668800149713261,-1.7354073106312922,0.9827085949507421,-0.38812695412306814
-1.0127733603463367,1.4364773157725867,-2.022601444631676,2.806853824356941,-3.7809427210680004,5.111409210631988,-3.585477581561533,2.399539829127245,-1.378340875857004,0.5486240290348753
0.6779928047157524,-0.9650865594336733,1.368403466789506,-1.9255439791969973,2.668800149713261,-3.585477581561533,4.837141546183548,-3.207517760021028,1.8979108069792792,-0.7672818235387865
-0.42937607752179074,0.6123271918014402,-0.8713450671956149,1.2347429542184987,-1.7354073106312922,2.399539829127245,-3.207517760021028,4.315878303796389,-2.514533965048525,1.0503194962836007
0.2398402163127668,-0.34236709467420046,0.48810957723410175,-0.6942106109481574,0.9827085949507421,-1.378340875857004,1.8979108069792792,-2.514533965048525,3.3912995492596587,-1.3739322371463547
-0.09401038811170798,0.13427142791069901,-0.19163137910977418,0.27310162242232794,-0.38812695412306814,0.5486240290348753,-0.7672818235387865,1.0503194962836007,-1.3739322371463547,1.9555606070632834
