37.27904175006434,-34.06256023824925,29.421217850461254,-24.24583724052186,18.997745165392224,-13.910815783945452,9.149657387466855,-4.93193188588094,1.674605282558839,-0.23546213674962993
-34.06256023824925,35.063656018016346,-31.562818493395657,26.61528782599347,-21.125416973842228,15.5860360648683,-10.298710121574391,5.568032166877878,-1.8954417488625388,0.26697577499515057
29.421217850461254,-31.562818493395657,32.24304192044797,-28.396677670322163,23.094213185251164,-17.275509397397293,11.50969856365917,-6.2561454696781045,2.139343013987325,-0.3022473947452107
-24.24583724052186,26.61528782599347,-28.396677670322163,28.688976590651418,-24.444049775812584,18.772164258752994,-12.698675476342888,6.969539935681201,-2.4026047349364905,0.3412680013326287
18.997745165392224,-21.125416973842228,23.094213185251164,-24.444049775812584,24.292807523452606,-19.63643424194477,13.679966072455116,-7.644792628803684,2.674327814357031,-0.38351845869131734
-13.910815783945452,15.5860360648683,-17.275509397397293,18.772164258752994,-19.63643424194477,19.03408370780369,-14.064054627492881,8.14448735143351,-2.9288991975713294,0.4274025850700067
9.149657387466855,-10.298710121574391,11.50969856365917,-12.698675476342888,13.679966072455116,-14.064054627492881,13.124472059232001,-8.183255144944109,3.1110566713294943,-0.4691168267232164
-4.93193188588094,5.568032166877878,-6.2561454696781045,6.969539935681201,-7.644792628803684,8.14448735143351,-8.183255144944109,7.250477388932048,-3.1062797750466307,0.500404519654758
1.674605282558839,-1.8954417488625388,2.139343013987325,-2.4026047349364905,2.674327814357031,-2.9288991975713294,3.1110566713294943,-3.1062797750466307,2.751331149766088,-0.5041030270936089
-0.23546213674962993,0.26697577499515057,-0.3022473947452107,0.3412680013326287,-0.38351845869131734,0.4274025850700067,-0.4691168267232164,0.500404519654758,-0.5041030270936089,0.5145025013494006
