4.728036327955994,-0.776874814394696,-2.5061633504149956,1.3872295600502378,1.1304475147690236,-1.2524188819211861,-0.24515539562417732,0.7566473403330904,-0.1260207608454692,-0.18585373197084304
-0.776874814394696,4.704155990498044,-0.7502032029975936,-2.4851186375419054,1.3373508468871627,1.1255854474366642,-1.1770368742165953,-0.27716372594896865,0.6631413591728834,-0.03075139648510283
-2.5061633504149956,-0.7502032029975936,4.603643200339345,-0.7370141414808592,-2.34513930979113,1.2454595821766437,0.9687892229555841,-0.9614576826786739,-0.15997563143992616,0.2874372091064823
1.3872295600502378,-2.4851186375419054,-0.7370141414808592,4.566059629982833,-0.7367803084391158,-2.2903611169354336,1.2166974020581431,0.9036956846368955,-0.8856713228427844,-0.10421173306321596
1.1304475147690236,1.3373508468871627,-2.34513930979113,-0.7367803084391158,4.361466068747675,-0.6309724378629156,-2.0464011968439504,0.9355665745816342,0.6931950235305404,-0.36580038799716086
-1.2524188819211861,1.1255854474366642,1.2454595821766437,-2.2903611169354336,-0.6309724378629156,4.226553445434748,-0.7155325263571748,-1.805457674113792,0.93407725948104,0.3420138843803621
-0.24515539562417732,-1.1770368742165953,0.9687892229555841,1.2166974020581431,-2.0464011968439504,-0.7155325263571748,3.9140658335802003,-0.429884731643561,-1.4971999829457114,0.35688889078886676
0.7566473403330904,-0.27716372594896865,-0.9614576826786739,0.9036956846368955,0.9355665745816342,-1.805457674113792,-0.429884731643561,3.413909122438892,-0.5876428216516743,-0.6847554661577757
-0.1260207608454692,0.6631413591728834,-0.15997563143992616,-0.8856713228427844,0.6931950235305404,0.93407725948104,-1.4971999829457114,-0.5876428216516743,3.0454770946651304,-0.16604670050750997
-0.18585373197084304,-0.03075139648510283,0.2874372091064823,-0.10421173306321596,-0.36580038799716086,0.3420138843803621,0.35688889078886676,-0.6847554661577757,-0.16604670050750997,1.6399765877835066
