10.37318311985754,-6.7371792042780605,5.705727286903202,-4.5910784195786025,3.6309820133430666,-2.7698590333266546,1.9863303922485165,-1.261147566414592,0.5456767375233366,-0.08543758258976475
-6.7371792042780605,10.190326960787749,-6.52105039847468,5.450271991286334,-4.289136410125862,3.274135336145684,-2.347735147182217,1.490629738287122,-0.644968049293601,0.10098385772063162
5.705727286903202,-6.52105039847468,9.934871191971247,-6.219112261642994,5.093388382564896,-3.8673576383210895,2.7752014640014853,-1.7618364265485913,0.7623296876086125,-0.11935885681737171
-4.5910784195786025,5.450271991286334,-6.219112261642994,9.577992821609408,-5.797290619598675,4.594863345486439,-3.277638473030655,2.082693409514144,-0.9010162797651273,0.14107817030460018
3.6309820133430666,-4.289136410125862,5.093388382564896,-5.797290619598675,9.079409795451273,-5.208046031452083,3.897829452565538,-2.4591109687086,1.065221495404903,-0.16674214242201618
-2.7698590333266546,3.274135336145684,-3.8673576383210895,4.594863345486439,-5.208046031452083,8.383017846501247,-4.384264918383424,2.9304589491304323,-1.256653735667236,0.19714524188992255
1.9863303922485165,-2.347735147182217,2.7752014640014853,-3.277638473030655,3.897829452565538,-4.384264918383424,7.408540969520829,-3.2399655743606326,1.5077558815148775,-0.23243147287283195
-1.261147566414592,1.490629738287122,-1.7618364265485913,2.082693409514144,-2.4591109687086,2.9304589491304323,-3.2399655743606326,6.064506052486526,-1.5719306071499481,0.2802171542087349
0.5456767375233366,-0.644968049293601,0.7623296876086125,-0.9010162797651273,1.065221495404903,-1.256653735667236,1.5077558815148775,-1.5719306071499481,3.966104306734714,-0.27976519099831254
-0.08543758258976475,0.10098385772063162,-0.11935885681737171,0.14107817030460018,-0.16674214242201618,0.19714524188992255,-0.23243147287283195,0.2802171542087349,-0.27976519099831254,0.9521073023165065
