3.0645328586540552,0.7123724651232735,-0.03343363239631454,-0.2119041833861949,-0.15701740519088808,-0.06750398339971383,-0.011770828609949678,0.008398807079036608,0.009299388674416766,0.004046382056355759
0.7123724651232735,3.0645188605851317,0.7123526568738565,-0.03343937487379631,-0.21184544644704956,-0.1568191715262577,-0.06713453621330832,-0.01142270780276348,0.008026346568168453,0.006846964404430421
-0.03343363239631454,0.7123526568738565,3.0644865958750813,0.7123318268857142,-0.0333781302060462,-0.21158182913543744,-0.15626318994488092,-0.06647755618230287,-0.011583945346639287,0.005023121259942597
-0.2119041833861949,-0.03343937487379631,0.7123318268857142,3.064446128069094,0.712290305895664,-0.03334749993933295,-0.21133070552443325,-0.15562728367812312,-0.0655328881972153,-0.011188626838024216
-0.15701740519088808,-0.21184544644704956,-0.0333781302060462,0.712290305895664,3.064086692104123,0.7113712274350921,-0.03472631025641855,-0.21194249250045988,-0.15217492731661839,-0.052829592822089246
-0.06750398339971383,-0.1568191715262577,-0.21158182913543744,-0.03334749993933295,0.7113712274350921,3.061211982026558,0.7062717282287028,-0.03900037010425275,-0.20520818499047444,-0.1155809734134271
-0.011770828609949678,-0.06713453621330832,-0.15626318994488092,-0.21133070552443325,-0.03472631025641855,0.7062717282287028,3.0512011628500906,0.6957957080938064,-0.03203713841711235,-0.14414300625700166
0.008398807079036608,-0.01142270780276348,-0.06647755618230287,-0.15562728367812312,-0.21194249250045988,-0.03900037010425275,0.6957957080938064,3.0361639848412576,0.6908594672977006,0.010821510751488489
0.009299388674416766,0.008026346568168453,-0.011583945346639287,-0.0655328881972153,-0.15217492731661839,-0.20520818499047444,-0.03203713841711235,0.6908594672977006,2.9946513018581236,0.5852514888242653
0.004046382056355759,0.006846964404430421,0.005023121259942597,-0.011188626838024216,-0.052829592822089246,-0.1155809734134271,-0.14414300625700166,0.010821510751488489,0.5852514888242653,2.5134639983593
