2.63156152041123,1.0251889521453805,1.2747117164121167,0.8407248082505846,0.7904369188791962,0.5717217445603858,0.4634547413261196,0.31256041160077414,0.20358435294808536,0.0670410059912071
1.0251889521453805,2.5998246443006723,0.988469585430904,1.2315046615593497,0.7913102023075654,0.731155790820732,0.5061270915078044,0.3803651040826645,0.22898966078061153,0.08046099329710833
1.2747117164121167,0.988469585430904,2.557305255153608,0.9385074117384054,1.1742292761809199,0.7228685060882755,0.6549116672837241,0.41060653176414996,0.2823832387835884,0.08896544380250218
0.8407248082505846,1.2315046615593497,0.9385074117384054,2.4984601390087575,0.8713156454428128,1.0934066547367682,0.6338468762971404,0.5413035850774267,0.2978600786246367,0.11282733483352961
0.7904369188791962,0.7913102023075654,1.1742292761809199,0.8713156454428128,2.421220733447867,0.7794408074128094,0.9902498848021717,0.5062653511005417,0.4074175614756558,0.11323988360144596
0.5717217445603858,0.731155790820732,0.7228685060882755,1.0934066547367682,0.7794408074128094,2.3098845761044773,0.6583722851454193,0.8325067075190202,0.355509094379009,0.16738079216682258
0.4634547413261196,0.5061270915078044,0.6549116672837241,0.6338468762971404,0.9902498848021717,0.6583722851454193,2.170812441974395,0.4927488320594511,0.646928533167505,0.12521171971807096
0.31256041160077414,0.3803651040826645,0.41060653176414996,0.5413035850774267,0.5062653511005417,0.8325067075190202,0.4927488320594511,1.9426139789629981,0.29638872568184566,0.28237685547986
0.20358435294808536,0.22898966078061153,0.2823832387835884,0.2978600786246367,0.4074175614756558,0.355509094379009,0.646928533167505,0.29638872568184566,1.6753514024016092,0.06097181980998838
0.0670410059912071,0.08046099329710833,0.08896544380250218,0.11282733483352961,0.11323988360144596,0.16738079216682258,0.12521171971807096,0.28237685547986,0.06097181980998838,1.0306467509955524
