0.3715022648414679,0.05002310870426379,0.03149171713780975,-0.004466809453659811,0.008094286321074468,-0.004428475827666465,0.0034310105550721436,-0.0021843495536709692,0.0013920346417584874,-0.0004643185056747275
0.05002310870426379,0.3714644730439443,0.050075276606843876,0.03141953037741093,-0.004367567245886343,0.007955460582248552,-0.004243169328528959,0.003151124209357565,-0.0018863916774341776,0.0006519194979593644
0.03149171713780975,0.050075276606843876,0.37139246080369354,0.050174924522731715,0.031282541185394926,-0.004175914434479275,0.0076997291053040266,-0.003856570758617452,0.002740725016235059,-0.0008613938758474402
-0.004466809453659811,0.03141953037741093,0.050174924522731715,0.37125457821713925,0.05036450045409032,0.031017408152769203,-0.0038218035789297448,0.007165677554131583,-0.0032853378230874495,0.0013347847590379522
0.008094286321074468,-0.004367567245886343,0.031282541185394926,0.05036450045409032,0.3709940186037429,0.05072924316683699,0.030531484560410545,-0.003084261212089891,0.006392732068997441,-0.0013066203462975274
-0.004428475827666465,0.007955460582248552,-0.004175914434479275,0.031017408152769203,0.05072924316683699,0.3704846829996092,0.051412359478814285,0.02951216491145427,-0.0019569063961024855,0.0037954525251894505
0.0034310105550721436,-0.004243169328528959,0.0076997291053040266,-0.0038218035789297448,0.030531484560410545,0.051412359478814285,0.36958521291349855,0.05281832934699582,0.02817611127655948,0.0021345295114020826
-0.0021843495536709692,0.003151124209357565,-0.003856570758617452,0.007165677554131583,-0.003084261212089891,0.02951216491145427,0.05281832934699582,0.36763563157956325,0.05548349345315144,0.024391639288594523
0.0013920346417584874,-0.0018863916774341776,0.002740725016235059,-0.0032853378230874495,0.006392732068997441,-0.0019569063961024855,0.02817611127655948,0.05548349345315144,0.36699189893642814,0.06763037461886781
-0.0004643185056747275,0.0006519194979593644,-0.0008613938758474402,0.0013347847590379522,-0.0013066203462975274,0.0037954525251894505,0.0021345295114020826,0.024391639288594523,0.06763037461886781,0.3758565582134189
