0.6138120731560317,0.09131366545248748,-0.23889611012737594,-0.1049390896398768,0.10733228478969689,0.07997304391465959,-0.03683641747488706,-0.04435704135068773,0.004345099861772629,0.00699931195369811
0.09131366545248748,0.6124520293599011,0.0913151593170674,-0.23649686979917284,-0.10397679214400427,0.10348788669929895,0.07672974003806528,-0.03136064926327972,-0.03643473516072645,-0.002126019988380805
-0.23889611012737594,0.0913151593170674,0.6090911108789265,0.08996082252304827,-0.23111408054192792,-0.09942335485765463,0.09582584940308359,0.06561753984581689,-0.02231663781748896,-0.013199375427311796
-0.1049390896398768,-0.23649686979917284,0.08996082252304827,0.6043150033320894,0.09042853067180731,-0.22250260053384943,-0.09678484235144663,0.08169938676864277,0.0552827164541745,-0.001559003553926209
0.10733228478969689,-0.10397679214400427,-0.23111408054192792,0.09042853067180731,0.5950097578305256,0.0858612521480734,-0.2079282949411444,-0.08286823867069232,0.06159244370359379,0.022652058055311328
0.07997304391465959,0.10348788669929895,-0.09942335485765463,-0.22250260053384943,0.0858612521480734,0.5779852531214185,0.08706937158559402,-0.1774171643945963,-0.0727278983624268,0.01185979291755593
-0.03683641747488706,0.07672974003806528,0.09582584940308359,-0.09678484235144663,-0.2079282949411444,0.08706937158559402,0.5527671818139477,0.07479640971934155,-0.1378773136269759,-0.03518047400312636
-0.04435704135068773,-0.03136064926327972,0.06561753984581689,0.08169938676864277,-0.08286823867069232,-0.1774171643945963,0.07479640971934155,0.4940202961626382,0.07281464202462343,-0.03506547501011508
0.004345099861772629,-0.03643473516072645,-0.02231663781748896,0.0552827164541745,0.06159244370359379,-0.0727278983624268,-0.1378773136269759,0.07281464202462343,0.4234888563096397,0.04794328286169236
0.00699931195369811,-0.002126019988380805,-0.013199375427311796,-0.001559003553926209,0.022652058055311328,0.01185979291755593,-0.03518047400312636,-0.03506547501011508,0.04794328286169236,0.23216206503025266
