2.9545475372322434,-1.4790575534197425,1.2445670956129606,-0.8999925118372172,0.689399708236498,-0.5017232188986374,0.35884595311618983,-0.23653838253740156,0.13587195622375012,-0.033534165770070484
-1.4790575534197425,2.944580140418822,-1.4660863325344025,1.2276429896707837,-0.8780333595677392,0.6605662010806943,-0.464820163614251,0.30896455829858893,-0.17664613437937698,0.043693338588302
1.2445670956129606,-1.4660863325344025,2.927699657377094,-1.4440621784854955,1.199065001002878,-0.8405131430322705,0.6125337718442587,-0.3999281310983442,0.23096089159026978,-0.05686001866701604
-0.8999925118372172,1.2276429896707837,-1.4440621784854955,2.898963008323009,-1.4067783792290336,1.1501032281980752,-0.7778657811233998,0.5278052521316636,-0.2983266777736106,0.0741903804845614
0.689399708236498,-0.8780333595677392,1.199065001002878,-1.4067783792290336,2.8505782975173735,-1.3432711465550229,1.068754814070679,-0.6681002602632273,0.39549363219720923,-0.09625507998389252
-0.5017232188986374,0.6605662010806943,-0.8405131430322705,1.1501032281980752,-1.3432711465550229,2.7671310573446037,-1.236633052488051,0.9241494481460655,-0.49572210547324425,0.12640890183052228
0.35884595311618983,-0.464820163614251,0.6125337718442587,-0.7778657811233998,1.068754814070679,-1.236633052488051,2.6301593092549886,-1.0528801670485917,0.699778170262154,-0.16172846222230855
-0.23653838253740156,0.30896455829858893,-0.3999281310983442,0.5278052521316636,-0.6681002602632273,0.9241494481460655,-1.0528801670485917,2.378023881321931,-0.760257435382038,0.21877149969192847
0.13587195622375012,-0.17664613437937698,0.23096089159026978,-0.2983266777736106,0.39549363219720923,-0.49572210547324425,0.699778170262154,-0.760257435382038,1.9979979049144836,-0.26223298740505974
-0.033534165770070484,0.043693338588302,-0.05686001866701604,0.0741903804845614,-0.09625507998389252,0.12640890183052228,-0.16172846222230855,0.21877149969192847,-0.26223298740505974,0.9906318577823442
