0.2287058621194012,0.05323950153669684,0.021273390632110097,0.005653810057296826,-0.0010317138234552628,-0.003217156340109538,-0.0034047888035747143,-0.0029324659808975975,-0.0024929369650579765,-0.00246607813803707
0.05323950153669684,0.2287240657271,0.05325891053978878,0.02128534066272554,0.005638164626491252,-0.001116022646535327,-0.003446969768172023,-0.003914371203253176,-0.003942158850845209,-0.004341455183522053
0.021273390632110097,0.05325891053978878,0.22873553509204625,0.0532417046959742,0.021197314379159848,0.0054006597276473455,-0.0016401473649779626,-0.004482298726821727,-0.005805324202069058,-0.007176918402396398
0.005653810057296826,0.02128534066272554,0.0532417046959742,0.22864616060916423,0.052999823059021775,0.020662762709082964,0.004343757279744913,-0.0035718895140726802,-0.007788963886521693,-0.011121680352811344
-0.0010317138234552628,0.005638164626491252,0.021197314379159848,0.052999823059021775,0.2281078274304153,0.051930644478864585,0.018701774433283372,0.0009765815295787043,-0.009002653470574825,-0.01597471738294615
-0.003217156340109538,-0.001116022646535327,0.0054006597276473455,0.020662762709082964,0.051930644478864585,0.22613623255686427,0.04852903591151825,0.013188979221890988,-0.007378895627013987,-0.02066491453019322
-0.0034047888035747143,-0.003446969768172023,-0.0016401473649779626,0.004343757279744913,0.018701774433283372,0.04852903591151825,0.22059368733678025,0.04007697956578385,0.0012966320778221036,-0.02227889174360355
-0.0029324659808975975,-0.003914371203253176,-0.004482298726821727,-0.0035718895140726802,0.0009765815295787043,0.013188979221890988,0.04007697956578385,0.20861789562001304,0.024906092463816202,-0.014363099560157279
-0.0024929369650579765,-0.003942158850845209,-0.005805324202069058,-0.007788963886521693,-0.009002653470574825,-0.007378895627013987,0.0012966320778221036,0.024906092463816202,0.1927241137407385,0.015861376631758115
-0.00246607813803707,-0.004341455183522053,-0.007176918402396398,-0.011121680352811344,-0.01597471738294615,-0.02066491453019322,-0.02227889174360355,-0.014363099560157279,0.015861376631758115,0.2072850605463255
