10.234118320053577,-4.816648641378282,3.313339460600278,-2.127291959268157,1.3792203591915,-0.8856315695755753,0.5591270182851287,-0.3374475319475183,0.18077750002375045,-0.045483691132629095
-4.816648641378282,10.231090889925392,-4.811993678879451,3.306181924724776,-2.1162871298999963,1.3622946542762362,-0.8596442780221807,0.5188673082894362,-0.277962100883404,0.06993575064594557
3.313339460600278,-4.811993678879451,10.223933441215452,-4.800988284972939,3.289260950221528,-2.090262244649578,1.322336715641565,-0.7977411340790889,0.4274027931751156,-0.10753228350400838
-2.127291959268157,3.306181924724776,-4.800988284972939,10.207011392601371,-4.774970356331758,3.2492447203692363,-2.0288223547247446,1.2271535772830453,-0.6571039493707912,0.16534797561919268
1.3792203591915,-2.1162871298999963,3.289260950221528,-4.774970356331758,10.167008398642311,-4.713444742537305,3.154779884357384,-1.8824766523014675,1.0109220571583208,-0.25418658891041845
-0.8856315695755753,1.3622946542762362,-2.090262244649578,3.2492447203692363,-4.713444742537305,10.072380461333958,-4.568155385464574,2.9296969749104838,-1.5499033648936202,0.3912551348384688
0.5591270182851287,-0.8596442780221807,1.322336715641565,-2.0288223547247446,3.154779884357384,-4.568155385464574,9.849307392285024,-4.222565122684563,2.4191026364352455,-0.5982413049003448
-0.3374475319475183,0.5188673082894362,-0.7977411340790889,1.2271535772830453,-1.8824766523014675,2.9296969749104838,-4.222565122684563,9.31394649148354,-3.4313067107520885,0.9467181333737429
0.18077750002375045,-0.277962100883404,0.4274027931751156,-0.6571039493707912,1.0109220571583208,-1.5499033648936202,2.4191026364352455,-3.4313067107520885,8.146751699047957,-1.2403840324659514
-0.045483691132629095,0.06993575064594557,-0.10753228350400838,0.16534797561919268,-0.25418658891041845,0.3912551348384688,-0.5982413049003448,0.9467181333737429,-1.2403840324659514,4.192847684706146
