1.3509042211680924,0.08094728966132268,-0.13824874608862336,0.0004931641023632983,0.03038897950075152,-0.004128488960535664,-0.00612134385247201,0.0016623439392287316,0.001040629294179566,-0.00018396401815548268
0.08094728966132268,1.350903092563309,0.08094788712015127,-0.13824398347811606,0.0004875866803495143,0.03037072076725801,-0.004092188942131111,-0.006060320672348487,0.0014608773164542363,0.0008849095797423562
-0.13824874608862336,0.08094788712015127,1.350895967485541,0.0809494630588303,-0.13821259490575383,0.0004615464181714085,0.030243934568038533,-0.0038977132322450567,-0.005601931325265897,0.00030242329178779023
0.0004931641023632983,-0.13824398347811606,0.0809494630588303,1.350873404250784,0.0809558880436719,-0.13811405875402727,0.00037309320900720376,0.029849958411014038,-0.003259198505105001,-0.0041981092283284146
0.03038897950075152,0.0004875866803495143,-0.13821259490575383,0.0809558880436719,1.3507270822413602,0.08101477708513818,-0.13748541825621519,-0.0002724538692661623,0.02738535308897339,0.0011536562966225823
-0.004128488960535664,0.03037072076725801,0.0004615464181714085,-0.13811405875402727,0.08101477708513818,1.350244443575727,0.0810379370340339,-0.13530891798727157,-0.0016872632231022633,0.018358746855711476
-0.00612134385247201,-0.004092188942131111,0.030243934568038533,0.00037309320900720376,-0.13748541825621519,0.0810379370340339,1.34737744693484,0.08265802830287625,-0.12327204847447518,-0.016283113725768954
0.0016623439392287316,-0.006060320672348487,-0.0038977132322450567,0.029849958411014038,-0.0002724538692661623,-0.13530891798727157,0.08265802830287625,1.3365246034788327,0.08183595527721098,-0.0735221654019261
0.001040629294179566,0.0014608773164542363,-0.005601931325265897,-0.003259198505105001,0.02738535308897339,-0.0016872632231022633,-0.12327204847447518,0.08183595527721098,1.2823904217524216,0.11814189155519968
-0.00018396401815548268,0.0008849095797423562,0.00030242329178779023,-0.0041981092283284146,0.0011536562966225823,0.018358746855711476,-0.016283113725768954,-0.0735221654019261,0.11814189155519968,1.0347556011689607
