1.0099230343303773,-0.6153023922027446,0.4190341688039563,-0.29607046854662916,0.2057289612473851,-0.14554189036556145,0.10403539158163724,-0.07596125758234434,0.060145135381029086,-0.04674795685934262
-0.6153023922027446,1.0105837616738786,-0.6162669050149223,0.4203864078154539,-0.2981025057425141,0.20843592906333072,-0.14997088402325573,0.10907796002022783,-0.08650813361666432,0.06714550695533081
0.4190341688039563,-0.6162669050149223,1.0119914864483734,-0.6182411254170421,0.4233515775515809,-0.3020561775056336,0.2148949734745567,-0.1573459734673693,0.12443692051525043,-0.09681597742304855
-0.29607046854662916,0.4203864078154539,-0.6182411254170421,1.0147587000185578,-0.6224010697481613,0.42888943679030156,-0.3111270695260481,0.22520038261610661,-0.17896977795753527,0.1386712068410201
0.2057289612473851,-0.2981025057425141,0.4233515775515809,-0.6224010697481613,1.0210028060766057,-0.6307360445801894,0.44248135178528436,-0.3267007711057192,0.25746418852113906,-0.20091271207954448
-0.14554189036556145,0.20843592906333072,-0.3020561775056336,0.42888943679030156,-0.6307360445801894,1.0320750492673034,-0.6489352727309142,0.46301991389891584,-0.37022861477977287,0.28538296561939436
0.10403539158163724,-0.14997088402325573,0.2148949734745567,-0.3111270695260481,0.44248135178528436,-0.6489352727309142,1.0616030267348442,-0.6830960437450337,0.5327707607085872,-0.4194225842454019
-0.07596125758234434,0.10907796002022783,-0.1573459734673693,0.22520038261610661,-0.3267007711057192,0.46301991389891584,-0.6830960437450337,1.0992823996852348,-0.7657088523813794,0.5811157115607752
0.060145135381029086,-0.08650813361666432,0.12443692051525043,-0.17896977795753527,0.25746418852113906,-0.37022861477977287,0.5327707607085872,-0.7657088523813794,1.2620485219942768,-0.890841844249266
-0.04674795685934262,0.06714550695533081,-0.09681597742304855,0.1386712068410201,-0.20091271207954448,0.28538296561939436,-0.4194225842454019,0.5811157115607752,-0.890841844249266,1.3041384672917944
