2.1459193469939084,-0.2864738168953071,0.38798958721514687,-0.1226941989915186,0.08759607467222244,-0.03713682942966892,0.021445566442958607,-0.009908688233215415,0.004785798524698424,-0.0010854767083716193
-0.2864738168953071,2.145908097670641,-0.28645210339069127,0.38794687394397487,-0.12261270588309332,0.08743276286251389,-0.03683454546942528,0.02081010626499876,-0.008822678433015794,0.0022060299374718423
0.38798958721514687,-0.28645210339069127,2.145866103928341,-0.286369755658724,0.38778895884102293,-0.12229880766812333,0.08684396120832022,-0.03562239094760702,0.018664297127006332,-0.003989868532423239
-0.1226941989915186,0.38794687394397487,-0.286369755658724,2.1457038072014547,-0.2860610617366031,0.3871672935445317,-0.12115737900377574,0.08441402156179048,-0.03155774859733,0.00869479771475299
0.08759607467222244,-0.12261270588309332,0.38778895884102293,-0.2860610617366031,2.145108824125838,-0.28488794114858473,0.3849374794623076,-0.11666204634810909,0.07617475575671787,-0.013969313839268548
-0.03713682942966892,0.08743276286251389,-0.12229880766812333,0.3871672935445317,-0.28488794114858473,2.142716526699222,-0.2805855987905586,0.37547953432990766,-0.10169633184810196,0.036355496348839375
0.021445566442958607,-0.03683454546942528,0.08684396120832022,-0.12115737900377574,0.3849374794623076,-0.2805855987905586,2.134248035830356,-0.26444465569381786,0.3430815122237643,-0.04188576436055121
-0.009908688233215415,0.02081010626499876,-0.03562239094760702,0.08441402156179048,-0.11666204634810909,0.37547953432990766,-0.26444465569381786,2.0958246592899155,-0.2117907290916699,0.17163946765709245
0.004785798524698424,-0.008822678433015794,0.018664297127006332,-0.03155774859733,0.07617475575671787,-0.10169633184810196,0.3430815122237643,-0.2117907290916699,1.9610744532416207,-0.051200916679124256
-0.0010854767083716193,0.0022060299374718423,-0.003989868532423239,0.00869479771475299,-0.013969313839268548,0.036355496348839375,-0.04188576436055121,0.17163946765709245,-0.051200916679124256,1.1078067735934924
