4.672382006982588,-1.9417140872745746,1.206469486338102,-0.7584384292685673,0.47597645005405165,-0.2968345843917527,0.18210386717235716,-0.10689241006642025,0.05500072609052731,-0.01824136641223268
-1.9417140872745746,4.671599088150323,-1.9404717666780342,1.204498195844873,-0.7553104237678945,0.4710130028940356,-0.28895898787592955,0.16961482996774396,-0.08727409808763084,0.028945050603857856
1.206469486338102,-1.9404717666780342,4.669627797639755,-1.9373437607078388,1.1995347366720543,-0.7474345209506241,0.45851615729722117,-0.2691416230216213,0.13848486854970687,-0.04592945160351012
-0.7584384292685673,1.204498195844873,-1.9373437607078388,4.664664337765563,-1.9294678388981577,1.187037405151898,-0.7276047660636555,0.4270703428682221,-0.21974519731681796,0.07287997551585115
0.47597645005405165,-0.7553104237678945,1.1995347366720543,-1.9294678388981577,4.652166977874581,-1.9096373157595454,1.1555719349030265,-0.6777071579104275,0.3486890520866581,-0.11564459968500804
-0.2968345843917527,0.4710130028940356,-0.7474345209506241,1.187037405151898,-1.9096373157595454,4.620700360012876,-1.8597086314784175,1.0763955572803376,-0.5533335026125095,0.18350394423934474
0.18210386717235716,-0.28895898787592955,0.45851615729722117,-0.7276047660636555,1.1555719349030265,-1.8597086314784175,4.541477560929894,-1.7340779326927744,0.8790488255965332,-0.29121393517461086
-0.10689241006642025,0.16961482996774396,-0.2691416230216213,0.4270703428682221,-0.6777071579104275,1.0763955572803376,-1.7340779326927744,4.3422530600935225,-1.4211103852516935,0.462943964782546
0.05500072609052731,-0.08727409808763084,0.13848486854970687,-0.21974519731681796,0.3486890520866581,-0.5533335026125095,0.8790488255965332,-1.4211103852516935,3.850191584211953,-0.7562914139588353
-0.01824136641223268,0.028945050603857856,-0.04592945160351012,0.07287997551585115,-0.11564459968500804,0.18350394423934474,-0.29121393517461086,0.462943964782546,-0.7562914139588353,2.6792356046487167
