2.3268612926547045,-0.37722619723495543,0.0929081528445552,-0.002303222666435526,0.01016756509038548,0.004173702485486278,0.0025956510517298925,0.0007779942445617638,-0.0009781469996246728,-0.0018720714449056266
-0.37722619723495543,2.326737942284689,-0.37741026924822385,0.09263355065163442,-0.002713324727420035,0.009557493963315263,0.003253318311200631,0.0012762812886056947,-0.001480802966904774,-0.002790534438269086
0.0929081528445552,-0.37741026924822385,2.3264632571493142,-0.37782004954534554,0.09202156648117282,-0.0036237084941369386,0.008183995467503875,0.0012846618715447269,-0.002095522862588183,-0.004179629109277395
-0.002303222666435526,0.09263355065163442,-0.37782004954534554,2.325851937783521,-0.3787330123304874,0.09066340151011004,-0.005672520719930018,0.005246046745833866,-0.003739715654115336,-0.0061525393659033955
0.01016756509038548,-0.002713324727420035,0.09202156648117282,-0.3787330123304874,2.324488444235547,-0.3807611530738544,0.08760255072449613,-0.010054429425484158,-0.00228843032939474,-0.009632848691741034
0.004173702485486278,0.009557493963315263,-0.0036237084941369386,0.09066340151011004,-0.3807611530738544,2.3214703033363473,-0.38530874891896705,0.08105316465536776,-0.02109711191799147,-0.011944839323380483
0.0025956510517298925,0.003253318311200631,0.008183995467503875,-0.005672520719930018,0.08760255072449613,-0.38530874891896705,2.3145785867674014,-0.39502340724517515,0.06350100306651535,-0.030871345208815508
0.0007779942445617638,0.0012762812886056947,0.0012846618715447269,0.005246046745833866,-0.010054429425484158,0.08105316465536776,-0.39502340724517515,2.299770290380339,-0.41544208880744693,0.024020248056951375
-0.0009781469996246728,-0.001480802966904774,-0.002095522862588183,-0.003739715654115336,-0.00228843032939474,-0.02109711191799147,0.06350100306651535,-0.41544208880744693,2.23829676449698,-0.34062486343830123
-0.0018720714449056266,-0.002790534438269086,-0.004179629109277395,-0.0061525393659033955,-0.009632848691741034,-0.011944839323380483,-0.030871345208815508,0.024020248056951375,-0.34062486343830123,1.6316054142736411
