0.4527467755961109,-0.252871107399671,0.15594631309388335,-0.09864878640439198,0.06229242534767837,-0.04002267251018667,0.0266803806875458,-0.019019639275352808,0.016875112530205728,-0.012468081817722129
-0.252871107399671,0.4529886906987738,-0.2532574809479873,0.1565622150323448,-0.09963617461206917,0.0638489773956741,-0.04260000366760427,0.03035981533066904,-0.026938053792905415,0.019902942770727523
0.15594631309388335,-0.2532574809479873,0.45360578532635987,-0.25424116589211276,0.15813921676890325,-0.10212221700306234,0.06796533641394377,-0.04847665633049793,0.04300638470397801,-0.031775293630200624
-0.09864878640439198,0.1565622150323448,-0.25424116589211276,0.45517383589534416,-0.2567550013868883,0.16210210026251268,-0.10868399458996705,0.07733277527595814,-0.06863737999074529,0.050710858316628867
0.06229242534767837,-0.09963617461206917,0.15813921676890325,-0.2567550013868883,0.45920389816947876,-0.2631081908981434,0.17262137753015858,-0.12370283519180146,0.10964722151030079,-0.08101885288290686
-0.04002267251018667,0.0638489773956741,-0.10212221700306234,0.16210210026251268,-0.2631081908981434,0.46921899667882705,-0.27969249125013584,0.19629124205920812,-0.17467429431830944,0.12902542880887025
0.0266803806875458,-0.04260000366760427,0.06796533641394377,-0.10868399458996705,0.17262137753015858,-0.27969249125013584,0.49667273787744015,-0.31891512810224787,0.28054729376210147,-0.20742887309333902
-0.019019639275352808,0.03035981533066904,-0.04847665633049793,0.07733277527595814,-0.12370283519180146,0.19629124205920812,-0.31891512810224787,0.5525306819353127,-0.4398449696532193,0.3242793459885456
0.016875112530205728,-0.026938053792905415,0.04300638470397801,-0.06863737999074529,0.10964722151030079,-0.17467429431830944,0.28054729376210147,-0.4398449696532193,0.8093913819068269,-0.5498823680617504
-0.012468081817722129,0.019902942770727523,-0.031775293630200624,0.050710858316628867,-0.08101885288290686,0.12902542880887025,-0.20742887309333902,0.3242793459885456,-0.5498823680617504,0.7959389585802533
