6.907004090549537,3.604921064470214,1.486848508406617,0.17368647440614787,-0.4023355914088175,-0.5000379236975523,-0.37243464387946246,-0.19156155067054076,-0.04625476444025627,0.03002424697074875
3.604921064470214,6.904233307009664,3.6007167226644947,1.4823855066429932,0.17212585718515727,-0.39535367667067434,-0.4771279325937618,-0.3277005671106077,-0.12754766658271088,0.015290961318396423
1.486848508406617,3.6007167226644947,6.897848870904084,3.5939314858796765,1.4799938577940401,0.18268902332919373,-0.3606155897643788,-0.4092394206280371,-0.23047713976345532,-0.03393953083623053
0.17368647440614787,1.4823855066429932,3.5939314858796765,6.890624393578405,3.591353588779051,1.4911553779434548,0.21952256455786556,-0.28853426766950985,-0.30588574659481393,-0.1307459352653659
-0.4023355914088175,0.17212585718515727,1.4799938577940401,3.591353588779051,6.889630290933206,3.5951344759167334,1.5039364675411662,0.24476618109672674,-0.2520409680921295,-0.27014914266478796
-0.5000379236975523,-0.39535367667067434,0.18268902332919373,1.4911553779434548,3.5951344759167334,6.87183732514357,3.5372434235084427,1.3912766859902022,0.08403887161874625,-0.40571452259837937
-0.37243464387946246,-0.4771279325937618,-0.3606155897643788,0.21952256455786556,1.5039364675411662,3.5372434235084427,6.682277093601455,3.1674142016113644,0.8624504436568885,-0.4237040760050328
-0.19156155067054076,-0.3277005671106077,-0.4092394206280371,-0.28853426766950985,0.24476618109672674,1.3912766859902022,3.1674142016113644,5.960029365831531,2.133734116917634,-0.13164327347109453
-0.04625476444025627,-0.12754766658271088,-0.23047713976345532,-0.30588574659481393,-0.2520409680921295,0.08403887161874625,0.8624504436568885,2.133734116917634,4.4794382220589855,0.7077541358052578
0.03002424697074875,0.015290961318396423,-0.03393953083623053,-0.1307459352653659,-0.27014914266478796,-0.40571452259837937,-0.4237040760050328,-0.13164327347109453,0.7077541358052578,3.102384411528165
