0.2690763856976897,0.047954557688535834,0.04251562761035299,0.037033720863996034,0.03157794405653252,0.02611543917402293,0.02066405935180461,0.015204400946801954,0.009768636876358008,0.004284598699919399
0.047954557688535834,0.26413794341452373,0.0429606543078309,0.03746517190579026,0.03192715584579053,0.026412140448530148,0.020895507089779313,0.015376026343258402,0.009878410363561768,0.004332762951124919
0.04251562761035299,0.0429606543078309,0.2590879551361889,0.037853480771180864,0.0323012538777768,0.02670334560398308,0.021133566873421338,0.015548130152951315,0.009990121272459268,0.004381721625354938
0.037033720863996034,0.03746517190579026,0.037853480771180864,0.2539229437274155,0.0326310939462029,0.027018269645417297,0.021365040265219796,0.015725534754751722,0.010101467335719963,0.004430648296413556
0.03157794405653252,0.03192715584579053,0.0323012538777768,0.0326310939462029,0.2486425170782956,0.027289459019834393,0.021620554722251214,0.015897157605809953,0.01021782029582041,0.004481474906579859
0.02611543917402293,0.026412140448530148,0.02670334560398308,0.027018269645417297,0.027289459019834393,0.24323881958047006,0.021829364770250277,0.016088706780029768,0.010326801602233218,0.004529753222338781
0.02066405935180461,0.020895507089779313,0.021133566873421338,0.021365040265219796,0.021620554722251214,0.021829364770250277,0.23772096578670943,0.01624079049618312,0.010457091580074787,0.004585793278449318
0.015204400946801954,0.015376026343258402,0.015548130152951315,0.015725534754751722,0.015897157605809953,0.016088706780029768,0.01624079049618312,0.23205661615345588,0.010542397467059983,0.004625767872689471
0.009768636876358008,0.009878410363561768,0.009990121272459268,0.010101467335719963,0.01021782029582041,0.010326801602233218,0.010457091580074787,0.010542397467059983,0.22630186324467105,0.004704813161603186
0.004284598699919399,0.004332762951124919,0.004381721625354938,0.004430648296413556,0.004481474906579859,0.004529753222338781,0.004585793278449318,0.004625767872689471,0.004704813161603186,0.2202611679289805
