0.7533806761125862,0.14387289673133213,-0.06806080769780662,-0.021449373839020097,0.005804217891645657,0.002846129271506035,-0.00041202453720754894,-0.00034701586429906385,1.2938153624852738e-05,2.1087702678544654e-05
0.14387289673133213,0.7533806683708065,0.14387289201640896,-0.06806074126598967,-0.021449282745133948,0.005803684839547596,0.00284491759909831,-0.0004080985397726018,-0.0003332109355756687,-1.2411240565699531e-05
-0.06806080769780662,0.14387289201640896,0.7533805844937612,0.1438728732895017,-0.06805999788082968,-0.02144857057491547,0.005797495438901741,0.002833967418465625,-0.00036023406793851557,-0.00019940403858973238
-0.021449373839020097,-0.06806074126598967,0.1438728732895017,0.753379971202837,0.1438725942257923,-0.06805466625820153,-0.021442156301845462,0.005754059115511637,0.002744336626492853,-3.3668516950504434e-05
0.005804217891645657,-0.021449282745133948,-0.06805999788082968,0.1438725942257923,0.753373057572796,0.14387006169863337,-0.06799411472285292,-0.021375056887154575,0.005256550799907127,0.0017752059519136067
0.002846129271506035,0.005803684839547596,-0.02144857057491547,-0.06805466625820153,0.14387006169863337,0.7533230844112941,0.1438564079912925,-0.06755303672473405,-0.020929552923557693,0.0016009155691828645
-0.00041202453720754894,0.00284491759909831,0.005797495438901741,-0.021442156301845462,-0.06799411472285292,0.1438564079912925,0.7527665751040227,0.1435730405650107,-0.06273706499101084,-0.014853187011946833
-0.00034701586429906385,-0.0004080985397726018,0.002833967418465625,0.005754059115511637,-0.021375056887154575,-0.06755303672473405,0.1435730405650107,0.7485784015178952,0.14307067008083096,-0.02530198545518402
1.2938153624852738e-05,-0.0003332109355756687,-0.00036023406793851557,0.002744336626492853,0.005256550799907127,-0.020929552923557693,-0.06273706499101084,0.14307067008083096,0.704742766698275,0.11557721353318101
2.1087702678544654e-05,-1.2411240565699531e-05,-0.00019940403858973238,-3.3668516950504434e-05,0.0017752059519136067,0.0016009155691828645,-0.014853187011946833,-0.02530198545518402,0.11557721353318101,0.3467689952221877
