0.3887365221624237,0.08410103845647969,0.07731543450916382,0.06368080785198377,0.05251039163192443,0.041801796512986406,0.03176333274915562,0.02213969128022271,0.013017033724394899,0.003162353769801754
0.08410103845647969,0.38545268275225475,0.08039735514228917,0.07313816352880628,0.05896973357078102,0.04719553334761823,0.03581491204281328,0.024972190415064842,0.014680965084931562,0.0035667314200998673
0.07731543450916382,0.08039735514228917,0.38127547784664195,0.07568601366363308,0.06782477116606327,0.0529753625598781,0.04044321623324518,0.028155513217815113,0.01655984703494494,0.004022466462373265
0.06368080785198377,0.07313816352880628,0.07568601366363308,0.37596170007319357,0.0696932012022095,0.0610639034039943,0.04535963235525499,0.031804407274158855,0.018667528081071742,0.004538249502660974
0.05251039163192443,0.05896973357078102,0.06782477116606327,0.0696932012022095,0.3692030803926334,0.06206838005585432,0.05247496994838409,0.035616930323982665,0.02110377222011662,0.00511077156679194
0.041801796512986406,0.04719553334761823,0.0529753625598781,0.0610639034039943,0.06206838005585432,0.36060103398919807,0.05237870503634571,0.04148341355885212,0.023545924808961317,0.005804105578446044
0.03176333274915562,0.03581491204281328,0.04044321623324518,0.04535963235525499,0.05247496994838409,0.05237870503634571,0.34968596477328046,0.039998395594463464,0.027880676623037184,0.006339848099410104
0.02213969128022271,0.024972190415064842,0.028155513217815113,0.031804407274158855,0.035616930323982665,0.04148341355885212,0.039998395594463464,0.3356370819513116,0.024596473333552103,0.008217559678003245
0.013017033724394899,0.014680965084931562,0.01655984703494494,0.018667528081071742,0.02110377222011662,0.023545924808961317,0.027880676623037184,0.024596473333552103,0.3185763118093593,0.0037493040626467335
0.003162353769801754,0.0035667314200998673,0.004022466462373265,0.004538249502660974,0.00511077156679194,0.005804105578446044,0.006339848099410104,0.008217559678003245,0.0037493040626467335,0.28818549849095765
