2.0712326990917167,-0.897754411053848,0.45309272193876166,-0.23846565054298408,0.12761843508706736,-0.06860243697698981,0.036665476867638325,-0.01901989227853773,0.008657804891855782,-0.0011287877210907804
-0.897754411053848,2.071195651129334,-0.8976860100639421,0.4529663850985361,-0.23823206966389607,0.12718544130533402,-0.06779436897473379,0.035131569908457796,-0.015985551574665354,0.002083796827730553
0.45309272193876166,-0.8976860100639421,2.071069363599877,-0.8974527565773265,0.45253512869202855,-0.23743263995074365,0.1256935147451012,-0.06496231957952095,0.029529203637237413,-0.003847515256274224
-0.23846565054298408,0.4529663850985361,-0.8974527565773265,2.0706385434981343,-0.8966562236532472,0.4510585745364565,-0.23467702267779306,0.12046259366939378,-0.054614169412265115,0.007107515415435741
0.12761843508706736,-0.23823206966389607,0.45253512869202855,-0.8966562236532472,2.069165849794409,-0.8939262373511911,0.4459636694586398,-0.22500514870868712,0.10132747576917399,-0.01314637400185873
-0.06860243697698981,0.12718544130533402,-0.23743263995074365,0.4510585745364565,-0.8939262373511911,2.0641051022359784,-0.8844811478156258,0.42803202961474646,-0.18952108739655618,0.024395909485203912
0.036665476867638325,-0.06779436897473379,0.1256935147451012,-0.23467702267779306,0.4459636694586398,-0.8844811478156258,2.0464756902599657,-0.851003689355478,0.36174891244353286,-0.04565354734131065
-0.01901989227853773,0.035131569908457796,-0.06496231957952095,0.12046259366939378,-0.22500514870868712,0.42803202961474646,-0.851003689355478,1.9828667041663108,-0.7248906968356279,0.08725429181448814
0.008657804891855782,-0.015985551574665354,0.029529203637237413,-0.054614169412265115,0.10132747576917399,-0.18952108739655618,0.36174891244353286,-0.7248906968356279,1.7320329625624689,-0.175368146651046
-0.0011287877210907804,0.002083796827730553,-0.003847515256274224,0.007107515415435741,-0.01314637400185873,0.024395909485203912,-0.04565354734131065,0.08725429181448814,-0.175368146651046,0.5122946129268258
