1.1183212151178008,0.03239841513626809,0.07063175186060869,-0.017114470467367117,0.014755466961861356,-0.006770082551290718,0.003991295265160403,-0.0019780485423035294,0.000981231735650022,0.00020999982884857896
0.03239841513626809,1.118315214282243,0.03240926389131159,0.07061184003700749,-0.017079144145158938,0.014687885047158403,-0.006661223051859826,0.003737085071421886,-0.0017459597280889676,-0.0003739897736008196
0.07063175186060869,0.03240926389131159,1.1182956015289258,0.03244526292754197,0.07054797984205241,-0.01695694538831391,0.014491163376889018,-0.006201315713876849,0.0033188439290848357,0.000709555358092118
-0.017114470467367117,0.07061184003700749,0.03244526292754197,1.1182295327841358,0.032562493880756986,0.0703237743194128,-0.016595544710245082,0.013648385676441872,-0.005428176276224976,-0.0011657701632600851
0.014755466961861356,-0.017079144145158938,0.07054797984205241,0.032562493880756986,1.1180216367801403,0.03296058038979144,0.06968395712977307,-0.015094961326788472,0.012298854524063978,0.002617640318366319
-0.006770082551290718,0.014687885047158403,-0.01695694538831391,0.0703237743194128,0.03296058038979144,1.1172613783877732,0.03419024924162135,0.06683561975502425,-0.012421113437147448,-0.0027208927060692013
0.003991295265160403,-0.006661223051859826,0.014491163376889018,-0.016595544710245082,0.06968395712977307,0.03419024924162135,1.1153024653811427,0.03886472466278288,0.06288413444087187,0.013210294127104255
-0.0019780485423035294,0.003737085071421886,-0.006201315713876849,0.013648385676441872,-0.015094961326788472,0.06683561975502425,0.03886472466278288,1.104782831553957,0.04972206124662262,0.009621560927973762
0.000981231735650022,-0.0017459597280889676,0.0033188439290848357,-0.005428176276224976,0.012298854524063978,-0.012421113437147448,0.06288413444087187,0.04972206124662262,1.1000241853401564,0.11919656939538659
0.00020999982884857896,-0.0003739897736008196,0.000709555358092118,-0.0011657701632600851,0.002617640318366319,-0.0027208927060692013,0.013210294127104255,0.009621560927973762,0.11919656939538659,0.8629676273735201
