2.1450640150984683,-1.0778133763842486,0.5855249849388042,-0.31517220708071336,0.17067424023450803,-0.09171500597564441,0.04901241434767076,-0.025329479024054902,0.011453698388437537,-0.002418422431823797
-1.0778133763842486,2.1450108587444774,-1.077713908335196,0.5853437182502342,-0.31483013460110876,0.17005781479240803,-0.09053449283162535,0.04692637849814728,-0.021230998313067614,0.0044557028064753455
0.5855249849388042,-1.077713908335196,2.1448241520661457,-1.0773750584213406,0.5847008029056145,-0.3136798750127966,0.16783416106716134,-0.0866542372399308,0.03917727550112107,-0.008288290497085016
-0.31517220708071336,0.5853437182502342,-1.0773750584213406,2.144205817625967,-1.0762102374856353,0.5825968453178733,-0.30966291700170956,0.1607068923016298,-0.07272546675850519,0.01522349259166839
0.17067424023450803,-0.31483013460110876,0.5847008029056145,-1.0762102374856353,2.141990789817575,-1.0722590757544161,0.5749287227185839,-0.2963518442100621,0.13394331590113184,-0.028432952573293598
-0.09171500597564441,0.17005781479240803,-0.3136798750127966,0.5825968453178733,-1.0722590757544161,2.134824544354067,-1.0586506987142323,0.5506090252567649,-0.24926822773380963,0.05194497966872127
0.04901241434767076,-0.09053449283162535,0.16783416106716134,-0.30966291700170956,0.5749287227185839,-1.0586506987142323,2.1082370863895292,-1.012910468465512,0.4575678824578874,-0.0977045180578518
-0.025329479024054902,0.04692637849814728,-0.0866542372399308,0.1607068923016298,-0.2963518442100621,0.5506090252567649,-1.012910468465512,2.025442948945236,-0.8552765913930008,0.17683771297796608
0.011453698388437537,-0.021230998313067614,0.03917727550112107,-0.07272546675850519,0.13394331590113184,-0.24926822773380963,0.4575678824578874,-0.8552765913930008,1.6984111005133318,-0.33672752068283646
-0.002418422431823797,0.0044557028064753455,-0.008288290497085016,0.01522349259166839,-0.028432952573293598,0.05194497966872127,-0.0977045180578518,0.17683771297796608,-0.33672752068283646,0.737096240611349
