13.627412369601819,12.23529921986887,10.46247030543391,8.528384688921982,6.6064409080406605,4.809035230776896,3.2100870679886433,1.8637264794638297,0.8200318041331367,0.13862423650223568
12.23529921986887,13.251333319010117,11.76811211741358,9.896584374252296,7.862106687178333,5.847955154456008,3.98186571046825,2.3603986356087585,1.0698510072492187,0.20461035426717117
10.46247030543391,11.76811211741358,12.670550734757114,11.064082206505134,9.066908292451213,6.916567937708979,4.815290118788944,2.9188205257881035,1.3635542749249328,0.290706083812402
8.528384688921982,9.896584374252296,11.064082206505134,11.816392037810152,10.056498280936529,7.917242115690312,5.658983196474236,3.5177241304004534,1.6972957974623,0.40044653539065966
6.6064409080406605,7.862106687178333,9.066908292451213,10.056498280936529,10.626488739226746,8.696942435131083,6.427385020346367,4.117733153277312,2.060381085670312,0.5370586279039216
4.809035230776896,5.847955154456008,6.916567937708979,7.917242115690312,8.696942435131083,9.070502026482346,6.9881031155215005,4.654011982502741,2.432028162264592,0.7029102493123027
3.2100870679886433,3.98186571046825,4.815290118788944,5.658983196474236,6.427385020346367,6.9881031155215005,7.188445114160305,5.0269655332197,2.7771465775209956,0.8986987963765913
1.8637264794638297,2.3603986356087585,2.9188205257881035,3.5177241304004534,4.117733153277312,4.654011982502741,5.0269655332197,5.1329580108234865,3.040963335464956,1.1223000315033302
0.8200318041331367,1.0698510072492187,1.3635542749249328,1.6972957974623,2.060381085670312,2.432028162264592,2.7771465775209956,3.040963335464956,3.1845471133657437,1.3671844261665587
0.13862423650223568,0.20461035426717117,0.290706083812402,0.40044653539065966,0.5370586279039216,0.7029102493123027,0.8986987963765913,1.1223000315033302,1.3671844261665587,1.6625019851418987
