0.8004688762733992,-0.07023886111757804,0.26273602528805984,0.033512524618846025,0.11288937616457197,0.0378299660536949,0.05069494617285871,0.022082289598757524,0.017996182912175328,0.00410680032208172
-0.07023886111757804,0.7992762731713752,-0.0717584865811656,0.26073139144763596,0.030999124184965494,0.10949529516742881,0.033719922413310205,0.0448612454236659,0.01553116963617471,0.007661894254121804
0.26273602528805984,-0.0717584865811656,0.797276978630964,-0.07427508541001512,0.2573522765772311,0.02687229795797499,0.10370822753932786,0.02709984824712104,0.034682241940514946,0.005448051988677583
0.033512524618846025,0.26073139144763596,-0.07427508541001512,0.7938848135648142,-0.07839409419271245,0.2515286290822922,0.020293243408549305,0.0934152444414368,0.01718526689695391,0.01546348725922956
0.11288937616457197,0.030999124184965494,0.2573522765772311,-0.07839409419271245,0.7880930630617227,-0.08499225596181215,0.24132505366357457,0.010278402843343182,0.07447507614408042,0.004052929218368575
0.0378299660536949,0.10949529516742881,0.02687229795797499,0.2515286290822922,-0.08499225596181215,0.7778115257404559,-0.09496039509494153,0.2221663571487539,-0.002608883540438615,0.03536768242207608
0.05069494617285871,0.033719922413310205,0.10370822753932786,0.020293243408549305,0.24132505366357457,-0.09496039509494153,0.758843381936003,-0.10796182805762014,0.1835930851293771,-0.011280186117844836
0.022082289598757524,0.0448612454236659,0.02709984824712104,0.0934152444414368,0.010278402843343182,0.2221663571487539,-0.10796182805762014,0.7198043653126436,-0.11635413616110017,0.09320204296148674
0.017996182912175328,0.01553116963617471,0.034682241940514946,0.01718526689695391,0.07447507614408042,-0.002608883540438615,0.1835930851293771,-0.11635413616110017,0.6305516855208138,-0.08340149104085734
0.00410680032208172,0.007661894254121804,0.005448051988677583,0.01546348725922956,0.004052929218368575,0.03536768242207608,-0.011280186117844836,0.09320204296148674,-0.08340149104085734,0.3898803680904497
