2.224390107919323,0.869948503932469,0.04613158847712942,-0.3385602696673717,-0.34133695683042375,-0.1750660775488765,-0.019178358857853933,0.04961031590487133,0.04159852802641857,0.008258734259518992
0.869948503932469,2.223773552362994,0.8696460076837025,0.046872180001142405,-0.3362743044585315,-0.33806857106639826,-0.17316903413961462,-0.02246952561286243,0.038201087594012084,0.024369580525775633
0.04613158847712942,0.8696460076837025,2.2223580617799406,0.8672690939614944,0.04493387849326512,-0.33508907766972434,-0.3311204459284159,-0.1608238338826185,-0.011489258210960474,0.03402005328527119
-0.3385602696673717,0.046872180001142405,0.8672690939614944,2.2155422119509183,0.8579058276167161,0.04010329229248974,-0.32435416857496313,-0.2969765704159105,-0.11126694568777494,0.018444373238934008
-0.34133695683042375,-0.3362743044585315,0.04493387849326512,0.8579058276167161,2.199677501610281,0.8447776450389933,0.04760104262853916,-0.2784401253947745,-0.2146415867720328,-0.03707213846479048
-0.1750660775488765,-0.33806857106639826,-0.33508907766972434,0.04010329229248974,0.8447776450389933,2.1822135524371626,0.8367079450477225,0.06965642806348057,-0.21248626248795816,-0.12189991013844291
-0.019178358857853933,-0.17316903413961462,-0.3311204459284159,-0.32435416857496313,0.04760104262853916,0.8367079450477225,2.147799893796819,0.7805382974388239,0.02603193752761624,-0.17976280897685984
0.04961031590487133,-0.02246952561286243,-0.1608238338826185,-0.2969765704159105,-0.2784401253947745,0.06965642806348057,0.7805382974388239,1.976429576595374,0.5369905821776371,-0.11300103633448112
0.04159852802641857,0.038201087594012084,-0.011489258210960474,-0.11126694568777494,-0.2146415867720328,-0.21248626248795816,0.02603193752761624,0.5369905821776371,1.5484064755280809,0.1622812204006443
0.008258734259518992,0.024369580525775633,0.03402005328527119,0.018444373238934008,-0.03707213846479048,-0.12189991013844291,-0.17976280897685984,-0.11300103633448112,0.1622812204006443,1.052560637121607
