3.976852203315298,-1.2300172635857818,-0.9770749151089848,1.5891144820913086,-0.9301770147425206,-0.005246602859315837,0.4746744185189028,-0.3744509178315854,0.06310822845574428,0.06466700847663877
-1.2300172635857818,3.9688402316987283,-1.2263628402353959,-0.9689625312774808,1.5690073367390953,-0.9108646900728016,-0.0019013932419476322,0.4347290080298365,-0.3133803636784238,0.03166247830186282
-0.9770749151089848,-1.2263628402353959,3.948919415382956,-1.199437854952508,-0.9787205598924116,1.5375119860367101,-0.8406763844868065,-0.06366660748643202,0.413575013765795,-0.1680847544015859
1.5891144820913086,-0.9689625312774808,-1.199437854952508,3.8893245407156005,-1.147320452146021,-0.9602129298527462,1.413807940980414,-0.6660369258315003,-0.1367458982282666,0.225711871522843
-0.9301770147425206,1.5690073367390953,-0.9787205598924116,-1.147320452146021,3.819233251923145,-1.1223794654988652,-0.8774503121416248,1.2306150720663274,-0.5058224986228445,-0.07986587998236655
-0.005246602859315837,-0.9108646900728016,1.5375119860367101,-0.9602129298527462,-1.1223794654988652,3.744486535878206,-1.0413142574704728,-0.8805726411314372,1.091737438141879,-0.2672725644345945
0.4746744185189028,-0.0019013932419476322,-0.8406763844868065,1.413807940980414,-0.8774503121416248,-1.0413142574704728,3.4613473562619554,-0.7103993229581003,-0.9323994292082176,0.5903950189146443
-0.3744509178315854,0.4347290080298365,-0.06366660748643202,-0.6660369258315003,1.2306150720663274,-0.8805726411314372,-0.7103993229581003,2.9117123763469435,-0.37655418647438627,-0.5153715570195687
0.06310822845574428,-0.3133803636784238,0.413575013765795,-0.1367458982282666,-0.5058224986228445,1.091737438141879,-0.9323994292082176,-0.37655418647438627,2.4437470943491335,-0.18493797515699117
0.06466700847663877,0.03166247830186282,-0.1680847544015859,0.225711871522843,-0.07986587998236655,-0.2672725644345945,0.5903950189146443,-0.5153715570195687,-0.18493797515699117,1.3808833331023014
