0.4535183481779965,-0.15248994581313244,0.06351330849157438,-0.026718959187226735,0.01140320750264756,-0.004959516501642344,0.0021993262872936543,-0.000978660111872606,0.00040624558324542533,-0.00011006582080167897
-0.15248994581313244,0.4535123403512331,-0.15248076164687205,0.06349927147126362,-0.0266975119858118,0.011370455119491047,-0.004909541027926951,0.00212317180679154,-0.0008628605204479348,0.00023076920826761417
0.06351330849157438,-0.15248076164687205,0.45349823515234666,-0.1524590434904996,0.06346569717295639,-0.026645283133758906,0.011288418330372094,-0.004778789145112925,0.001910265457754036,-0.0005055970349440958
-0.026718959187226735,0.06349927147126362,-0.1524590434904996,0.4534644059413419,-0.15240580156566844,0.06338058732744098,-0.02650610610060245,0.011053518633110455,-0.004365620576639875,0.0011465188426233665
0.01140320750264756,-0.0266975119858118,0.06346569717295639,-0.15240580156566844,0.4533783430034118,-0.15226283675736443,0.06313419778769705,-0.026061436759662056,0.010207541146120483,-0.002666114073360925
-0.004959516501642344,0.011370455119491047,-0.026645283133758906,0.06338058732744098,-0.15226283675736443,0.45312838994894405,-0.15180400531388202,0.06224526095885445,-0.024244152101013897,0.006308941041057474
0.0021993262872936543,-0.004909541027926951,0.011288418330372094,-0.02650610610060245,0.06313419778769705,-0.15180400531388202,0.4522261295042685,-0.1499337700072688,0.058186040283469756,-0.015104635296004951
-0.000978660111872606,0.00212317180679154,-0.004778789145112925,0.011053518633110455,-0.026061436759662056,0.06224526095885445,-0.1499337700072688,0.44811709319667087,-0.14059627616377934,0.03644028360856522
0.00040624558324542533,-0.0008628605204479348,0.001910265457754036,-0.004365620576639875,0.010207541146120483,-0.024244152101013897,0.058186040283469756,-0.14059627616377934,0.4261850809854403,-0.08834611319061586
-0.00011006582080167897,0.00023076920826761417,-0.0005055970349440958,0.0011465188426233665,-0.002666114073360925,0.006308941041057474,-0.015104635296004951,0.03644028360856522,-0.08834611319061586,0.29983789489843216
