2.843726209701735,0.6592853412478811,-0.17377915883498263,-0.018910687660210528,0.010100553715897843,0.00013800784134177245,-0.000511089475028257,3.350058534256943e-05,2.266505786404653e-05,-2.093508564134731e-06
0.6592853412478811,2.8437262096204967,0.6592853413197475,-0.1737791573092064,-0.018910691547103932,0.010100529109707396,0.000138125611586094,-0.000510780587241877,3.062928714197415e-05,2.1011042803930453e-05
-0.17377915883498263,0.6592853413197475,2.8437262089294024,0.659285340971721,-0.17377914279794082,-0.018910707684021727,0.010100261834367557,0.00013887813563762786,-0.0005065846058086866,8.734896202615311e-06
-0.018910687660210528,-0.1737791573092064,0.659285340971721,2.843726178673995,0.6592853962974051,-0.1737786201494786,-0.018912659232917385,0.010092822985384654,0.00019016190456773755,-0.00043823324178279203
0.010100553715897843,-0.018910691547103932,-0.17377914279794082,0.6592853962974051,2.84372579732041,0.6592848878385252,-0.17377010756203487,-0.018915980538039043,0.009926224779314305,0.0005231776727694882
0.00013800784134177245,0.010100529109707396,-0.018910707684021727,-0.1737786201494786,0.6592848878385252,2.8437160548164755,0.6593107077728249,-0.17361458821272896,-0.01968563994555738,0.00801435728839956
-0.000511089475028257,0.000138125611586094,0.010100261834367557,-0.018912659232917385,-0.17377010756203487,0.6593107077728249,2.843502937432965,0.6591295160463378,-0.1690217299406084,-0.023358459493863594
3.350058534256943e-05,-0.000510780587241877,0.00013887813563762786,0.010092822985384654,-0.018915980538039043,-0.17361458821272896,0.6591295160463378,2.8406516784468705,0.6673400006571175,-0.12455111720014443
2.266505786404653e-05,3.062928714197415e-05,-0.0005065846058086866,0.00019016190456773755,0.009926224779314305,-0.01968563994555738,-0.1690217299406084,0.6673400006571175,2.734798471499808,0.6705176032348372
-2.093508564134731e-06,2.1011042803930453e-05,8.734896202615311e-06,-0.00043823324178279203,0.0005231776727694882,0.00801435728839956,-0.023358459493863594,-0.12455111720014443,0.6705176032348372,1.831702435297479
