1.308839821367137,-0.008442828750197279,-0.4153821636651485,0.15716625183800784,0.10597300593862613,-0.10106142549526687,-0.004687027409008117,0.04098827703885949,-0.012071614779351123,-0.011113940339468463
-0.008442828750197279,1.3084496089080915,-0.008190649746680913,-0.4146317950154463,0.15582530897366223,0.1053323410734924,-0.09707017788770232,-0.006807704769099755,0.032883294313038915,0.000887084362309068
-0.4153821636651485,-0.008190649746680913,1.3084375534736727,-0.008817027991579405,-0.4140142520734477,0.15683043340651517,0.10282875012275519,-0.09726537004279515,-0.0002940155391193141,0.02727206345682623
0.15716625183800784,-0.4146317950154463,-0.008817027991579405,1.307127179183037,-0.0060050070134116465,-0.41333625345464486,0.14908432772810087,0.10837417808529864,-0.08287536816589458,-0.027803262404676718
0.10597300593862613,0.15582530897366223,-0.4140142520734477,-0.0060050070134116465,1.3029301155716457,-0.009182071576977025,-0.39974564238989424,0.14438057770637572,0.07841652012929634,-0.04290401388098705
-0.10106142549526687,0.1053323410734924,0.15683043340651517,-0.41333625345464486,-0.009182071576977025,1.3041933137444068,-0.002332234447677525,-0.4093597048778628,0.13607017635466112,0.11051602489997066
-0.004687027409008117,-0.09707017788770232,0.10282875012275519,0.14908432772810087,-0.39974564238989424,-0.002332234447677525,1.2634073192001927,0.018572548021674483,-0.325818005279644,0.004911369555170079
0.04098827703885949,-0.006807704769099755,-0.09726537004279515,0.10837417808529864,0.14438057770637572,-0.4093597048778628,0.018572548021674483,1.268125557896033,-0.03871076413345282,-0.28406138304739664
-0.012071614779351123,0.032883294313038915,-0.0002940155391193141,-0.08287536816589458,0.07841652012929634,0.13607017635466112,-0.325818005279644,-0.03871076413345282,1.1105638325385958,0.25381084373632246
-0.011113940339468463,0.000887084362309068,0.02727206345682623,-0.027803262404676718,-0.04290401388098705,0.11051602489997066,0.004911369555170079,-0.28406138304739664,0.25381084373632246,0.7308159874538183
