2.595736908029514,-0.9149980540993365,0.655932048749504,-0.43837011922485625,0.29322362697556936,-0.1940968083668944,0.12556172487779294,-0.07681257112066214,0.040113971763937294,-0.01069975419382583
-0.9149980540993365,2.5946468867154793,-0.9133810484392862,0.6535332816531306,-0.4348116377169427,0.2879447656239697,-0.18626558958281997,0.11394859039892863,-0.05950756820204474,0.0158726833064754
0.655932048749504,-0.9133810484392862,2.592248119580407,-0.9098225675893836,0.6482544080518593,-0.4269806452636354,0.2763274468284255,-0.16903794096814975,0.08827726878934647,-0.02354652848324376
-0.43837011922485625,0.6535332816531306,-0.9098225675893836,2.5869692470404333,-0.9019915570904851,0.6366374251969183,-0.4097467896504342,0.2507708778343358,-0.1309555014183735,0.03493040369365242
0.29322362697556936,-0.4348116377169427,0.6482544080518593,-0.9019915570904851,2.57535223507998,-0.8847581963678349,0.6110716432139903,-0.37183457366887035,0.19427698449732064,-0.05181769113104857
-0.1940968083668944,0.2879447656239697,-0.4269806452636354,0.6366374251969183,-0.8847581963678349,2.5497872512999464,-0.8468324082813234,0.5548304110990013,-0.2880284743477438,0.07687422147847936
0.12556172487779294,-0.18626558958281997,0.2763274468284255,-0.4097467896504342,0.6110716432139903,-0.8468324082813234,2.4935241289034997,-0.7633985165772668,0.43049855110235746,-0.11395453747330936
-0.07681257112066214,0.11394859039892863,-0.16903794096814975,0.2507708778343358,-0.37183457366887035,0.5548304110990013,-0.7633985165772668,2.36979259800316,-0.5791169876795255,0.17062754854259216
0.040113971763937294,-0.05950756820204474,0.08827726878934647,-0.1309555014183735,0.19427698449732064,-0.2880284743477438,0.43049855110235746,-0.5791169876795255,2.093457895578706,-0.22390535549218954
-0.01069975419382583,0.0158726833064754,-0.02354652848324376,0.03493040369365242,-0.05181769113104857,0.07687422147847936,-0.11395453747330936,0.17062754854259216,-0.22390535549218954,1.0064161872950526
