0.5408425859913772,-0.13998848283518275,0.10911019528016959,-0.08177708646588559,0.06197196515467927,-0.046020096565509434,0.03360179481891452,-0.023564258588956798,0.015132066378270755,-0.008112175672889488
-0.13998848283518275,0.5402766421571115,-0.13924835639044472,0.1081442112435206,-0.08051122140269729,0.06032660344874585,-0.04384598726643744,0.030823177451934497,-0.019767264745628014,0.010606799384019526
0.10911019528016959,-0.13924835639044472,0.5393087245286735,-0.13798506757206133,0.1064887475402877,-0.07835945782214265,0.05748336883836505,-0.04021216371564708,0.025857625333491435,-0.013849092345876769
-0.08177708646588559,0.1081442112435206,-0.13798506757206133,0.5376599303312841,-0.1358244177933551,0.1036803575803683,-0.07464855755791008,0.05274069989770641,-0.03373117075273108,0.018133847311839223
0.06197196515467927,-0.08051122140269729,0.1064887475402877,-0.1358244177933551,0.5348285353563189,-0.13214416854390143,0.09881749956919404,-0.06843342401457082,0.04424813465572708,-0.023608588254944503
-0.046020096565509434,0.06032660344874585,-0.07835945782214265,0.1036803575803683,-0.13214416854390143,0.5300450281590842,-0.12582331096752242,0.0907395004795547,-0.05739381706385815,0.031093583512711527
0.03360179481891452,-0.04384598726643744,0.05748336883836505,-0.07464855755791008,0.09881749956919404,-0.12582331096752242,0.5216933256330276,-0.11514837615712278,0.07615499323546697,-0.040004790450386726
-0.023564258588956798,0.030823177451934497,-0.04021216371564708,0.05274069989770641,-0.06843342401457082,0.0907395004795547,-0.11514837615712278,0.5080528990780652,-0.09650149202443933,0.05394970332499208
0.015132066378270755,-0.019767264745628014,0.025857625333491435,-0.03373117075273108,0.04424813465572708,-0.05739381706385815,0.07615499323546697,-0.09650149202443933,0.48259120742398653,-0.06610730428812056
-0.008112175672889488,0.010606799384019526,-0.013849092345876769,0.018133847311839223,-0.023608588254944503,0.031093583512711527,-0.040004790450386726,0.05394970332499208,-0.06610730428812056,0.4464949419354919
