16.081603388953564,15.11500068841429,13.641769074195489,11.82704810891703,9.854468966124841,7.8352207434042676,5.831037070589275,3.871033659144365,1.9642881166672124,0.10965009141075033
15.11500068841429,15.608203668153916,14.540218909834321,12.947431991265129,10.993140693799667,8.859624598658218,6.657653235950802,4.450128518774799,2.269878230331856,0.13360957081349728
13.641769074195489,14.540218909834321,14.912766455996323,13.703473832798071,11.947099992802235,9.806143385982834,7.463530269953234,5.033029157026431,2.584200735049025,0.16205481222962712
11.82704810891703,12.947431991265129,13.703473832798071,13.910602652806551,12.511751586867055,10.541868311730408,8.16581792175621,5.5723169314029715,2.886128525862354,0.19553168913186592
9.854468966124841,10.993140693799667,11.947099992802235,12.511751586867055,12.502320867733914,10.863558716014493,8.635440537600843,5.99277320578548,3.1415453781599236,0.23451795547568863
7.8352207434042676,8.859624598658218,9.806143385982834,10.541868311730408,10.863558716014493,10.590814422128473,8.67741412751166,6.179335710483311,3.297630605758126,0.2793370010862396
5.831037070589275,6.657653235950802,7.463530269953234,8.16581792175621,8.635440537600843,8.67741412751166,8.126253193539707,5.960459173233847,3.2749453699805997,0.33002747509381736
3.871033659144365,4.450128518774799,5.033029157026431,5.5723169314029715,5.99277320578548,6.179335710483311,5.960459173233847,5.207782256136323,2.956536696958989,0.38615059827764514
1.9642881166672124,2.269878230331856,2.584200735049025,2.886128525862354,3.1415453781599236,3.297630605758126,3.2749453699805997,2.956536696958989,2.2955421442666855,0.4465102341179541
0.10965009141075033,0.13360957081349728,0.16205481222962712,0.19553168913186592,0.23451795547568863,0.2793370010862396,0.33002747509381736,0.38615059827764514,0.4465102341179541,0.6312843953559444
