6.001488176244587,4.289875212209342,3.1962390753709147,2.3501719413032793,1.704104834642391,1.2132885313950748,0.8393476084148801,0.551127318864793,0.3245274597417509,0.1423374090545763
4.289875212209342,5.987781916817229,4.271101970271209,3.170652026428119,2.315521254315388,1.6575763505155514,1.1515191517511558,0.7586218650761658,0.4479553670775908,0.19697839868342382
3.1962390753709147,4.271101970271209,5.962062438620854,4.236036797750781,3.123146752252048,2.251697754994499,1.5727854306897895,1.040594944641799,0.6166474707104126,0.27204351885275035
2.3501719413032793,3.170652026428119,4.236036797750781,5.914236671212285,4.171210198249568,3.035991894007183,2.1358023543050604,1.4209728659969219,0.8459217933046234,0.37474997190203185
1.704104834642391,2.315521254315388,3.123146752252048,4.171210198249568,5.826306184401217,4.052887185755175,2.87845834059856,1.929098372492077,1.1552659223357262,0.5145414105423965
1.2132885313950748,1.6575763505155514,2.251697754994499,3.035991894007183,4.052887185755175,5.666895525295171,3.8403081186903303,2.5989059804826495,1.56860206825024,0.7035087653831569
0.8393476084148801,1.1515191517511558,1.5727854306897895,2.1358023543050604,2.87845834059856,3.8403081186903303,5.382800364729615,3.4655934675751676,2.1136414061361912,0.9566403337590079
0.551127318864793,0.7586218650761658,1.040594944641799,1.4209728659969219,1.929098372492077,2.5989059804826495,3.4655934675751676,4.886541717990948,2.8192217834161983,1.2915860752105488
0.3245274597417509,0.4479553670775908,0.6166474707104126,0.8459217933046234,1.1552659223357262,1.56860206825024,2.1136414061361912,2.8192217834161983,4.037879533186313,1.727314646201991
0.1423374090545763,0.19697839868342382,0.27204351885275035,0.37474997190203185,0.5145414105423965,0.7035087653831569,0.9566403337590079,1.2915860752105488,1.727314646201991,2.6098223944936865
