1.084086794019017,0.23249874374244514,0.4954429883490514,0.2511005333307729,0.2794685748429859,0.18033669578338568,0.15705895174759021,0.09913331040858997,0.07065931219039308,0.017675524164579966
0.23249874374244514,1.0754026970294448,0.22239378836347265,0.4830781143396189,0.23718766500823324,0.2614907030294947,0.16192774293548645,0.12949488761244216,0.07773317438062521,0.02305201080883914
0.4954429883490514,0.22239378836347265,1.0636318408225391,0.20801566443152666,0.4668518197849184,0.21632033291825375,0.23994247699105647,0.1300748914860574,0.1041229315956687,0.023221404434833733
0.2511005333307729,0.4830781143396189,0.20801566443152666,1.0460183735456852,0.18823481474569728,0.44121324462932676,0.19020838117051067,0.20052210950723506,0.09997269587189538,0.03564410329648053
0.2794685748429859,0.23718766500823324,0.4668518197849184,0.18823481474569728,1.0236191763227103,0.15958566840929736,0.41134481430170566,0.14669982057381264,0.16484966023201386,0.02630978353624231
0.18033669578338568,0.2614907030294947,0.21632033291825375,0.44121324462932676,0.15958566840929736,0.9861860287664843,0.1220020600770082,0.3533663219913379,0.10434395615474057,0.06263070444647614
0.15705895174759021,0.16192774293548645,0.23994247699105647,0.19020838117051067,0.41134481430170566,0.1220020600770082,0.9458729487479515,0.06581002420602222,0.30323727715782556,0.012385028615571798
0.09913331040858997,0.12949488761244216,0.1300748914860574,0.20052210950723506,0.14669982057381264,0.3533663219913379,0.06581002420602222,0.8544909684761548,0.006161844822029977,0.13655718801071176
0.07065931219039308,0.07773317438062521,0.1041229315956687,0.09997269587189538,0.16484966023201386,0.10434395615474057,0.30323727715782556,0.006161844822029977,0.7841462862904647,-0.07803440178212673
0.017675524164579966,0.02305201080883914,0.023221404434833733,0.03564410329648053,0.02630978353624231,0.06263070444647614,0.012385028615571798,0.13655718801071176,-0.07803440178212673,0.46085412879859927
