2.0133158748360556,-0.8777213806075119,0.9100182786510969,-0.4940329444189733,0.44916532881335636,-0.260893321007985,0.21071134802620403,-0.1175542867574989,0.07226667719670694,-0.017230664498528357
-0.8777213806075119,2.009878910313246,-0.8730973798204065,0.9034853467209423,-0.48534118636300866,0.43671716671222083,-0.24460793315261403,0.18690567811987926,-0.08719167139220509,0.0264969328299548
0.9100182786510969,-0.8730973798204065,2.003305604746222,-0.8644182383681552,0.8909395263180491,-0.46911560212341796,0.4126661230489511,-0.21446081283793186,0.14049902853922214,-0.031715791180413025
-0.4940329444189733,0.9034853467209423,-0.8644182383681552,1.9908535000057408,-0.848163368350367,0.8671151680155471,-0.4388296650980782,0.3668290373211873,-0.15848472350502582,0.051593866809818756
0.44916532881335636,-0.48534118636300866,0.8909395263180491,-0.848163368350367,1.9668116080336888,-0.8179454097464889,0.8207518981143784,-0.38317579840850835,0.2766017986648878,-0.057496108545358464
-0.260893321007985,0.43671716671222083,-0.46911560212341796,0.8671151680155471,-0.8179454097464889,1.9209532793149249,-0.7621337509110784,0.7317460430684024,-0.28143923724418946,0.10179285560026699
0.21071134802620403,-0.24460793315261403,0.4126661230489511,-0.4388296650980782,0.8207518981143784,-0.7621337509110784,1.8307753500874393,-0.660763458347201,0.5541020129772872,-0.10165063384692823
-0.1175542867574989,0.18690567811987926,-0.21446081283793186,0.3668290373211873,-0.38317579840850835,0.7317460430684024,-0.660763458347201,1.6558519495168125,-0.4801246688588977,0.2045170999493146
0.07226667719670694,-0.08719167139220509,0.14049902853922214,-0.15848472350502582,0.2766017986648878,-0.28143923724418946,0.5541020129772872,-0.4801246688588977,1.299951885874209,-0.17204160490579123
-0.017230664498528357,0.0264969328299548,-0.031715791180413025,0.051593866809818756,-0.057496108545358464,0.10179285560026699,-0.10165063384692823,0.2045170999493146,-0.17204160490579123,0.584766878925378
