2.490492776337606,-0.8869878529505126,0.5879276422517247,-0.4052733902856939,0.2817463373902002,-0.1950470012700925,0.1329893329808624,-0.08755484361841878,0.052974536988121865,-0.024662028305936924
-0.8869878529505126,2.4894519953053895,-0.8855092140335705,0.5858269162255882,-0.4022887458978576,0.27750530436712145,-0.18901797570230128,0.12440489209252617,-0.07526388562756911,0.035037807765038835
0.5879276422517247,-0.8855092140335705,2.487351291140871,-0.8825247099227391,0.5815866281363896,-0.3962635046282632,0.2689398584890118,-0.17682204128144743,0.1069430702317164,-0.04978093989951263
-0.4052733902856939,0.5858269162255882,-0.8825247099227391,2.4831111582176146,-0.8765004642891523,0.5730264695325238,-0.38409442980249453,0.2516128564169143,-0.15201353886648822,0.07073798117547603
0.2817463373902002,-0.4022887458978576,0.5815866281363896,-0.8765004642891523,2.474552100926109,-0.86433845613166,0.5557369946419298,-0.359476567186676,0.21636467000045173,-0.10056921344971562
-0.1950470012700925,0.27750530436712145,-0.3962635046282632,0.5730264695325238,-0.86433845613166,2.4572704427567436,-0.8397707501997584,0.5207551627375683,-0.3093853348787629,0.14323837347242716
0.1329893329808624,-0.18901797570230128,0.2689398584890118,-0.38409442980249453,0.5557369946419298,-0.8397707501997584,2.4223440911438865,-0.7900355120949292,0.44951935527039066,-0.20529739995436336
-0.08755484361841878,0.12440489209252617,-0.17682204128144743,0.2516128564169143,-0.359476567186676,0.5207551627375683,-0.7900355120949292,2.3515020629423744,-0.6884742966968718,0.3006542020337427
0.052974536988121865,-0.07526388562756911,0.1069430702317164,-0.15201353886648822,0.21636467000045173,-0.3093853348787629,0.44951935527039066,-0.6884742966968718,2.2054318140918268,-0.47204679264670235
-0.024662028305936924,0.035037807765038835,-0.04978093989951263,0.07073798117547603,-0.10056921344971562,0.14323837347242716,-0.20529739995436336,0.3006542020337427,-0.47204679264670235,1.8732971838402366
