5.941321356331563,1.120663958467797,-3.828846156492974,-2.096028398797788,1.915644552056246,1.9831020173820577,-0.5134020553371895,-1.170419736771367,-0.11906979770389439,0.10256543010964772
1.120663958467797,5.772138284916038,1.0461689276290613,-3.647513612238298,-1.9192476505183196,1.7651718253514166,1.690271562451179,-0.4546908126099911,-0.7716130537176511,-0.013165090676564375
-3.828846156492974,1.0461689276290613,5.490044790392247,1.01316229497266,-3.3038746967689296,-1.7217303706002494,1.4177719857856508,1.2819355210256536,-0.19794541986319475,-0.13633480611950818
-2.096028398797788,-3.647513612238298,1.01316229497266,5.244603845423424,0.9440102237054984,-3.023188945848479,-1.5067652786402084,1.1582929119268859,0.8912215202313323,-0.04498243599507712
1.915644552056246,-1.9192476505183196,-3.3038746967689296,0.9440102237054984,4.7764860054007166,0.8200009572255005,-2.484282644206736,-1.1051756237453485,0.6550617864947443,0.15293776179051918
1.9831020173820577,1.7651718253514166,-1.7217303706002494,-3.023188945848479,0.8200009572255005,4.363557325971674,0.7907063910085675,-1.9726533470018213,-0.8363296832415497,0.12641210184216972
-0.5134020553371895,1.690271562451179,1.4177719857856508,-1.5067652786402084,-2.484282644206736,0.7907063910085675,3.665270108154429,0.5118377112752188,-1.2112722908114861,-0.1371802322001399
-1.170419736771367,-0.4546908126099911,1.2819355210256536,1.1582929119268859,-1.1051756237453485,-1.9726533470018213,0.5118377112752188,2.888676617878184,0.5147646261386563,-0.22278744891518773
-0.11906979770389439,-0.7716130537176511,-0.19794541986319475,0.8912215202313323,0.6550617864947443,-0.8363296832415497,-1.2112722908114861,0.5147646261386563,1.9221788835297404,0.07352223175859043
0.10256543010964772,-0.013165090676564375,-0.13633480611950818,-0.04498243599507712,0.15293776179051918,0.12641210184216972,-0.1371802322001399,-0.22278744891518773,0.07352223175859043,0.4659301134708529
