4.484704408609218,-2.12270804357505,1.0003781784437922,-0.49147775208017036,0.2312404170532299,-0.11369754276267932,0.05317377434341197,-0.02586208030416639,0.011044595975331698,-0.003954090527163411
-2.12270804357505,4.4846911905950355,-2.122688096290739,1.000321562790571,-0.49139052012600026,0.23099779849229113,-0.11331640266823054,0.05213357091633315,-0.024198119272082094,0.0065828054519827765
1.0003781784437922,-2.122688096290739,4.484636532494485,-2.1226009967458714,1.0000871379945029,-0.49101048788194623,0.22999192930740692,-0.11165939609350899,0.0478158071885283,-0.01697788245028719
-0.49147775208017036,1.000321562790571,-2.1226009967458714,4.484393922889742,-2.1222204108795193,0.9990470095026738,-0.48934884922571853,0.22553060918511658,-0.10441008168733225,0.028672042184761173
0.2312404170532299,-0.49139052012600026,1.0000871379945029,-2.1222204108795193,4.483388016257721,-2.120561086997578,0.994728932459835,-0.482118902217145,0.20698707407082498,-0.07292634667459201
-0.11369754276267932,0.23099779849229113,-0.49101048788194623,0.9990470095026738,-2.120561086997578,4.478926852707283,-2.1133214615854805,0.9755864774711935,-0.4505541893352928,0.12481467804417659
0.05317377434341197,-0.11331640266823054,0.22999192930740692,-0.48934884922571853,0.994728932459835,-2.1133214615854805,4.460382662943602,-2.081797215497869,0.8959182514000128,-0.3133580151695391
-0.02586208030416639,0.05213357091633315,-0.11165939609350899,0.22553060918511658,-0.482118902217145,0.9755864774711935,-2.081797215497869,4.378213004100009,-1.9444318438573442,0.5430636896577411
0.011044595975331698,-0.024198119272082094,0.0478158071885283,-0.10441008168733225,0.20698707407082498,-0.4505541893352928,0.8959182514000128,-1.9444318438573442,4.035817291800823,-1.346927786559156
-0.003954090527163411,0.0065828054519827765,-0.01697788245028719,0.028672042184761173,-0.07292634667459201,0.12481467804417659,-0.3133580151695391,0.5430636896577411,-1.346927786559156,2.5200664165247595
