0.8275296296493071,0.08236657527202328,0.09337038912176462,0.05772641847131349,0.04045542732614596,0.0272825827580235,0.018307076253359714,0.011898245833132128,0.007255240325134923,0.0033382112246571026
0.08236657527202328,0.8274298431728436,0.08222119369250415,0.09315856596314025,0.0574178653442438,0.04000551791477926,0.026629257811765263,0.017342333503029814,0.010569249738638117,0.004863818255746885
0.09337038912176462,0.08222119369250415,0.8272180328722452,0.08191258287803233,0.092709026706587,0.05676238017250368,0.039053672257427355,0.025223693106806826,0.015406114886994973,0.007084937428245635
0.05772641847131349,0.09315856596314025,0.08191258287803233,0.8267683822748197,0.08125759723597903,0.09175397578584789,0.055375521401910335,0.03700577447791119,0.022402407602546668,0.010330522913938866
0.04045542732614596,0.0574178653442438,0.092709026706587,0.08125759723597903,0.825814295482623,0.0798664129125146,0.08973383318607894,0.052392256519382986,0.03289724039744874,0.015002464844452171
0.0272825827580235,0.04000551791477926,0.05676238017250368,0.09175397578584789,0.0798664129125146,0.8237858042519437,0.07692060407741304,0.08538496004147776,0.04639493383210326,0.022146183938852183
0.018307076253359714,0.026629257811765263,0.039053672257427355,0.055375521401910335,0.08973383318607894,0.07692060407741304,0.8195092239967459,0.07059894007919097,0.0767150598310906,0.03055147827255339
0.011898245833132128,0.017342333503029814,0.025223693106806826,0.03700577447791119,0.052392256519382986,0.08538496004147776,0.07059894007919097,0.8102133215215084,0.057564037295857226,0.05470046669878133
0.007255240325134923,0.010569249738638117,0.015406114886994973,0.022402407602546668,0.03289724039744874,0.04639493383210326,0.0767150598310906,0.057564037295857226,0.7936194390404407,0.019139828637664058
0.0033382112246571026,0.004863818255746885,0.007084937428245635,0.010330522913938866,0.015002464844452171,0.022146183938852183,0.03055147827255339,0.05470046669878133,0.019139828637664058,0.7753793747222835
