3.115537142699925,-1.3723032763288996,1.1860457319743314,-0.7562236907226072,0.6022055943584788,-0.39994856200876605,0.2979680087879064,-0.1934527872082758,0.12628532897155872,-0.06243247129869099
-1.3723032763288996,3.112594325994821,-1.3682776653536075,1.1804938799306925,-0.7486494135181243,0.5917223995842261,-0.38571422589425053,0.27814270952344217,-0.1667583401170435,0.08869111809246971
1.1860457319743314,-1.3682776653536075,3.10705946171272,-1.3606957123329144,1.170056702250579,-0.7343750594350964,0.5720304400645582,-0.3588592980446953,0.24095498363404472,-0.1162985173688745
-0.7562236907226072,1.1804938799306925,-1.3606957123329144,3.0965797352091022,-1.3464405836756999,1.1502494848605702,-0.7076203635952406,0.5345087414351504,-0.3088014274575862,0.16959366181650945
0.6022055943584788,-0.7486494135181243,1.170056702250579,-1.3464405836756999,3.0768790887982997,-1.3196377343903238,1.1130164697502758,-0.6573114443881776,0.4639839128270507,-0.21466014240266118
-0.39994856200876605,0.5917223995842261,-0.7343750594350964,1.1502494848605702,-1.3196377343903238,3.0393791480089036,-1.2694494239197325,1.0417685827170877,-0.5637989545631358,0.3277841504265646
0.2979680087879064,-0.38571422589425053,0.5720304400645582,-0.7076203635952406,1.1130164697502758,-1.2694494239197325,2.968799823080471,-1.175634848394361,0.9073798467572418,-0.3895466511262191
-0.1934527872082758,0.27814270952344217,-0.3588592980446953,0.5345087414351504,-0.6573114443881776,1.0417685827170877,-1.175634848394361,2.8327365562571267,-1.0021391714922494,0.6449785299985569
0.12628532897155872,-0.1667583401170435,0.24095498363404472,-0.3088014274575862,0.4639839128270507,-0.5637989545631358,0.9073798467572418,-1.0021391714922494,2.5745293952737414,-0.6842581951574405
-0.06243247129869099,0.08869111809246971,-0.1162985173688745,0.16959366181650945,-0.21466014240266118,0.3277841504265646,-0.3895466511262191,0.6449785299985569,-0.6842581951574405,2.0609319243211894
