1.3036730539876116,-0.2560808402685981,0.13262863065413558,-0.03346549435684379,-0.028777201369099267,0.05513376824358404,-0.05445209356504511,0.038482814606115065,-0.018540988117770822,0.0036576262314436513
-0.2560808402685981,1.3024230460996344,-0.25480770046538803,0.13182001530069812,-0.033798335050375966,-0.026560376402315823,0.05046932168375702,-0.047316095490251175,0.029814097575856825,-0.010606197200025175
0.13262863065413558,-0.25480770046538803,1.3008007914473683,-0.2532127832872095,0.13090649630761686,-0.034450969613228584,-0.02340057587060463,0.04413551944541966,-0.03789042790963232,0.018668975551654286
-0.03346549435684379,0.13182001530069812,-0.2532127832872095,1.298450174284338,-0.25046049712717167,0.12853729697107202,-0.03369887065759688,-0.02099790511516991,0.037114462936840995,-0.02549915917295008
-0.028777201369099267,-0.033798335050375966,0.13090649630761686,-0.25046049712717167,1.293542686601786,-0.2436944244773851,0.1211743189878627,-0.02820438661528251,-0.021011071488194737,0.027440973229408257
0.05513376824358404,-0.026560376402315823,-0.034450969613228584,0.12853729697107202,-0.2436944244773851,1.2816964326237956,-0.2275777020520036,0.10391248241064385,-0.0157721834837626,-0.01997784176736545
-0.05445209356504511,0.05046932168375702,-0.02340057587060463,-0.03369887065759688,0.1211743189878627,-0.2275777020520036,1.2565159670708743,-0.1963838690888852,0.07448008390999768,-0.0011343241213875351
0.038482814606115065,-0.047316095490251175,0.04413551944541966,-0.02099790511516991,-0.02820438661528251,0.10391248241064385,-0.1963838690888852,1.213097214634439,-0.14860810213642586,0.03797361083954704
-0.018540988117770822,0.029814097575856825,-0.03789042790963232,0.037114462936840995,-0.021011071488194737,-0.0157721834837626,0.07448008390999768,-0.14860810213642586,1.1518872105591398,-0.08796747182353365
0.0036576262314436513,-0.010606197200025175,0.018668975551654286,-0.02549915917295008,0.027440973229408257,-0.01997784176736545,-0.0011343241213875351,0.03797361083954704,-0.08796747182353365,1.0726911013211786
