1.5838270654434847,0.4732819560393323,0.4538312389143389,0.08126770711835378,0.14228649325146794,0.002951462585168931,0.047587443483253916,-0.005695142042036099,0.014703856668709258,-0.0002742463542873217
0.4732819560393323,1.583566491773141,0.47361521066695017,0.45325983730905306,0.08192132814042949,0.14099248464815867,0.004141328245651532,0.04450270916628839,-0.003916545548112484,0.006788100061104132
0.4538312389143389,0.47361521066695017,1.5830869454026266,0.47431764609332266,0.45225562575114103,0.08340542014790162,0.1388965572688227,0.007290574197542741,0.04015571822686154,0.00281960620718945
0.08126770711835378,0.45325983730905306,0.47431764609332266,1.5818188781196219,0.4756615178937188,0.4493272514270753,0.08570949591086066,0.1317092015733342,0.010089512058837053,0.020997349424625934
0.14228649325146794,0.08192132814042949,0.45225562575114103,0.4756615178937188,1.5796484338562364,0.47836837858780024,0.4445311137470771,0.09093619952314352,0.1207098288708,0.019257937216599262
0.002951462585168931,0.14099248464815867,0.08340542014790162,0.4493272514270753,0.47836837858780024,1.572675129178323,0.4824380756307569,0.4266629266008047,0.09313082624497182,0.07054944235662641
0.047587443483253916,0.004141328245651532,0.1388965572688227,0.08570949591086066,0.4445311137470771,0.4824380756307569,1.5610608912850408,0.4879562234131516,0.3962333264711728,0.09281067117601094
-0.005695142042036099,0.04450270916628839,0.007290574197542741,0.1317092015733342,0.09093619952314352,0.4266629266008047,0.4879562234131516,1.5126667154951943,0.4780891975373457,0.25197662333875054
0.014703856668709258,-0.003916545548112484,0.04015571822686154,0.010089512058837053,0.1207098288708,0.09313082624497182,0.3962333264711728,0.4780891975373457,1.4200135616715996,0.4005075573096373
-0.0002742463542873217,0.006788100061104132,0.00281960620718945,0.020997349424625934,0.019257937216599262,0.07054944235662641,0.09281067117601094,0.25197662333875054,0.4005075573096373,0.9644047043142594
