0.3776204001251502,0.09553818809488715,0.02612146550227392,-0.005913775868558428,-0.01677854599651847,-0.01722819749555715,-0.013567888497592821,-0.00899587234481286,-0.004780050146617991,-0.0011218418256260009
0.09553818809488715,0.37754784155274024,0.09540968993097848,0.02591964495447763,-0.006192328297204854,-0.017098322510788327,-0.017471412781132758,-0.013467593575634644,-0.008045684892141948,-0.0021344451487652627
0.02612146550227392,0.09540968993097848,0.37731424841807454,0.09503380753264004,0.025385706769236113,-0.006834295526041116,-0.017653390746264076,-0.01747470081392695,-0.012010317376809462,-0.003572872580965663
-0.005913775868558428,0.02591964495447763,0.09503380753264004,0.3766963179310359,0.09413454403070262,0.024264492258810482,-0.007891702749640093,-0.017928597342503134,-0.015522445014581073,-0.005302389119491469
-0.01677854599651847,-0.006192328297204854,0.025385706769236113,0.09413454403070262,0.37535306588900547,0.09239696221790752,0.02249265181961807,-0.008726059748558612,-0.015800567422690037,-0.006797922406512322
-0.01722819749555715,-0.017098322510788327,-0.006834295526041116,0.024264492258810482,0.09239696221790752,0.3729942589732872,0.08976453225737155,0.020664261006871153,-0.007368076859326019,-0.0068071798973609494
-0.013567888497592821,-0.017471412781132758,-0.017653390746264076,-0.007891702749640093,0.02249265181961807,0.08976453225737155,0.3696141951524905,0.08636922617248821,0.01919866747498882,-0.0028820272996189352
-0.00899587234481286,-0.013467593575634644,-0.01747470081392695,-0.017928597342503134,-0.008726059748558612,0.020664261006871153,0.08636922617248821,0.36404668231141535,0.07828973665021746,0.009166489332460222
-0.004780050146617991,-0.008045684892141948,-0.012010317376809462,-0.015522445014581073,-0.015800567422690037,-0.007368076859326019,0.01919866747498882,0.07828973665021746,0.34317089089995656,0.03569876888873793
-0.0011218418256260009,-0.0021344451487652627,-0.003572872580965663,-0.005302389119491469,-0.006797922406512322,-0.0068071798973609494,-0.0028820272996189352,0.009166489332460222,0.03569876888873793,0.2392211596197884
