6.5172002959292135,1.3524318748549078,-4.448158174254897,-2.9694290524388984,2.0039050922616344,2.924840275782013,-0.16592925768367536,-1.824456607693217,-0.503460660520381,0.5520289657820925
1.3524318748549078,6.167292281652791,1.292226457754233,-4.076329653073698,-2.696414751957482,1.7231156054838799,2.455451984673864,-0.09785626247155477,-1.2442568814909825,-0.26486454773401036
-4.448158174254897,1.292226457754233,5.881134969225662,1.205355804977914,-3.79282960815951,-2.440866513957693,1.5349474710926412,2.056926840902161,-0.09816492224274308,-0.7834297585634051
-2.9694290524388984,-4.076329653073698,1.205355804977914,5.40350662518701,1.044605331530851,-3.3282530173272216,-2.0008177184286984,1.23823060890025,1.3856090976915223,-0.1221130477736527
2.0039050922616344,-2.696414751957482,-3.79282960815951,1.044605331530851,4.987644162653917,1.0030985199594995,-2.8699041687848936,-1.7021108823294577,0.8714108194855379,0.8394466161587385
2.924840275782013,1.7231156054838799,-2.440866513957693,-3.3282530173272216,1.0030985199594995,4.427540752757415,0.7447635100154829,-2.363297938047406,-1.1261926022659765,0.6003896943712776
-0.16592925768367536,2.455451984673864,1.5349474710926412,-2.0008177184286984,-2.8699041687848936,0.7447635100154829,3.7560472629584285,0.6763208613137421,-1.6239791658081044,-0.6426512728316426
-1.824456607693217,-0.09785626247155477,2.056926840902161,1.23823060890025,-1.7021108823294577,-2.363297938047406,0.6763208613137421,3.132593318039994,0.4144944783070661,-1.0460014926619676
-0.503460660520381,-1.2442568814909825,-0.09816492224274308,1.3856090976915223,0.8714108194855379,-1.1261926022659765,-1.6239791658081044,0.4144944783070661,2.134176865751836,0.17128017640840631
0.5520289657820925,-0.26486454773401036,-0.7834297585634051,-0.1221130477736527,0.8394466161587385,0.6003896943712776,-0.6426512728316426,-1.0460014926619676,0.17128017640840631,1.3325723996033911
