3.102483698789779,2.257606179069759,1.859992503652167,1.452910655058437,1.1536291488360078,0.901564213537007,0.6980796478970195,0.5311179161053681,0.3840147070162383,0.2785750341423774
2.257606179069759,3.0933433268901283,2.2461533439665686,1.845695274417009,1.4349027949562556,1.1314302913725451,0.8727541198388707,0.665108551950341,0.4805464045149816,0.3487442999705746
1.859992503652167,2.2461533439665686,3.078993030132477,2.228238921617838,1.8231318136026393,1.4070869657580665,1.0953338699591684,0.8314342214993946,0.6017648767181508,0.4362862667141421
1.452910655058437,1.845695274417009,2.228238921617838,3.0566296537060067,2.200070797177144,1.788410083052235,1.3620183187577355,1.0437738394801057,0.7522920449785265,0.5467125617824957
1.1536291488360078,1.4349027949562556,1.8231318136026393,2.200070797177144,3.021153530253877,2.156330434872321,1.7316669543815617,1.297010325367223,0.9442927809951875,0.6823472317298415
0.901564213537007,1.1314302913725451,1.4070869657580665,1.788410083052235,2.156330434872321,2.9672547446933657,2.086314311880697,1.6517281126869625,1.1737743606341722,0.8598791451143966
0.6980796478970195,0.8727541198388707,1.0953338699591684,1.3620183187577355,1.7316669543815617,2.086314311880697,2.8765916667157643,1.9819608669766826,1.4936330177711197,1.0586861793638507
0.5311179161053681,0.665108551950341,0.8314342214993946,1.0437738394801057,1.297010325367223,1.6517281126869625,1.9819608669766826,2.758930949580424,1.795678530703898,1.3780016622711901
0.3840147070162383,0.4805464045149816,0.6017648767181508,0.7522920449785265,0.9442927809951875,1.1737743606341722,1.4936330177711197,1.795678530703898,2.490846881985019,1.5653490628252003
0.2785750341423774,0.3487442999705746,0.4362862667141421,0.5467125617824957,0.6823472317298415,0.8598791451143966,1.0586861793638507,1.3780016622711901,1.5653490628252003,2.4604222290293687
