3.5646766098383513,0.41833422542340976,0.4699061510681768,-0.09893173011646698,0.14118823505217273,-0.07765108454583405,0.06069488948026333,-0.0397314982977222,0.026281396523978866,-0.017157670267937707
0.41833422542340976,3.564414706696055,0.41870403641766274,0.4693876143213711,-0.09819275231820618,0.1401742788683879,-0.0761329581265033,0.05884863714271031,-0.036170820044182705,0.0244060103843726
0.4699061510681768,0.41870403641766274,3.5638924882343517,0.4194361430307156,0.46834384287821174,-0.09676198148425193,0.13802739371215036,-0.0735365076833228,0.05378625518477777,-0.03363580768216946
-0.09893173011646698,0.4693876143213711,0.4194361430307156,3.5628657083563207,0.42089862522586563,0.46633455879523367,-0.09376237431679053,0.13435246902864162,-0.0665514658949208,0.0498622125345574
0.14118823505217273,-0.09819275231820618,0.46834384287821174,0.42089862522586563,3.5607780061194503,0.42375188057796137,0.46202458830768467,-0.08863795018245564,0.12402514114570831,-0.062175514937171175
-0.07765108454583405,0.1401742788683879,-0.09676198148425193,0.46633455879523367,0.42375188057796137,3.556829945015387,0.42955173626279264,0.4546280745795842,-0.07567502089561762,0.11408204186337378
0.06069488948026333,-0.0761329581265033,0.13802739371215036,-0.09376237431679053,0.46202458830768467,0.42955173626279264,3.5477631751622347,0.43939746622917003,0.43115890905837295,-0.07403627939798224
-0.0397314982977222,0.05884863714271031,-0.0735365076833228,0.13435246902864162,-0.08863795018245564,0.4546280745795842,0.43939746622917003,3.532002446201591,0.45542246433021544,0.38832867178070063
0.026281396523978866,-0.036170820044182705,0.05378625518477777,-0.0665514658949208,0.12402514114570831,-0.07567502089561762,0.43115890905837295,0.45542246433021544,3.453596830203816,0.38305137713562476
-0.017157670267937707,0.0244060103843726,-0.03363580768216946,0.0498622125345574,-0.062175514937171175,0.11408204186337378,-0.07403627939798224,0.38832867178070063,0.38305137713562476,3.12086386642817
