2.793025472317505,0.07765213206443258,-0.6827514230909806,0.16050807437948614,0.1422800627257839,-0.08133408557471367,-0.01673519328906701,0.026339164723632943,-0.0030342790242566735,-0.0052226976902855155
0.07765213206443258,2.793001445020566,0.07771004604325099,-0.6827195790728724,0.16026310099693855,0.1424029198284764,-0.0805505810262977,-0.017957385489969037,0.02464695173398974,0.0031365763671279616
-0.6827514230909806,0.07771004604325099,2.792934952687788,0.07756156315055651,-0.6823284984729224,0.16042732607671226,0.14079852438607715,-0.07958236160184815,-0.012986532020743048,0.016196265957635448
0.16050807437948614,-0.6827195790728724,0.07756156315055651,2.7929631305132014,0.07808187899604169,-0.6829430356332703,0.15911014203275825,0.14435888605316435,-0.0782149252306186,-0.027467542550622046
0.1422800627257839,0.16026310099693855,-0.6823284984729224,0.07808187899604169,2.7910093284464335,0.07807882066145073,-0.6757296777575608,0.152043471869111,0.124672563511521,-0.03281912729450911
-0.08133408557471367,0.1424029198284764,0.16042732607671226,-0.6829430356332703,0.07807882066145073,2.7932802317160594,0.07586183082174675,-0.681934897456324,0.16631384533417837,0.13356994592789956
-0.01673519328906701,-0.0805505810262977,0.14079852438607715,0.15911014203275825,-0.6757296777575608,0.07586183082174675,2.768835261676573,0.1080295782418848,-0.62328653708072,-0.009946242161523872
0.026339164723632943,-0.017957385489969037,-0.07958236160184815,0.14435888605316435,0.152043471869111,-0.681934897456324,0.1080295782418848,2.7601712198133392,-0.002181620854675989,-0.48317011731404924
-0.0030342790242566735,0.02464695173398974,-0.012986532020743048,-0.0782149252306186,0.124672563511521,0.16631384533417837,-0.62328653708072,-0.002181620854675989,2.651876372401257,0.5108064284095332
-0.0052226976902855155,0.0031365763671279616,0.016196265957635448,-0.027467542550622046,-0.03281912729450911,0.13356994592789956,-0.009946242161523872,-0.48317011731404924,0.5108064284095332,1.6314286463044776
