6.7997218279846985,3.2675847935170803,-0.5600194141750132,-2.3143934331981515,-1.8443054479082903,-0.4572398983975186,0.5378164179160901,0.671806599733784,0.2815738925436691,-0.037429623005631116
3.2675847935170803,6.774066367523588,3.246610762848787,-0.5494541274791345,-2.258654211360109,-1.7685982438379826,-0.4289675639453995,0.4494951840694783,0.4707601336611386,0.0989562147013654
-0.5600194141750132,3.246610762848787,6.7450870822941145,3.2351367595238694,-0.5167544341932664,-2.1824064031142294,-1.697904780852237,-0.4461601568574317,0.2929295057500673,0.23561804812126924
-2.3143934331981515,-0.5494541274791345,3.2351367595238694,6.7065531296935506,3.1903099715095817,-0.5235325847442327,-2.1131783383969536,-1.568029209376954,-0.35011692269542505,0.22222106692977944
-1.8443054479082903,-2.258654211360109,-0.5167544341932664,3.1903099715095817,6.5714581948351976,3.0414402165786982,-0.5332105655325015,-1.8614611843235325,-1.1227564765295264,-0.04672545198632905
-0.4572398983975186,-1.7685982438379826,-2.1824064031142294,-0.5235325847442327,3.0414402165786982,6.33063667323703,2.9002866908848373,-0.33932273433227045,-1.277646374966213,-0.4797165373591186
0.5378164179160901,-0.4289675639453995,-1.697904780852237,-2.1131783383969536,-0.5332105655325015,2.9002866908848373,6.108153904546359,2.776403590791236,-0.14911518639204785,-0.7311969742349982
0.671806599733784,0.4494951840694783,-0.4461601568574317,-1.568029209376954,-1.8614611843235325,-0.33932273433227045,2.776403590791236,5.548331943351,2.0480408030998483,-0.3786650908219227
0.2815738925436691,0.4707601336611386,0.2929295057500673,-0.35011692269542505,-1.1227564765295264,-1.277646374966213,-0.14911518639204785,2.0480408030998483,3.9677157899555127,0.6735317397137598
-0.037429623005631116,0.0989562147013654,0.23561804812126924,0.22222106692977944,-0.04672545198632905,-0.4797165373591186,-0.7311969742349982,-0.3786650908219227,0.6735317397137598,2.0449864023671798
