9.369724981628485,3.582099467580237,-1.9536902183340525,-2.7724297403465363,-0.8201185817986862,0.7018367688095077,0.7497201716747004,0.16066352069438772,-0.1161293500624083,-0.015338027654016081
3.582099467580237,9.365362598883245,3.579037182752958,-1.9480881582378755,-2.757896804093951,-0.8128165622262926,0.6792085591290915,0.702389562810172,0.1467195887772025,-0.028981929092366656
-1.9536902183340525,3.579037182752958,9.3447121185424,3.5576698802459648,-1.9309656449027044,-2.686530992464767,-0.7536491338736535,0.5999661376953389,0.4612469209214064,-0.005212251696425329
-2.7724297403465363,-1.9480881582378755,3.5576698802459648,9.302920712429513,3.5484711545298318,-1.8497598244992695,-2.554839305890298,-0.7557971229957625,0.30149648078875757,0.057911269930904966
-0.8201185817986862,-2.757896804093951,-1.9309656449027044,3.5484711545298318,9.251916474417508,3.499366141641312,-1.8024509598300262,-2.3799469627323093,-0.622799471105005,0.09089035020059244
0.7018367688095077,-0.8128165622262926,-2.686530992464767,-1.8497598244992695,3.499366141641312,9.002529758314452,3.268528524524041,-1.5584660643462942,-1.5282707283631887,-0.005667817903493756
0.7497201716747004,0.6792085591290915,-0.7536491338736535,-2.554839305890298,-1.8024509598300262,3.268528524524041,8.580693394017755,3.209696983287098,-0.6922654288691609,-0.2117198066845596
0.16066352069438772,0.702389562810172,0.5999661376953389,-0.7557971229957625,-2.3799469627323093,-1.5584660643462942,3.209696983287098,7.952709489160193,2.4829568231913703,-0.27680666791572717
-0.1161293500624083,0.1467195887772025,0.4612469209214064,0.30149648078875757,-0.622799471105005,-1.5282707283631887,-0.6922654288691609,2.4829568231913703,5.015034946272494,0.09659324872722415
-0.015338027654016081,-0.028981929092366656,-0.005212251696425329,0.057911269930904966,0.09089035020059244,-0.005667817903493756,-0.2117198066845596,-0.27680666791572717,0.09659324872722415,0.8193523862755783
