1.7998395259592277,0.0607422467615752,0.042045888794372856,-0.019824455118132092,0.015054924564639893,-0.01024328932003334,0.006817876108590495,-0.004141045183710024,0.002038289183786554,0.0006444380563657614
0.0607422467615752,1.7997077049510657,0.06092698193700254,0.04178699583778965,-0.01946166432923927,0.014546292594047772,-0.009532306582405368,0.005805920378983073,-0.002856176606128846,-0.0009030846768215133
0.042045888794372856,0.06092698193700254,1.7994488153740957,0.06128979691185464,0.04127857748417255,-0.01874886279348697,0.013549914883123109,-0.008114142083583797,0.004005297269504673,0.0012659222367332151
-0.019824455118132092,0.04178699583778965,0.06128979691185464,1.7989403564885817,0.062002308384002315,0.04027963785254476,-0.017352511245480866,0.01156246369702393,-0.005590668912823435,-0.0017712651705067508
0.015054924564639893,-0.01946166432923927,0.04127857748417255,0.062002308384002315,1.7979419029583301,0.06340213868154997,0.038322911929212874,-0.014567434097393962,0.008026541156388935,0.002506346591126237
-0.01024328932003334,0.014546292594047772,-0.01874886279348697,0.04027963785254476,0.06340213868154997,1.7959793471931542,0.06614549498572674,0.03441849953994042,-0.009607850183146912,-0.003306396220657536
0.006817876108590495,-0.009532306582405368,0.013549914883123109,-0.017352511245480866,0.038322911929212874,0.06614549498572674,1.7921448524333907,0.07160543938749545,0.0275048821725314,0.006396772459567844
-0.004141045183710024,0.005805920378983073,-0.008114142083583797,0.01156246369702393,-0.014567434097393962,0.03441849953994042,0.07160543938749545,1.7843927089023497,0.08160920984198089,0.006124241497985412
0.002038289183786554,-0.002856176606128846,0.004005297269504673,-0.005590668912823435,0.008026541156388935,-0.009607850183146912,0.0275048821725314,0.08160920984198089,1.773068560875418,0.12054455494235908
0.0006444380563657614,-0.0009030846768215133,0.0012659222367332151,-0.0017712651705067508,0.002506346591126237,-0.003306396220657536,0.006396772459567844,0.006124241497985412,0.12054455494235908,1.7952873012180204
