0.7241710342742919,-0.3308409399093354,0.2568987342083676,-0.19323811326262297,0.14528289457340965,-0.10775942836001903,0.07820875686674823,-0.054402797647176634,0.034610182418755533,-0.017308846224402853
-0.3308409399093354,0.7228069128884985,-0.3290532429991142,0.2545559343193358,-0.19016785728611407,0.14125922381975123,-0.10248673030057895,0.07129668014712524,-0.045356851628650656,0.022683483925835645
0.2568987342083676,-0.3290532429991142,0.7204641153368757,-0.325982976550115,0.25053232822514365,-0.1848947900512877,0.1343492918508951,-0.09342837328826233,0.05944186427153615,-0.029726766804150914
-0.19323811326262297,0.2545559343193358,-0.325982976550115,0.7164404915039985,-0.3207099887914155,0.2436219055531373,-0.17583923472502885,0.12247819938010472,-0.07789247596801567,0.038958482627969436
0.14528289457340965,-0.19016785728611407,0.25053232822514365,-0.3207099887914155,0.7095302034515486,-0.3116538303178049,0.2317545370472304,-0.16028207530265423,0.10211834143702533,-0.05104858952798208
-0.10775942836001903,0.14125922381975123,-0.1848947900512877,0.2436219055531373,-0.3116538303178049,0.6976618133127036,-0.29610124820363987,0.21136641779291224,-0.13359954776492824,0.06694010675180469
0.07820875686674823,-0.10248673030057895,0.1343492918508951,-0.17583923472502885,0.2317545370472304,-0.29610124820363987,0.6772814472696375,-0.2693839832996943,0.1764026592743386,-0.0874922833903835
-0.054402797647176634,0.07129668014712524,-0.09342837328826233,0.12247819938010472,-0.16028207530265423,0.21136641779291224,-0.2693839832996943,0.6422588493357766,-0.2235403421195313,0.11601196224147492
0.034610182418755533,-0.045356851628650656,0.05944186427153615,-0.07789247596801567,0.10211834143702533,-0.13359954776492824,0.1764026592743386,-0.2235403421195313,0.5823146868650187,-0.1442040906993533
-0.017308846224402853,0.022683483925835645,-0.029726766804150914,0.038958482627969436,-0.05104858952798208,0.06694010675180469,-0.0874922833903835,0.11601196224147492,-0.1442040906993533,0.47946428640409233
