3.010295830802875,-0.04149896532519951,0.04682415102328351,-0.04157633399781999,0.03678884141181986,-0.03236260426487063,0.028254373223541004,-0.024423765922150002,0.020835800162509088,-0.01688877866142149
-0.04149896532519951,3.009585878750298,-0.04071506284172346,0.04595859524191813,-0.04062061970114906,0.03573357745681144,-0.03119742136785722,0.026967808167809117,-0.023006110670887214,0.018647957263475335
0.04682415102328351,-0.04071506284172346,3.0087203229689328,-0.0397593485450511,0.04490333128721176,-0.039455436739776355,0.034447026113861356,-0.02977684438849442,0.02540248630114994,-0.02059037643111209
-0.04157633399781999,0.04595859524191813,-0.0397593485450511,3.0076650590142244,-0.038594165584011915,0.04361677987319855,-0.03803487490155397,0.032878478184392254,-0.028048474572166505,0.022735122972731156
0.03678884141181986,-0.04062061970114906,0.04490333128721176,-0.038594165584011915,3.0063785076005813,-0.03717360366732639,0.0420482486620123,-0.03630294298742306,0.03097007692480588,-0.025103271822568635
-0.03236260426487063,0.03573357745681144,-0.039455436739776355,0.04361677987319855,-0.03717360366732639,3.004809976302308,-0.035441690212399325,0.040135914266808306,-0.034195757746234734,0.027718094240713653
0.028254373223541004,-0.03119742136785722,0.034447026113861356,-0.03803487490155397,0.0420482486620123,-0.035441690212399325,3.0028976623952404,-0.03333016226731059,0.03780923927857337,-0.030605049718762475
-0.024423765922150002,0.026967808167809117,-0.02977684438849442,0.032878478184392254,-0.03630294298742306,0.040135914266808306,-0.03333016226731059,3.000566167377279,-0.030761116783561377,0.033842482713398465
0.020835800162509088,-0.023006110670887214,0.02540248630114994,-0.028048474572166505,0.03097007692480588,-0.034195757746234734,0.03780923927857337,-0.030761116783561377,2.9977333688124697,-0.026813943612206632
-0.01688877866142149,0.018647957263475335,-0.02059037643111209,0.022735122972731156,-0.025103271822568635,0.027718094240713653,-0.030605049718762475,0.033842482713398465,-0.026813943612206632,2.9011662548652293
