1.0014850362702659,0.30788756488277835,0.21163111452478195,0.1459448690009268,0.10034179103041073,0.0682637169671849,0.04532316312294303,0.02848988688804839,0.015710735489725514,0.005950305278913811
0.30788756488277835,1.000963586310219,0.30713873179396056,0.21055620714700113,0.14440349446596767,0.09813703030341821,0.0651291188980686,0.04093269073458569,0.02257108348001518,0.008548787740947757
0.21163111452478195,0.30713873179396056,0.9998882173858765,0.3055951001848527,0.20834269865116384,0.14123731570615294,0.09363552097592338,0.0588239991769314,0.03243244997190874,0.012284414586336351
0.1459448690009268,0.21055620714700113,0.3055951001848527,0.9976724190212245,0.30241772341354206,0.20379778905870893,0.13477551485085998,0.08458439316256797,0.04662070095243751,0.017660693019878267
0.10034179103041073,0.14440349446596767,0.20834269865116384,0.30241772341354206,0.9931161487132494,0.2959003659157985,0.1945313397122832,0.12179487524283664,0.0670795228433774,0.025418444778622786
0.0682637169671849,0.09813703030341821,0.14123731570615294,0.20379778905870893,0.2959003659157985,0.9837933355016533,0.2826440933954944,0.17595819567065352,0.0967359988715521,0.03668241910381795
0.04532316312294303,0.0651291188980686,0.09363552097592338,0.13477551485085998,0.1945313397122832,0.2826440933954944,0.9649405536774105,0.25621772073607624,0.14026107047118075,0.05327747596168225
0.02848988688804839,0.04093269073458569,0.0588239991769314,0.08458439316256797,0.12179487524283664,0.17595819567065352,0.25621772073607624,0.9278560628452164,0.20597464484018738,0.07854740809257069
0.015710735489725514,0.02257108348001518,0.03243244997190874,0.04662070095243751,0.0670795228433774,0.0967359988715521,0.14026107047118075,0.20597464484018738,0.8592592697935225,0.11979050022751025
0.005950305278913811,0.008548787740947757,0.012284414586336351,0.017660693019878267,0.025418444778622786,0.03668241910381795,0.05327747596168225,0.07854740809257069,0.11979050022751025,0.7439776962553734
