2.275895655672236,1.1088379467014782,0.8681654515017952,0.66784782477654,0.5102437796409537,0.3823967872049434,0.2775519664868867,0.18923914144812098,0.11221222263027221,0.041971716729231244
1.1088379467014782,2.267536798578881,1.0981720271623399,0.8545557501043446,0.6504817207541216,0.48808503738912834,0.35412046662089036,0.24147834601548204,0.14318089325833827,0.05355587282837062
0.8681654515017952,1.0981720271623399,2.253927062234216,1.080806019571922,0.832396561814064,0.6222071274922032,0.4520043539020747,0.30809060204872496,0.18270730717458905,0.0683377484648334
0.66784782477654,0.8545557501043446,1.080806019571922,2.2317680538916354,1.0525309297692367,0.7963181750363584,0.5761683687163033,0.3932696834367734,0.233101306359137,0.08719751804505865
0.5102437796409537,0.6504817207541216,0.832396561814064,1.0525309297692367,2.195688740540087,1.0064947277455807,0.7375716785193611,0.5012248704251747,0.2975726288658367,0.11127037282281024
0.3823967872049434,0.48808503738912834,0.6222071274922032,0.7963181750363584,1.0064947277455807,2.136947015070924,0.9315380644084545,0.6419355178089532,0.3791581201965094,0.14195604086185307
0.2775519664868867,0.35412046662089036,0.4520043539020747,0.5761683687163033,0.7375716785193611,0.9315380644084545,2.041286287621855,0.8095391026941172,0.4860053794886485,0.18123741205271598
0.18923914144812098,0.24147834601548204,0.30809060204872496,0.3932696834367734,0.5012248704251747,0.6419355178089532,0.8095391026941172,1.885482646597195,0.6112693427752209,0.23085035600093617
0.11221222263027221,0.14318089325833827,0.18270730717458905,0.233101306359137,0.2975726288658367,0.3791581201965094,0.4860053794886485,0.6112693427752209,1.6296762722718334,0.29621513580785874
0.041971716729231244,0.05355587282837062,0.0683377484648334,0.08719751804505865,0.11127037282281024,0.14195604086185307,0.18123741205271598,0.23085035600093617,0.29621513580785874,1.1851987220042304
