0.918547966648173,-0.36124936305989647,0.33744142677042266,-0.17933798634556886,0.15721531172490297,-0.0866178051479157,0.07075578726120126,-0.03799222265352632,0.026039937711968195,-0.009004354623894595
-0.36124936305989647,0.918002563308696,-0.36049502783245424,0.33630580690126943,-0.17778246459770541,0.1548482841816897,-0.08341428801912554,0.06581572950305095,-0.0314054428995705,0.015713654797288357
0.33744142677042266,-0.36049502783245424,0.916827889856179,-0.3589459062509571,0.33384756254703496,-0.17460867310456252,0.1496927511628658,-0.07693145204011259,0.05497491715646842,-0.01821431098084023
-0.17933798634556886,0.33630580690126943,-0.3589459062509571,0.914459813443029,-0.3557573378852677,0.3289026333021451,-0.16805720579564645,0.1393494337690145,-0.063500331998197,0.03329510809146437
0.15721531172490297,-0.17778246459770541,0.33384756254703496,-0.3557573378852677,0.9093067020827195,-0.34923998780858545,0.31807306837235483,-0.15478454357445368,0.11652099526404887,-0.03659722272162552
-0.0866178051479157,0.1548482841816897,-0.17460867310456252,0.3289026333021451,-0.34923998780858545,0.8989577934999569,-0.3358885548237125,0.29636729097545084,-0.12751558271109692,0.07087500793565811
0.07075578726120126,-0.08341428801912554,0.1496927511628658,-0.16805720579564645,0.31807306837235483,-0.3358885548237125,0.876142264079099,-0.30880146197263314,0.24812927413451935,-0.07288151649741707
-0.03799222265352632,0.06581572950305095,-0.07693145204011259,0.1393494337690145,-0.15478454357445368,0.29636729097545084,-0.30880146197263314,0.8304664719175782,-0.25374749410579617,0.15169413915484425
0.026039937711968195,-0.0314054428995705,0.05497491715646842,-0.063500331998197,0.11652099526404887,-0.12751558271109692,0.24812927413451935,-0.25374749410579617,0.7281156051653299,-0.14341087490276325
-0.009004354623894595,0.015713654797288357,-0.01821431098084023,0.03329510809146437,-0.03659722272162552,0.07087500793565811,-0.07288151649741707,0.15169413915484425,-0.14341087490276325,0.5235457766891235
