1.1195184361921788,-0.08759157639739544,0.0337880314506169,-0.012428458822645708,0.004585410022267806,-0.00169141451253111,0.0006238699731369968,-0.00022998216611781804,8.44030393660439e-05,-3.1098470335478714e-05
-0.08759157639739544,1.11951843516726,-0.08759157361891583,0.033788023918363254,-0.012428438403235464,0.004585354667736033,-0.0016912644088729408,0.0006234647993925393,-0.00022881044272843808,8.430567007294713e-05
0.0337880314506169,-0.08759157361891583,1.1195184276350059,-0.08759155319952906,0.03378796856284086,-0.012428288341162835,0.004584947747736305,-0.0016901660125913272,0.0006202883432896395,-0.00022854648165800186
-0.012428458822645708,0.033788023918363254,-0.08759155319952906,1.1195183722795514,-0.08759140313478282,0.03378756175560878,-0.01242718521099893,0.004581970076276745,-0.0016815548738672555,0.0006195727669353265
0.004585410022267806,-0.012428438403235464,0.03378796856284086,-0.08759140313478282,1.1195179654645713,-0.08759030030896765,0.03378457124726569,-0.012419112952883825,0.004558625887076504,-0.0016796148842875614
-0.00169141451253111,0.004585354667736033,-0.012428288341162835,0.03378756175560878,-0.08759030030896765,1.1195149758382374,-0.0875821934053696,0.03376268834231018,-0.012355829589562207,0.004553371530582479
0.0006238699731369968,-0.0016912644088729408,0.004584947747736305,-0.01242718521099893,0.03378457124726569,-0.0875821934053696,1.1194929925299268,-0.08752285390414807,0.0335910889660176,-0.01234138331850292
-0.00022998216611781804,0.0006234647993925393,-0.0016901660125913272,0.004581970076276745,-0.012419112952883825,0.03376268834231018,-0.08752285390414807,1.11933282255086,-0.08705945882556643,0.03356041243519188
8.44030393660439e-05,-0.00022881044272843808,0.0006202883432896395,-0.0016815548738672555,0.004558625887076504,-0.012355829589562207,0.0335910889660176,-0.08705945882556643,1.1180010827158404,-0.08661994997612368
-3.1098470335478714e-05,8.430567007294713e-05,-0.00022854648165800186,0.0006195727669353265,-0.0016796148842875614,0.004553371530582479,-0.01234138331850292,0.03356041243519188,-0.08661994997612368,1.1317730133072303
