3.0223973707263223,0.24320345847174088,0.6305278193632288,-0.06488271382613534,0.2045425137115712,-0.06329224880824573,0.0736973049188148,-0.03190936772587325,0.0243062124713121,-0.006967346915615666
0.24320345847174088,3.0220207715489975,0.2437522253183932,0.6296862062172586,-0.06368692932404246,0.20263941342585529,-0.060737008975568246,0.06928553041436697,-0.026700617641060527,0.013557920330064421
0.6305278193632288,0.2437522253183932,3.0212075193433767,0.24496867692305943,0.6278916619893089,-0.06098445100051743,0.19869280351445898,-0.05470389435561385,0.060671443348166196,-0.013088890957989267
-0.06488271382613534,0.6296862062172586,0.24496867692305943,3.019319479528982,0.24760302341275162,0.6235871826928348,-0.05543672751638376,0.188545239917324,-0.04380979426419988,0.035157376587446554
0.2045425137115712,-0.06368692932404246,0.6278916619893089,0.24760302341275162,3.0153232207843317,0.25337535248757903,0.6146193827994603,-0.0429424714237968,0.1680864811186735,-0.017529476165604317
-0.06329224880824573,0.20263941342585529,-0.06098445100051743,0.6235871826928348,0.25337535248757903,3.005339331124812,0.26512916657922614,0.5902713771002741,-0.02193727896951385,0.10312690707433425
0.0736973049188148,-0.060737008975568246,0.19869280351445898,-0.05543672751638376,0.6146193827994603,0.26512916657922614,2.9843409995688885,0.2885753239046971,0.5381332192472559,0.01736210810874109
-0.03190936772587325,0.06928553041436697,-0.05470389435561385,0.188545239917324,-0.0429424714237968,0.5902713771002741,0.2885753239046971,2.9211601983984297,0.31982774782471546,0.352623537907916
0.0243062124713121,-0.026700617641060527,0.060671443348166196,-0.04380979426419988,0.1680864811186735,-0.02193727896951385,0.5381332192472559,0.31982774782471546,2.7720540495285038,0.3141992895003928
-0.006967346915615666,0.013557920330064421,-0.013088890957989267,0.035157376587446554,-0.017529476165604317,0.10312690707433425,0.01736210810874109,0.352623537907916,0.3141992895003928,2.156395324586867
