0.4886252540768009,-0.07124855746256907,0.07273430075261096,-0.04226526389277021,0.027799232405093355,-0.017525693078295393,0.010911595520591321,-0.006415242837148351,0.0031501597699684536,-0.0007254388588496144
-0.07124855746256907,0.4885572689687565,-0.07114299418816149,0.07257039741673611,-0.042010723785189746,0.027404264134184238,-0.016910838979193706,0.009966391925753606,-0.004890458645382609,0.001126515252295517
0.07273430075261096,-0.07114299418816149,0.4883933565282558,-0.07088849473982257,0.07217516248730745,-0.04139744048736062,0.02644955374670056,-0.015443189262881934,0.007598755868908601,-0.0017485087199732028
-0.04226526389277021,0.07257039741673611,-0.07088849473982257,0.4879982066821843,-0.07027483147857554,0.07122294404208866,-0.039915111524770064,0.024170759323109383,-0.01176731372202473,0.0027189103034642604
0.027799232405093355,-0.042010723785189746,0.07217516248730745,-0.07027483147857554,0.487045193127122,-0.06879605330034316,0.0689208622460857,-0.0363764145532694,0.018460682564755058,-0.004197883753946679
-0.017525693078295393,0.027404264134184238,-0.04139744048736062,0.07122294404208866,-0.06879605330034316,0.48475054168746956,-0.06522417400400794,0.06342840758976913,-0.02752504138910923,0.006661585832811753
0.010911595520591321,-0.016910838979193706,0.02644955374670056,-0.039915111524770064,0.0689208622460857,-0.06522417400400794,0.47918864983835635,-0.05668289195503713,0.04959561729816149,-0.009480347270055107
-0.006415242837148351,0.009966391925753606,-0.015443189262881934,0.024170759323109383,-0.0363764145532694,0.06342840758976913,-0.05668289195503713,0.4660047549046621,-0.03574037496797133,0.019915849276191062
0.0031501597699684536,-0.004890458645382609,0.007598755868908601,-0.01176731372202473,0.018460682564755058,-0.02752504138910923,0.04959561729816149,-0.03574037496797133,0.43026101498862546,0.00034526996392698526
-0.0007254388588496144,0.001126515252295517,-0.0017485087199732028,0.0027189103034642604,-0.004197883753946679,0.006661585832811753,-0.009480347270055107,0.019915849276191062,0.00034526996392698526,0.31405202828926504
