1.734932248871929,-0.8276371810695421,0.6882672618837993,-0.46993072908069133,0.35284475338022814,-0.24966851547401997,0.17852996215195394,-0.12271141132144751,0.07800999814859928,-0.04592941222646635
-0.8276371810695421,1.7332865191249256,-0.8253811311510072,0.6852065425677814,-0.4656937546166416,0.34720546949522446,-0.24157105778557247,0.1685143577912146,-0.10625512747354024,0.06289323448818662
0.6882672618837993,-0.8253811311510072,1.7301938507844812,-0.8211852908569794,0.6793984912621709,-0.45796268528010664,0.3361064016138556,-0.22783779502147308,0.14596443003968043,-0.08550828606767454
-0.46993072908069133,0.6852065425677814,-0.8211852908569794,1.7245016069116919,-0.8133051201717504,0.6689111641796228,-0.4429013539689383,0.3174837652626446,-0.19722066533942886,0.1178812723731055
0.35284475338022814,-0.4656937546166416,0.6793984912621709,-0.8133051201717504,1.7135945060884026,-0.7987842449381091,0.6480711164133606,-0.41709814933802325,0.2751651327052399,-0.15817530847691672
-0.24966851547401997,0.34720546949522446,-0.45796268528010664,0.6689111641796228,-0.7987842449381091,1.6942760359024687,-0.7710220186464641,0.613790060216855,-0.3606034865273849,0.22364117926176724
0.17852996215195394,-0.24157105778557247,0.3361064016138556,-0.4429013539689383,0.6480711164133606,-0.7710220186464641,1.6544796315356114,-0.7216283322644185,0.5331318499012575,-0.2854103460859237
-0.12271141132144751,0.1685143577912146,-0.22783779502147308,0.3174837652626446,-0.41709814933802325,0.613790060216855,-0.7216283322644185,1.5938132151538085,-0.6206958816099988,0.4431807667227632
0.07800999814859928,-0.10625512747354024,0.14596443003968043,-0.19722066533942886,0.2751651327052399,-0.3606034865273849,0.5331318499012575,-0.6206958816099988,1.4313967476792184,-0.46395051923905406
-0.04592941222646635,0.06289323448818662,-0.08550828606767454,0.1178812723731055,-0.15817530847691672,0.22364117926176724,-0.2854103460859237,0.4431807667227632,-0.46395051923905406,1.3071546555439737
