2.2935664567996206,-0.96155773160286,0.1825380990913511,0.16155851175270167,-0.17498994732216078,0.07892563535266453,-0.004273030915289924,-0.020524270103102017,0.015045145309715124,-0.0034884592477060477
-0.96155773160286,2.2934894905557655,-0.9614638660741993,0.18256365032340163,0.16119246553444908,-0.17419752610224576,0.0782196610513642,-0.005158954264544605,-0.016112033929929753,0.0073710047151605606
0.1825380990913511,-0.9614638660741993,2.293363020098804,-0.9614663402608981,0.18298042868960848,0.1602037445512625,-0.17318689736845336,0.079014692680208,-0.010343538226455399,-0.006295484335767367
0.16155851175270167,0.18256365032340163,-0.9614663402608981,2.293285929718186,-0.9612739346247737,0.18277071665083788,0.16008022468682878,-0.17221020390585198,0.07708012776608483,-0.008889829081199035
-0.17498994732216078,0.16119246553444908,0.18298042868960848,-0.9612739346247737,2.291471799647512,-0.9575603604066876,0.17978292207252883,0.15516158639588065,-0.1507405195384374,0.04171270704865915
0.07892563535266453,-0.17419752610224576,0.1602037445512625,0.18277071665083788,-0.9575603604066876,2.2832717756304173,-0.9500135349976482,0.18837328143508228,0.11009988725917733,-0.0708791289291187
-0.004273030915289924,0.0782196610513642,-0.17318689736845336,0.16008022468682878,0.17978292207252883,-0.9500135349976482,2.2749293062773095,-0.9545790195735507,0.22639395746306776,0.03400216493011056
-0.020524270103102017,-0.005158954264544605,0.079014692680208,-0.17221020390585198,0.15516158639588065,0.18837328143508228,-0.9545790195735507,2.2579407599214223,-0.8991177856356263,0.14894421017576054
0.015045145309715124,-0.016112033929929753,-0.010343538226455399,0.07708012776608483,-0.1507405195384374,0.11009988725917733,0.22639395746306776,-0.8991177856356263,2.001784040627742,-0.4666739076933747
-0.0034884592477060477,0.0073710047151605606,-0.006295484335767367,-0.008889829081199035,0.04171270704865915,-0.0708791289291187,0.03400216493011056,0.14894421017576054,-0.4666739076933747,1.2191688073976747
