3.423717220464581,-2.1735127850148808,1.9767419460144322,-1.6460362380577123,1.4411055200673866,-1.151279357229545,0.9437142383721033,-0.6796884604885667,0.4714106083715818,-0.2214206545543807
-2.1735127850148808,3.30360372220453,-2.050677756256306,1.8355621311409354,-1.5045278541971088,1.2746352220683683,-0.988965026133528,0.7465849906017856,-0.49464949501829925,0.23665365045925493
1.9767419460144322,-2.050677756256306,3.176078181982719,-1.90665088845371,1.6881809601257896,-1.3352573557849303,1.1048268232120844,-0.7893985249923746,0.5517735660280879,-0.25837058947520075
-1.6460362380577123,1.8355621311409354,-1.90665088845371,3.0100724096745832,-1.7408156336175509,1.4923347534638771,-1.1451791538098435,0.8727494192297305,-0.5729353596875553,0.2751429716695815
1.4411055200673866,-1.5045278541971088,1.6881809601257896,-1.7408156336175509,2.8396303919697163,-1.546051716466831,1.2957732447812729,-0.9157738298459575,0.6469500865811432,-0.3016715397913537
-1.151279357229545,1.2746352220683683,-1.3352573557849303,1.4923347534638771,-1.546051716466831,2.6084172520165856,-1.3230377665703987,1.0215297870220408,-0.6621632761279017,0.31965617570571203
0.9437142383721033,-0.988965026133528,1.1048268232120844,-1.1451791538098435,1.2957732447812729,-1.3230377665703987,2.3814390524294926,-1.0607092987370021,0.7603142683123943,-0.35252427004520837
-0.6796884604885667,0.7465849906017856,-0.7893985249923746,0.8727494192297305,-0.9157738298459575,1.0215297870220408,-1.0607092987370021,2.055753130793127,-0.7629616364749559,0.37099313140471185
0.4714106083715818,-0.49464949501829925,0.5517735660280879,-0.5729353596875553,0.6469500865811432,-0.6621632761279017,0.7603142683123943,-0.7629616364749559,1.7543704293086866,-0.4124191050284975
-0.2214206545543807,0.23665365045925493,-0.25837058947520075,0.2751429716695815,-0.3016715397913537,0.31965617570571203,-0.35252427004520837,0.37099313140471185,-0.4124191050284975,1.287987895204681
