1.3104114000310036,0.07939467351333937,-0.08179971491428571,-0.02658052481785982,0.008252754918565306,0.005595733213197855,-0.0003284654629179621,-0.0009267428745726807,-0.00010729180316195423,7.501637094817127e-05
0.07939467351333937,1.3104113242496536,0.07939461118411584,-0.08179930068459931,-0.02657967233181738,0.008251053374343531,0.005588431777546564,-0.0003256534966976451,-0.0008771382060097799,-7.066739321095232e-05
-0.08179971491428571,0.07939461118411584,1.3104108294396306,0.0793944642282152,-0.08179631011774444,-0.02657544819118667,0.008236646493703812,0.005545682699708986,-0.00028087631048370233,-0.000555579336443429
-0.02658052481785982,-0.08179930068459931,0.0793944642282152,1.3104080290609055,0.07939232152497461,-0.08178082637906461,-0.026544774750363435,0.008171732756534366,0.005278911363255871,-0.00016065113731150648
0.008252754918565306,-0.02657967233181738,-0.08179631011774444,0.07939232152497461,1.3103866221661367,0.07938243563049754,-0.08165532494730239,-0.026343815353480987,0.0075931829902171535,0.00336263442208241
0.005595733213197855,0.008251053374343531,-0.02657544819118667,-0.08178082637906461,0.07938243563049754,1.3102771155465414,0.07932501588172239,-0.08102085412774097,-0.02528046093772311,0.004720453715900005
-0.0003284654629179621,0.005588431777546564,0.008236646493703812,-0.026544774750363435,-0.08165532494730239,0.07932501588172239,1.3094144913303274,0.07874239206789452,-0.07616615837588571,-0.016231429009184308
-0.0009267428745726807,-0.0003256534966976451,0.005545682699708986,0.008171732756534366,-0.026343815353480987,-0.08102085412774097,0.07874239206789452,1.3047320944881347,0.07730588606582761,-0.04791678633913588
-0.00010729180316195423,-0.0008771382060097799,-0.00028087631048370233,0.005278911363255871,0.0075931829902171535,-0.02528046093772311,-0.07616615837588571,0.07730588606582761,1.2722263821956383,0.050718660094305104
7.501637094817127e-05,-7.066739321095232e-05,-0.000555579336443429,-0.00016065113731150648,0.00336263442208241,0.004720453715900005,-0.016231429009184308,-0.04791678633913588,0.050718660094305104,1.0630353392167633
