1.2012923288594852,0.0023396308514105927,-0.012412034660616768,-0.008859461426007697,-0.0061470025358316225,-0.0042643097967623375,-0.0029617548496984657,-0.0020621912458740166,-0.0014419636031984479,-0.0009482495951874533
0.0023396308514105927,1.201290744615261,0.002337344564568065,-0.012415334093520629,-0.008864222970721975,-0.0061538741021480055,-0.0042742258175530855,-0.002976031457393028,-0.0020809559298262635,-0.0013684572997410339
-0.012412034660616768,0.002337344564568065,1.2012874451823536,0.0023325830196487575,-0.012422205671062274,-0.008874139605681636,-0.006168184312354342,-0.004294828966886268,-0.003003111530890838,-0.001974876013721609
-0.008859461426007697,-0.012415334093520629,0.0023325830196487575,1.2012805736045236,0.002322666368500448,-0.01243651676758474,-0.008894791248134234,-0.00619791754948373,-0.004333909314971173,-0.0028500233207055664
-0.0061470025358316225,-0.008864222970721975,-0.012422205671062274,0.002322666368500448,1.201266262485239,0.0023020134478356916,-0.012466319985843445,-0.008937700482038187,-0.0062543159783681485,-0.004112981661920341
-0.0042643097967623375,-0.0061538741021480055,-0.008874139605681636,-0.01243651676758474,0.0023020134478356916,1.2012364574697463,0.002259003289749719,-0.01252824393580949,-0.00901909131853247,-0.005935493347729741
-0.0029617548496984657,-0.0042742258175530855,-0.006168184312354342,-0.008894791248134234,-0.012466319985843445,0.002259003289749719,1.201174391615033,0.002169643752252556,-0.012645701535580606,-0.008559367985740045
-0.0020621912458740166,-0.002976031457393028,-0.004294828966886268,-0.00619791754948373,-0.008937700482038187,-0.01252824393580949,0.002169643752252556,1.2010457295994317,0.002000179962556023,-0.012003182838361078
-0.0014419636031984479,-0.0020809559298262635,-0.003003111530890838,-0.004333909314971173,-0.0062543159783681485,-0.00901909131853247,-0.012645701535580606,0.002000179962556023,1.2008035778650894,0.001782484635230363
-0.0009482495951874533,-0.0013684572997410339,-0.001974876013721609,-0.0028500233207055664,-0.004112981661920341,-0.005935493347729741,-0.008559367985740045,-0.012003182838361078,0.001782484635230363,1.137847293446341
