0.729394898379603,-0.054437983293368894,0.0419332108353376,0.009250293136822057,0.006821609496395166,0.003093735131916005,0.0016057509455564222,0.0007413549209261546,0.00022270652827144436,-4.0900260087014024e-05
-0.054437983293368894,0.7293924794733406,-0.054442726904029334,0.04192391963816898,0.009232029863530885,0.006786082948992326,0.003022491968208093,0.0014752450825479043,0.0004328712394379206,-7.972151042854115e-05
0.0419332108353376,-0.054442726904029334,0.7293831769789182,-0.05446094743091086,0.04188810412573988,0.00916236146198946,0.006646364400367019,0.0027666009917997674,0.0008700706588818728,-0.0001589405535052336
0.009250293136822057,0.04192391963816898,-0.05446094743091086,0.7293474886881764,-0.05453109721230771,0.04175163969702113,0.008888736626988428,0.006144936731267612,0.0015825273229084788,-0.0002963699983319561
0.006821609496395166,0.009232029863530885,0.04188810412573988,-0.05453109721230771,0.7292095915787254,-0.054799301087580916,0.04121356642930709,0.007904369140579248,0.003810173444711927,-0.0006684750328071368
0.003093735131916005,0.006786082948992326,0.00916236146198946,0.04175163969702113,-0.054799301087580916,0.7286876521489054,-0.055844715591308595,0.03929147997593129,0.003404416895414448,-0.000808141864207038
0.0016057509455564222,0.003022491968208093,0.006646364400367019,0.008888736626988428,0.04121356642930709,-0.055844715591308595,0.7265838778153787,-0.059657199470981304,0.030025889821421112,-0.004470056147713822
0.0007413549209261546,0.0014752450825479043,0.0027666009917997674,0.006144936731267612,0.007904369140579248,0.03929147997593129,-0.059657199470981304,0.7193643281634771,-0.07527345539412507,0.00781302091436261
0.00022270652827144436,0.0004328712394379206,0.0008700706588818728,0.0015825273229084788,0.003810173444711927,0.003404416895414448,0.030025889821421112,-0.07527345539412507,0.6741103971072174,-0.07990142563526217
-4.0900260087014024e-05,-7.972151042854115e-05,-0.0001589405535052336,-0.0002963699983319561,-0.0006684750328071368,-0.000808141864207038,-0.004470056147713822,0.00781302091436261,-0.07990142563526217,0.44147602275797704
