5.0286661693567485,3.3479406197100623,2.135729466241573,1.1029786364240373,0.37224527166690774,-0.048423418717915764,-0.21448320065294998,-0.20835300725214145,-0.11776220189541439,-0.025709375573785203
3.3479406197100623,5.023741197804831,3.3442241714224883,2.1357106336923333,1.1100755049736515,0.3903980506124465,-0.01572767185035473,-0.16591800752031977,-0.147236127739498,-0.055113247274879734
2.135729466241573,3.3442241714224883,5.015938299747537,3.331450220880577,2.1181030780597094,1.0896858796610966,0.3721991794645829,-0.02298549982425912,-0.1494577901628204,-0.09126389675029559
1.1029786364240373,2.1357106336923333,3.331450220880577,4.983365728172897,3.2728585629440863,2.0311542745660525,0.9803704006896272,0.26030419666640076,-0.09846496159226582,-0.1270181702356958
0.37224527166690774,1.1100755049736515,2.1181030780597094,3.2728585629440863,4.8676463931474805,3.0900989400810968,1.7870862219879922,0.7086831381775538,0.03597847082624355,-0.14878978229216178
-0.048423418717915764,0.3903980506124465,1.0896858796610966,2.0311542745660525,3.0900989400810968,4.568266439277287,2.6772138956327183,1.308655222455806,0.28114503952614234,-0.13562911347542533
-0.21448320065294998,-0.01572767185035473,0.3721991794645829,0.9803704006896272,1.7870862219879922,2.6772138956327183,3.9834972436233693,1.9782203402578917,0.6485253527473169,-0.060176794878996714
-0.20835300725214145,-0.16591800752031977,-0.02298549982425912,0.26030419666640076,0.7086831381775538,1.308655222455806,1.9782203402578917,3.11893014268139,1.1150201592215145,0.10713291659093178
-0.11776220189541439,-0.147236127739498,-0.1494577901628204,-0.09846496159226582,0.03597847082624355,0.28114503952614234,0.6485253527473169,1.1150201592215145,2.1845031898723892,0.38917523187525044
-0.025709375573785203,-0.055113247274879734,-0.09126389675029559,-0.1270181702356958,-0.14878978229216178,-0.13562911347542533,-0.060176794878996714,0.10713291659093178,0.38917523187525044,1.3724356661226556
