1.2291106471128845,0.12550217396417435,-0.0871996666737143,-0.0019805758714347543,0.012244488588231534,-0.0018561171711425147,-0.001348692772957039,0.0004835720388846538,0.00010558456257684588,-6.190767009209186e-05
0.12550217396417435,1.2291106193750267,0.12550217254345664,-0.08719946161973297,-0.001980826459804134,0.01224330503702432,-0.0018527745590937493,-0.001344275021930851,0.0004534564327866716,0.00011154604372140268
-0.0871996666737143,0.12550217254345664,1.2291104822907166,0.12550235743836863,-0.08719869249122283,-0.001983160222422564,0.012240639823942731,-0.001832281849635011,-0.0013508297089709004,0.0003116416820792788
-0.0019805758714347543,-0.08719946161973297,0.12550235743836863,1.2291087444440882,0.12550321462451808,-0.0871870496901862,-0.0020042604317398135,0.012182185611571729,-0.00160327055700438,-0.0012140058890885393
0.012244488588231534,-0.001980826459804134,-0.08719869249122283,0.12550321462451808,1.2291020177012841,0.12550549568946512,-0.08714066373538078,-0.0020800160006596877,0.011938722211500517,-0.0007382940968501413
-0.0018561171711425147,0.01224330503702432,-0.001983160222422564,-0.0871870496901862,0.12550549568946512,1.2290138031426054,0.1256010634560138,-0.08661592404571744,-0.0034481802440852116,0.009835196473768246
-0.001348692772957039,-0.0018527745590937493,0.012240639823942731,-0.0020042604317398135,-0.08714066373538078,0.1256010634560138,1.2285522745619764,0.12548824932500352,-0.08309053862304887,-0.007108759084494306
0.0004835720388846538,-0.001344275021930851,-0.001832281849635011,0.012182185611571729,-0.0020800160006596877,-0.08661592404571744,0.12548824932500352,1.224850903742729,0.13102608995518822,-0.06301793118924175
0.00010558456257684588,0.0004534564327866716,-0.0013508297089709004,-0.00160327055700438,0.011938722211500517,-0.0034481802440852116,-0.08309053862304887,0.13102608995518822,1.191970367135327,0.13229953757921234
-6.190767009209186e-05,0.00011154604372140268,0.0003116416820792788,-0.0012140058890885393,-0.0007382940968501413,0.009835196473768246,-0.007108759084494306,-0.06301793118924175,0.13229953757921234,1.0432699900682616
