2.234788684895146,0.02563740455702756,0.05879174807248501,-0.03584195688652454,0.025375516042562593,-0.01751413092901756,0.01187629595208584,-0.007715576239263164,0.0045367807231971365,-0.0016453521815461732
0.02563740455702756,2.2346780634717485,0.025794595341836573,0.05856838312507777,-0.03552456050689687,0.024924492834724823,-0.016873371014016876,0.010963858445575082,-0.006446660227676315,0.0023380128991677355
0.05879174807248501,0.025794595341836573,2.2344546985748783,0.026111992373110706,0.05811736934785011,-0.034883665734137356,0.024013986074232406,-0.015576815933574548,0.009160754792567949,-0.003322254592732326
-0.03584195688652454,0.05856838312507777,0.026111992373110706,2.2340036837696307,0.026752873890167627,0.05720667075118588,-0.03358985391164974,0.022171607451663834,-0.013014640430245404,0.004721057693553809
0.025375516042562593,-0.03552456050689687,0.05811736934785011,0.026752873890167627,2.23309300608481,0.028046955358331602,0.05536819443360051,-0.030971875432866044,0.01853083637368019,-0.0067056403543428005
-0.01751413092901756,0.024924492834724823,-0.034883665734137356,0.05720667075118588,0.028046955358331602,2.231254104381373,0.030659448741908298,0.051648043205157215,-0.025798011797281258,0.00956989827057173
0.01187629595208584,-0.016873371014016876,0.024013986074232406,-0.03358985391164974,0.05536819443360051,0.030659448741908298,2.227542606293338,0.035944889428669295,0.04430184518876809,-0.013007118950110239
-0.007715576239263164,0.010963858445575082,-0.015576815933574548,0.022171607451663834,-0.030971875432866044,0.051648043205157215,0.035944889428669295,2.220020387286664,0.04646609726959022,0.026950561618528723
0.0045367807231971365,-0.006446660227676315,0.009160754792567949,-0.013014640430245404,0.01853083637368019,-0.025798011797281258,0.04430184518876809,0.04646609726959022,2.2062496984554283,0.08292229187900096
-0.0016453521815461732,0.0023380128991677355,-0.003322254592732326,0.004721057693553809,-0.0067056403543428005,0.00956989827057173,-0.013007118950110239,0.026950561618528723,0.08292229187900096,2.3233730232929246
