0.6809890548454908,0.06485693235653024,0.05035045036207413,0.04064700445303959,0.032327381577689725,0.02483863086266832,0.017961227055692162,0.01153663845404843,0.0055279369700274115,0.0008785654660872658
0.06485693235653024,0.6792238971521003,0.062793972675375,0.047939448366390074,0.03782926204988287,0.029034464285620516,0.02099207192566592,0.013483065177792602,0.006460570207426607,0.0010267901676432535
0.05035045036207413,0.062793972675375,0.6768128929330391,0.05997620748254796,0.044646321077304416,0.033980792514947046,0.024538947521281582,0.015758393670312912,0.007550606842661806,0.0012000274869322397
0.04064700445303959,0.047939448366390074,0.05997620748254796,0.673519742046286,0.0561274960709369,0.04014857552336705,0.028726836253397545,0.018422294234088542,0.00882506743122911,0.0014025411164188505
0.032327381577689725,0.03782926204988287,0.044646321077304416,0.0561274960709369,0.6690217460400479,0.05087097266711567,0.03400826712355347,0.02157829072190697,0.010319287432100787,0.0016396678667276992
0.02483863086266832,0.029034464285620516,0.033980792514947046,0.04014857552336705,0.05087097266711567,0.662878779481123,0.04369518093903773,0.025654198331019694,0.012108675274678486,0.0019208577575693065
0.017961227055692162,0.02099207192566592,0.024538947521281582,0.028726836253397545,0.03400826712355347,0.04369518093903773,0.654496498490728,0.033936389766469816,0.01459113864148752,0.0022863318340427758
0.01153663845404843,0.013483065177792602,0.015758393670312912,0.018422294234088542,0.02157829072190697,0.025654198331019694,0.033936389766469816,0.6431340104845207,0.021044898679576634,0.0030480596363893202
0.0055279369700274115,0.006460570207426607,0.007550606842661806,0.00882506743122911,0.010319287432100787,0.012108675274678486,0.01459113864148752,0.021044898679576634,0.628412968625634,0.006976853231024923
0.0008785654660872658,0.0010267901676432535,0.0012000274869322397,0.0014025411164188505,0.0016396678667276992,0.0019208577575693065,0.0022863318340427758,0.0030480596363893202,0.006976853231024923,0.6067268690896146
