2.9941441034734573,1.7447393781162635,1.3780089739648798,1.0864380220351824,0.8504953381591889,0.6563458188904279,0.49368228881609816,0.3545131975450909,0.23248878061204376,0.12258331307616915
1.7447393781162635,2.978533161498807,1.7254537757803061,1.3541944326691036,1.0570521969325388,0.814276918538611,0.6117896082990744,0.4390347039863034,0.2878188125840004,0.15175108496786371
1.3780089739648798,1.7254537757803061,2.954707700098005,1.6960328200038322,1.3178897368619258,1.0123044592351522,0.7592244541155819,0.544261716316199,0.3566070425456388,0.18800778653356232
1.0864380220351824,1.3541944326691036,1.6960328200038322,2.918376262860753,1.6511990534216008,1.2626259971255454,0.9443075508186907,0.6758053132609407,0.44240957713653806,0.23322112681406326
0.8504953381591889,1.0570521969325388,1.3178897368619258,1.6511990534216008,2.8630470380323545,1.582991475290597,1.1786894799265046,0.8413068723041552,0.5499914376006193,0.28988899393639656
0.6563458188904279,0.814276918538611,1.0123044592351522,1.2626259971255454,1.582991475290597,2.77895015927955,1.479474903437381,1.0516086399555027,0.6859737168585864,0.36147355994510105
0.49368228881609816,0.6117896082990744,0.7592244541155819,0.9443075508186907,1.1786894799265046,1.479474903437381,2.651476621869588,1.3228784153031399,0.8599881879710372,0.45299596117835483
0.3545131975450909,0.4390347039863034,0.544261716316199,0.6758053132609407,0.8413068723041552,1.0516086399555027,1.3228784153031399,2.4588945224394223,1.0868069785020171,0.5721312585560345
0.23248878061204376,0.2878188125840004,0.3566070425456388,0.44240957713653806,0.5499914376006193,0.6859737168585864,0.8599881879710372,1.0868069785020171,2.1686826863760027,0.7312747262271229
0.12258331307616915,0.15175108496786371,0.18800778653356232,0.23322112681406326,0.28988899393639656,0.36147355994510105,0.45299596117835483,0.5721312585560345,0.7312747262271229,1.7298241195016262
