4.2165375997637575,1.6877208608721226,1.1443748921271517,0.7809444991979956,0.5318044454032219,0.36040635979929114,0.2416934812307242,0.1583121265831817,0.09808363087183421,0.05320145070105424
1.6877208608721226,4.2154960966641015,1.6861978150420653,1.1421476605411702,0.7776874990214774,0.5270415594148126,0.35344133782163534,0.23150831170933073,0.14343295285966726,0.07779933412579983
1.1443748921271517,1.6861978150420653,4.213268865078118,1.6829408148653786,1.1373847745363401,0.7707224754453815,0.5168562342988109,0.3385470182818283,0.2097496981230932,0.1137701380443512
0.7809444991979956,1.1421476605411702,1.6829408148653786,4.208505979073045,1.6759757912652749,1.1271994470828615,0.7558279283712471,0.4950754721732772,0.3067282308953605,0.16637217344072855
0.5318044454032219,0.7776874990214774,1.1373847745363401,1.6759757912652749,4.198320651584978,1.6610812407736826,1.1054183522227914,0.7239767519897433,0.44854515319503524,0.24329495057559203
0.36040635979929114,0.5270415594148126,0.7707224754453815,1.1271994470828615,1.6610812407736826,4.1765395518013415,1.629229577924789,1.0588406692385224,0.6559329717434368,0.3557832670193487
0.2416934812307242,0.35344133782163534,0.5168562342988109,0.7558279283712471,1.1054183522227914,1.629229577924789,4.129961167958662,1.561116550149749,0.959336624312155,0.5202823939417522
0.1583121265831817,0.23150831170933073,0.3385470182818283,0.4950754721732772,0.7239767519897433,1.0588406692385224,1.561116550149749,4.030357357428215,1.4156087438115161,0.7609774808907965
0.09808363087183421,0.14343295285966726,0.2097496981230932,0.3067282308953605,0.44854515319503524,0.6559329717434368,0.959336624312155,1.4156087438115161,3.817796806715041,1.126508060738929
0.05320145070105424,0.07779933412579983,0.1137701380443512,0.16637217344072855,0.24329495057559203,0.3557832670193487,0.5202823939417522,0.7609774808907965,1.126508060738929,3.489502124007454
