0.390720914928819,-0.12645009000614846,0.13408340628291035,-0.09064444450449065,0.07624382976967833,-0.05539005030475271,0.04174103958710279,-0.028279801503104763,0.01725829051818572,-0.006245192337864375
-0.12645009000614846,0.389248991407993,-0.12460873009653847,0.13177342912666667,-0.08776190276023048,0.07261058492434957,-0.05089671645504121,0.03598127839852577,-0.021383062563957222,0.00787428461386154
0.13408340628291035,-0.12460873009653847,0.3869451468187322,-0.12171933630970302,0.1281660362397975,-0.08321935319048752,0.06698251919885917,-0.0437068027822894,0.027315598198395248,-0.009732104132124606
-0.09064444450449065,0.13177342912666667,-0.12171933630970302,0.38331955790078026,-0.11719711753781847,0.1224612647822701,-0.07617546821566362,0.05792608342337055,-0.03292572748101426,0.012490028391560241
0.07624382976967833,-0.08776190276023048,0.1281660362397975,-0.11719711753781847,0.3776687761588312,-0.1100929087490343,0.1136324237298865,-0.06496110898387,0.04425993032000261,-0.01492090722212624
-0.05539005030475271,0.07261058492434957,-0.08321935319048752,0.1224612647822701,-0.1100929087490343,0.3686797414150341,-0.09905753720656107,0.0992909709245319,-0.04824189194619417,0.020387914822752706
0.04174103958710279,-0.05089671645504121,0.06698251919885917,-0.07617546821566362,0.1136324237298865,-0.09905753720656107,0.35481360170391907,-0.08180724312277302,0.0774226472584533,-0.021492212246600677
-0.028279801503104763,0.03598127839852577,-0.0437068027822894,0.05792608342337055,-0.06496110898387,0.0992909709245319,-0.08180724312277302,0.3315349694572579,-0.056633330058181906,0.036479598038661576
0.01725829051818572,-0.021383062563957222,0.027315598198395248,-0.03292572748101426,0.04425993032000261,-0.04824189194619417,0.0774226472584533,-0.056633330058181906,0.29477646788946543,-0.023010462598019372
-0.006245192337864375,0.00787428461386154,-0.009732104132124606,0.012490028391560241,-0.01492090722212624,0.020387914822752706,-0.021492212246600677,0.036479598038661576,-0.023010462598019372,0.21086125288549018
