1.681106271471504,-1.266906621982233,0.7924544074218146,-0.28246439735898604,-0.15562628072426596,0.44654506728975857,-0.5597174729905986,0.5111033540008181,-0.35460313336562393,0.16544602819151188
-1.266906621982233,1.6133262799760972,-1.1724407328230941,0.6858854400191088,-0.1816316391648487,-0.2325184323135745,0.4841057276587985,-0.5482973814486142,0.44893735845529775,-0.2487290627608689
0.7924544074218146,-1.1724407328230941,1.468873406744771,-0.9995923796692772,0.5128999806147652,-0.03897056766095749,-0.3173865328683352,0.49177466353389465,-0.47146350626207384,0.2946193517344475
-0.28246439735898604,0.6858854400191088,-0.9995923796692772,1.255082859808946,-0.7793626786461618,0.32452893465832466,0.08190294367035506,-0.34426551465409383,0.41267647449141076,-0.292149832023114
-0.15562628072426596,-0.1816316391648487,0.5128999806147652,-0.7793626786461618,1.0227602958653101,-0.574939315524284,0.1861660217808852,0.12473839661695235,-0.2766618691022355,0.23802655342127704
0.44654506728975857,-0.2325184323135745,-0.03897056766095749,0.32452893465832466,-0.574939315524284,0.8370568171359176,-0.4421115837725623,0.13368934649336228,0.08142427172646832,-0.13780058519944682
-0.5597174729905986,0.4841057276587985,-0.3173865328683352,0.08190294367035506,0.1861660217808852,-0.4421115837725623,0.7335892027905906,-0.38849423516576154,0.14321106269620348,0.005572202156588983
0.5111033540008181,-0.5482973814486142,0.49177466353389465,-0.34426551465409383,0.12473839661695235,0.13368934649336228,-0.38849423516576154,0.6881881309108416,-0.3599405637197816,0.13783371522018517
-0.35460313336562393,0.44893735845529775,-0.47146350626207384,0.41267647449141076,-0.2766618691022355,0.08142427172646832,0.14321106269620348,-0.3599405637197816,0.6236529662519404,-0.2680175388926415
0.16544602819151188,-0.2487290627608689,0.2946193517344475,-0.292149832023114,0.23802655342127704,-0.13780058519944682,0.005572202156588983,0.13783371522018517,-0.2680175388926415,0.4547034334891809
