0.6983932812473015,-0.10420674750486944,0.19392934980092263,-0.11655920880759592,0.10270293422345292,-0.075385941540091,0.05814140347950785,-0.04149905719968037,0.0288846796558904,-0.013673207330978617
-0.10420674750486944,0.6970413561728646,-0.10251380119562167,0.19180129018635483,-0.11390907109688246,0.09932630707141124,-0.07132017285601441,0.05252962250466031,-0.036048565585463696,0.01717454035628979
0.19392934980092263,-0.10251380119562167,0.6949213433553707,-0.09984898368903025,0.18848249261348166,-0.10968116062068341,0.09423346171859197,-0.06429734889691302,0.045690246693810735,-0.02142755426308612
-0.11655920880759592,0.19180129018635483,-0.09984898368903025,0.6915714965986892,-0.09567771633136721,0.18316650739312168,-0.10328397320497751,0.0853917330006936,-0.05574330254664776,0.02717893039886386
0.10270293422345292,-0.11390907109688246,0.18848249261348166,-0.09567771633136721,0.6863753170359506,-0.08906196709748904,0.17518578097200604,-0.09231586025714938,0.07460664900542181,-0.03309725820118836
-0.075385941540091,0.09932630707141124,-0.10968116062068341,0.18316650739312168,-0.08906196709748904,0.6779323112941718,-0.07893719169175645,0.1610784535639575,-0.07898467707027917,0.04449256118616236
0.05814140347950785,-0.07132017285601441,0.09423346171859197,-0.10328397320497751,0.17518578097200604,-0.07893719169175645,0.6656087241080426,-0.06235192590319805,0.14378349681436065,-0.04654039783905197
-0.04149905719968037,0.05252962250466031,-0.06429734889691302,0.0853917330006936,-0.09231586025714938,0.1610784535639575,-0.06235192590319805,0.641431068874923,-0.0424637740231827,0.08677417407440353
0.0288846796558904,-0.036048565585463696,0.045690246693810735,-0.05574330254664776,0.07460664900542181,-0.07898467707027917,0.14378349681436065,-0.0424637740231827,0.6109791662306543,-0.021277311029725448
-0.013673207330978617,0.01717454035628979,-0.02142755426308612,0.02717893039886386,-0.03309725820118836,0.04449256118616236,-0.04654039783905197,0.08677417407440353,-0.021277311029725448,0.4296548486107744
