2.6601393461355785,-1.4490901927771676,0.10309330100062958,0.6132953854640774,-0.6237567852372222,0.28446953956732396,0.026953563634138644,-0.13604951434789275,0.08202920265797392,-0.007452882186645015
-1.4490901927771676,2.6557751421542464,-1.4467804931543693,0.10747524181499145,0.6002465319065043,-0.6076138290789898,0.2798866707279257,0.003162248608781109,-0.08125468518332833,0.02511623011204244
0.10309330100062958,-1.4467804931543693,2.6513554879891763,-1.4429782279474828,0.10911144753189922,0.589443555406412,-0.5902317051994388,0.26840070386241865,-0.009912514497601886,-0.03305152416208382
0.6132953854640774,0.10747524181499145,-1.4429782279474828,2.635236086668166,-1.4197871563653548,0.09722885736414133,0.565409659714946,-0.520246590715037,0.18289448934201485,0.012611492248591746
-0.6237567852372222,0.6002465319065043,0.10911144753189922,-1.4197871563653548,2.587534808862351,-1.375244281507109,0.10817776717026421,0.4545902952604527,-0.3301644822195696,0.04253003259328411
0.28446953956732396,-0.6076138290789898,0.589443555406412,0.09722885736414133,-1.375244281507109,2.526226071753174,-1.3477225620267523,0.17916513729988198,0.2631611912322349,-0.10686737267638355
0.026953563634138644,0.2798866707279257,-0.5902317051994388,0.565409659714946,0.10817776717026421,-1.3477225620267523,2.451446863539794,-1.2600738478541857,0.16221040843773293,0.11880667599713364
-0.13604951434789275,0.003162248608781109,0.26840070386241865,-0.520246590715037,0.4545902952604527,0.17916513729988198,-1.2600738478541857,2.140434740493028,-0.8414399405872008,-0.011876294360977218
0.08202920265797392,-0.08125468518332833,-0.009912514497601886,0.18289448934201485,-0.3301644822195696,0.2631611912322349,0.16221040843773293,-0.8414399405872008,1.373141062147573,-0.21693293206398767
-0.007452882186645015,0.02511623011204244,-0.03305152416208382,0.012611492248591746,0.04253003259328411,-0.10686737267638355,0.11880667599713364,-0.011876294360977218,-0.21693293206398767,0.5286774505168768
