1.03075105692256,-0.19746736655564584,0.2580033809029582,-0.1533782083104309,0.1191308659317813,-0.08198301072152125,0.05775330606756794,-0.03834481669008087,0.02326648822094282,-0.010624356107886906
-0.19746736655564584,1.0300907578017293,-0.19655617345241,0.25674605582709353,-0.15164293394104061,0.11673713727759985,-0.07867680750523307,0.05320154453469535,-0.03202615093055256,0.014679730637498774
0.2580033809029582,-0.19655617345241,1.0288333356286432,-0.19482110848191686,0.25435140173100723,-0.14833974843303535,0.11217435143909552,-0.07239664368775861,0.044477953177592316,-0.020190874528883532
-0.1533782083104309,0.25674605582709353,-0.19482110848191686,1.0264391553868943,-0.19151690106438615,0.2497931322386292,-0.14204485758078764,0.10350456095244376,-0.06037346991951084,0.028096655408237164
0.1191308659317813,-0.15164293394104061,0.25435140173100723,-0.19151690106438615,1.0218785733882534,-0.18522699734001988,0.24110130105744557,-0.1300935547599208,0.08686070391105775,-0.03794263889033182
-0.08198301072152125,0.11673713727759985,-0.14833974843303535,0.2497931322386292,-0.18522699734001988,1.0131980277114845,-0.17325135631318908,0.22456500712168972,-0.10731197878059072,0.055290720023256176
0.05775330606756794,-0.07867680750523307,0.11217435143909552,-0.14204485758078764,0.24110130105744557,-0.17325135631318908,0.9966066582016945,-0.15058855576605645,0.1924700932378722,-0.0659284386489962
-0.03834481669008087,0.05320154453469535,-0.07239664368775861,0.10350456095244376,-0.1300935547599208,0.22456500712168972,-0.15058855576605645,0.9647805244045893,-0.1086253671873022,0.1276494317288924
0.02326648822094282,-0.03202615093055256,0.044477953177592316,-0.06037346991951084,0.08686070391105775,-0.10731197878059072,0.1924700932378722,-0.1086253671873022,0.8986481609972633,-0.04645680191991614
-0.010624356107886906,0.014679730637498774,-0.020190874528883532,0.028096655408237164,-0.03794263889033182,0.055290720023256176,-0.0659284386489962,0.1276494317288924,-0.04645680191991614,0.7163821567213559
