1.4036647404765716,-0.5032043276504872,-0.01604676913536396,0.1696559069497745,-0.1253550760304352,0.043289558311161436,0.005814316235382116,-0.017656831390347117,0.011229491111548865,-0.002935735463438468
-0.5032043276504872,1.4036440103565961,-0.5031719727730966,-0.01606002027390309,0.1695850160759162,-0.12513841373431753,0.04298359649863841,0.005873653672578992,-0.01682426576814151,0.008992862254875108
-0.01604676913536396,-0.5031719727730966,1.403558649267877,-0.503065580576912,-0.016048607017119677,0.16921672066827573,-0.12426945450917604,0.04202503750970254,0.005451402074346804,-0.012720742220944999
0.1696559069497745,-0.01606002027390309,-0.503065580576912,1.4033394592739095,-0.5028669354700603,-0.01583602178150287,0.16805882261962302,-0.12210258469332994,0.04040065309414273,0.002515449867475884
-0.1253550760304352,0.1695850160759162,-0.016048607017119677,-0.5028669354700603,1.402814589288378,-0.5022117921104439,-0.015768196207334995,0.16579696397120527,-0.1167586835209373,0.03449590281042741
0.043289558311161436,-0.12513841373431753,0.16921672066827573,-0.01583602178150287,-0.5022117921104439,1.400524077755727,-0.49867565420706816,-0.017136911315963774,0.1578536097222908,-0.09285279568177601
0.005814316235382116,0.04298359649863841,-0.12426945450917604,0.16805882261962302,-0.015768196207334995,-0.49867565420706816,1.3916135434967256,-0.4880773668468671,-0.01469756355325574,0.11796376690926558
-0.017656831390347117,0.005873653672578992,0.04202503750970254,-0.12210258469332994,0.16579696397120527,-0.017136911315963774,-0.4880773668468671,1.369934610657193,-0.46867216343318513,0.00692245345874426
0.011229491111548865,-0.01682426576814151,0.005451402074346804,0.04040065309414273,-0.1167586835209373,0.1578536097222908,-0.01469756355325574,-0.46867216343318513,1.3144258278915364,-0.39425990242099
-0.002935735463438468,0.008992862254875108,-0.012720742220944999,0.002515449867475884,0.03449590281042741,-0.09285279568177601,0.11796376690926558,0.00692245345874426,-0.39425990242099,1.0623429982682995
