1.5962400866929678,-0.711650723421166,-0.0937799818473199,0.4738159044245682,-0.4236660612574927,0.17221285166577704,0.04605261681945029,-0.12190772700148642,0.08040342920010589,-0.01411725250613129
-0.711650723421166,1.5928549693772573,-0.7079884249453483,-0.09438223129607079,0.4681575249812373,-0.411923134880386,0.16064950072902573,0.0459988013270394,-0.10036977919349457,0.040054925676190484
-0.0937799818473199,-0.7079884249453483,1.5855933427475484,-0.7011404927580975,-0.09378057964161474,0.45433248675037563,-0.38707509087713365,0.13961461270015774,0.03943742595192022,-0.04905168916151913
0.4738159044245682,-0.09438223129607079,-0.7011404927580975,1.5738494134696768,-0.6917805276163113,-0.08958694595935654,0.42910473762138923,-0.3474718004861792,0.11200844659516362,0.017862689070495968
-0.4236660612574927,0.4681575249812373,-0.09378057964161474,-0.6917805276163113,1.5551560166661929,-0.6740264290776571,-0.08827412737955709,0.3937255764384874,-0.2834635163219486,0.05738903683483798
0.17221285166577704,-0.411923134880386,0.45433248675037563,-0.08958694595935654,-0.6740264290776571,1.514039388845164,-0.6297230817342184,-0.09525117800508698,0.32469608939716843,-0.14089162198336508
0.04605261681945029,0.16064950072902573,-0.38707509087713365,0.42910473762138923,-0.08827412737955709,-0.6297230817342184,1.4284039066243983,-0.5510320190647234,-0.0842764543690704,0.15820301255824928
-0.12190772700148642,0.0459988013270394,0.13961461270015774,-0.3474718004861792,0.3937255764384874,-0.09525117800508698,-0.5510320190647234,1.293556580107493,-0.44367125758413783,-0.0359113544058728
0.08040342920010589,-0.10036977919349457,0.03943742595192022,0.11200844659516362,-0.2834635163219486,0.32469608939716843,-0.0842764543690704,-0.44367125758413783,1.071587402110218,-0.22584537038992994
-0.01411725250613129,0.040054925676190484,-0.04905168916151913,0.017862689070495968,0.05738903683483798,-0.14089162198336508,0.15820301255824928,-0.0359113544058728,-0.22584537038992994,0.5728480167137419
