14.948827829940509,-8.816718955363175,0.31245384010675537,5.572798423764864,-6.643869025942134,4.002086298402109,-0.4879668710559394,-1.4851067472531314,1.3367881426437922,-0.2716417709609795
-8.816718955363175,14.727549119290801,-8.607488379907817,0.26362747151375504,5.3668121096334485,-6.2279543116474,3.582420546844281,-0.35152525958271164,-1.1371099999603278,0.5597122815570336
0.31245384010675537,-8.607488379907817,14.27666501715969,-8.133123451315932,0.08286154805048265,5.018368683467169,-5.3889824160113475,2.643371689453454,0.0802447848334758,-0.5724321301622993
5.572798423764864,0.26362747151375504,-8.133123451315932,13.541307725312887,-7.543102335678818,0.09878266321745033,4.177562649440941,-3.988154449997436,1.4327214818825933,0.196596917326527
-6.643869025942134,5.3668121096334485,0.08286154805048265,-7.543102335678818,12.792235258143087,-7.089406881478269,0.364308854104041,3.102426865045504,-2.535100859103406,0.4569268192855785
4.002086298402109,-6.2279543116474,5.018368683467169,0.09878266321745033,-7.089406881478269,12.00254275220401,-6.3789300738399355,0.25134713805351894,2.313558415067751,-1.0443815594330557
-0.4879668710559394,3.582420546844281,-5.3889824160113475,4.177562649440941,0.364308854104041,-6.3789300738399355,10.434030919341804,-4.704755910249833,-0.4180675419042422,1.1369974601807378
-1.4851067472531314,-0.35152525958271164,2.643371689453454,-3.988154449997436,3.102426865045504,0.25134713805351894,-4.704755910249833,7.756856000749344,-2.483839190911059,-0.4833948476413875
1.3367881426437922,-1.1371099999603278,0.0802447848334758,1.4327214818825933,-2.535100859103406,2.313558415067751,-0.4180675419042422,-2.483839190911059,4.922059523677578,-0.7503665936642929
-0.2716417709609795,0.5597122815570336,-0.5724321301622993,0.196596917326527,0.4569268192855785,-1.0443815594330557,1.1369974601807378,-0.4833948476413875,-0.7503665936642929,2.0788353284297623
