0.24387062379585384,0.01889546539715574,0.004656369180403904,0.0013534639340545846,0.0005053291276592998,0.00023979917162692704,0.0001312991692234922,7.549172699166084e-05,4.214164135526904e-05,1.9649798115574302e-05
0.01889546539715574,0.24387040947607236,0.018895119066466664,0.00465580951899785,0.0013525595021328634,0.0005038673800068631,0.00023743597430146392,0.00012747532072800372,6.928930660098662e-05,3.201155228271815e-05
0.004656369180403904,0.018895119066466664,0.2438698498219709,0.018894214679993585,0.0046543479997544985,0.0013501973876741443,0.0005000485689635267,0.00023125683671542204,0.00011745260145158214,5.292002173922892e-05
0.0013534639340545846,0.00465580951899785,0.018894214679993585,0.24386838835709562,0.018891852903807634,0.0046505308887524405,0.0013440263098295111,0.000490063343277092,0.00021506084499953718,9.1002393250989e-05
0.0005053291276592998,0.0013525595021328634,0.0046543479997544985,0.018891852903807634,0.2438645716507531,0.01888568434371601,0.004640558316417083,0.0013278903065027277,0.0004638921986283982,0.00017232622304383057
0.00023979917162692704,0.0005038673800068631,0.0013501973876741443,0.0046505308887524405,0.01888568434371601,0.2438546020902853,0.0188695670799417,0.004614481350242531,0.0012856021761457521,0.0003948694894573839
0.0001312991692234922,0.00023743597430146392,0.0005000485689635267,0.0013440263098295111,0.004640558316417083,0.0188695670799417,0.2438285475413418,0.018827418427454827,0.004546159608343938,0.0011742218534578105
7.549172699166084e-05,0.00012747532072800372,0.00023125683671542204,0.000490063343277092,0.0013278903065027277,0.004614481350242531,0.018827418427454827,0.24376039265015367,0.01871707623394726,0.004366895625835031
4.214164135526904e-05,6.928930660098662e-05,0.00011745260145158214,0.00021506084499953718,0.0004638921986283982,0.0012856021761457521,0.004546159608343938,0.01871707623394726,0.24358237053197165,0.018430712923630486
1.9649798115574302e-05,3.201155228271815e-05,5.292002173922892e-05,9.1002393250989e-05,0.00017232622304383057,0.0003948694894573839,0.0011742218534578105,0.004366895625835031,0.018430712923630486,0.2431349012736171
