5.071762935244244,-3.2588506948523435,1.36122284050492,0.2524681222745284,-1.1791177203799972,1.3719656765885015,-1.0423236138804708,0.5135329700256288,-0.08166171397932562,-0.0814732262969227
-3.2588506948523435,5.0262635512352025,-3.208258171688359,1.325802586415243,0.24863359740673208,-1.1170399075491273,1.2490553896339982,-0.8822253419139249,0.36924948348794034,-0.02700817831911602
1.36122284050492,-3.208258171688359,4.954126174919233,-3.135929418764436,1.2859983711482288,0.2206788895057489,-0.998230082231228,1.0453211557872328,-0.6411609574572129,0.1805185577431682
0.2524681222745284,1.325802586415243,-3.135929418764436,4.85821652761564,-3.0475031755797035,1.2491278256580518,0.16204109742931153,-0.8202563213551071,0.765746785337942,-0.33318459631561725
-1.1791177203799972,0.24863359740673208,1.2859983711482288,-3.0475031755797035,4.735614331245779,-2.9283055833564333,1.1892149022246028,0.10418068654151334,-0.6086853013410225,0.41529287612275034
1.3719656765885015,-1.1170399075491273,0.2206788895057489,1.2491278256580518,-2.9283055833564333,4.5446995476401435,-2.7144254420834892,1.0372842535436297,0.09251578734384867,-0.3523315603305772
-1.0423236138804708,1.2490553896339982,-0.998230082231228,0.16204109742931153,1.1892149022246028,-2.7144254420834892,4.192592100863243,-2.3108584234071685,0.7381909188693263,0.09626408752525192
0.5135329700256288,-0.8822253419139249,1.0453211557872328,-0.8202563213551071,0.10418068654151334,1.0372842535436297,-2.3108584234071685,3.587619518037277,-1.672616874977271,0.33869555179931216
-0.08166171397932562,0.36924948348794034,-0.6411609574572129,0.765746785337942,-0.6086853013410225,0.09251578734384867,0.7381909188693263,-1.672616874977271,2.720726753567639,-0.8496608592157653
-0.0814732262969227,-0.02700817831911602,0.1805185577431682,-0.33318459631561725,0.41529287612275034,-0.3523315603305772,0.09626408752525192,0.33869555179931216,-0.8496608592157653,1.6240948545703395
