0.15573071760275206,0.0016781407103236166,0.0042615595049683725,0.001806877083608964,0.0024928168652627552,0.0013915939493960299,0.0014322370663041447,0.0008616811692192937,0.0006794695697982256,0.0003367519862767863
0.0016781407103236166,0.15566875802400373,0.0016043387014620005,0.004176198919046514,0.0017039604482598151,0.002375821676783398,0.0012470833445460752,0.001273565713871203,0.0006560344714900052,0.0004689812801164574
0.0042615595049683725,0.0016043387014620005,0.15557953171268687,0.001503305290813792,0.00405071739184388,0.0015672713087508286,0.0021967241725552515,0.001066701500151685,0.0010107759700548641,0.0004308758380940691
0.001806877083608964,0.004176198919046514,0.001503305290813792,0.15546161909347672,0.001362928886164617,0.003888235738568912,0.0013715754041263768,0.0019739278705332127,0.0007920754755691228,0.000708337985307818
0.0024928168652627552,0.0017039604482598151,0.00405071739184388,0.001362928886164617,0.1552843178753479,0.0011744524727709555,0.0036329063840844556,0.001126933587170685,0.001593184613085237,0.0004985610169450289
0.0013915939493960299,0.002375821676783398,0.0015672713087508286,0.003888235738568912,0.0011744524727709555,0.15505800452986707,0.0009156752325001948,0.003315861308902612,0.0007747114642495407,0.0011440136492978246
0.0014322370663041447,0.0012470833445460752,0.0021967241725552515,0.0013715754041263768,0.0036329063840844556,0.0009156752325001948,0.1546841474776264,0.0005911296017180022,0.00274197230862918,0.00041884188292555025
0.0008616811692192937,0.001273565713871203,0.001066701500151685,0.0019739278705332127,0.001126933587170685,0.003315861308902612,0.0005911296017180022,0.1542214936488381,0.0001810707541765034,0.002035881980677743
0.0006794695697982256,0.0006560344714900052,0.0010107759700548641,0.0007920754755691228,0.001593184613085237,0.0007747114642495407,0.00274197230862918,0.0001810707541765034,0.15329761010164142,-0.00017172651730778908
0.0003367519862767863,0.0004689812801164574,0.0004308758380940691,0.000708337985307818,0.0004985610169450289,0.0011440136492978246,0.00041884188292555025,0.002035881980677743,-0.00017172651730778908,0.1520869870717196
