2.7176395466436927,0.6190096121219263,0.37245627647378654,0.11117426169745809,0.07898435816563845,0.018717860677617527,0.017169599192260118,0.0028954681057793896,0.0035104726548867123,0.0008580349419154126
0.6190096121219263,2.7176293336246444,0.6190217096628695,0.3724197795265748,0.11120774115248273,0.07884964356988097,0.018795683379721578,0.016652223029714395,0.0029865182345055804,0.0014320405436158484
0.37245627647378654,0.6190217096628695,2.7176053716149946,0.6190607035963629,0.37233881741403074,0.11133179111505168,0.07857270309919853,0.019181793710357005,0.015688102580919565,0.004143370646236032
0.11117426169745809,0.3724197795265748,0.6190607035963629,2.7174730829964417,0.6191621735571675,0.37184177794891526,0.11152861579904398,0.07662407643150311,0.01913047024154931,0.007686529375043117
0.07898435816563845,0.11120774115248273,0.37233881741403074,0.6191621735571675,2.7171862089355088,0.6194514560288844,0.3707943853164576,0.11225235569468366,0.07265373705593968,0.020347284368232
0.018717860677617527,0.07884964356988097,0.11133179111505168,0.37184177794891526,0.6194514560288844,2.7152782570998304,0.6197966112547714,0.36313378470929203,0.1102955365873523,0.04042519998213109
0.017169599192260118,0.018795683379721578,0.07857270309919853,0.11152861579904398,0.3707943853164576,0.6197966112547714,2.71114136747225,0.6193899736486287,0.34601567114925214,0.10109973839383116
0.0028954681057793896,0.016652223029714395,0.019181793710357005,0.07662407643150311,0.11225235569468366,0.36313378470929203,0.6193899736486287,2.679594799691766,0.6038466847122905,0.21000476367522475
0.0035104726548867123,0.0029865182345055804,0.015688102580919565,0.01913047024154931,0.07265373705593968,0.1102955365873523,0.34601567114925214,0.6038466847122905,2.6026637351440023,0.5063577737397413
0.0008580349419154126,0.0014320405436158484,0.004143370646236032,0.007686529375043117,0.020347284368232,0.04042519998213109,0.10109973839383116,0.21000476367522475,0.5063577737397413,2.0028549907334523
