1.8915938632420832,-0.3778559375373655,-0.05003242357910448,0.12393003048403074,-0.047992638131974984,-0.008872273753597018,0.016935516235109208,-0.005937341202034242,-0.001501249923880942,0.0019314196538399676
-0.3778559375373655,1.891589015198004,-0.3778557161122158,-0.05001438252584177,0.1238952988939317,-0.04799608182669137,-0.008733578474550956,0.016688099292083463,-0.006000615864808833,-0.000440453090125305
-0.05003242357910448,-0.3778557161122158,1.8915940569548564,-0.377866029616225,-0.05001420394054262,0.12393422796307423,-0.048069886704049235,-0.008743149018043187,0.016987059198790774,-0.006525750927901317
0.12393003048403074,-0.05001438252584177,-0.377866029616225,1.8915447459370576,-0.37773413848583975,-0.05007421844074304,0.1235448376220397,-0.047109968546079996,-0.009063827204075451,0.01393492315705682
-0.047992638131974984,0.1238952988939317,-0.05001420394054262,-0.37773413848583975,1.8912963196384407,-0.3777696130941379,-0.04906179895727458,0.12177814801846899,-0.04764577135814703,-0.0013314051330337372
-0.008872273753597018,-0.04799608182669137,0.12393422796307423,-0.05007421844074304,-0.3777696130941379,1.8915914368288957,-0.3781889106088952,-0.04939772404680311,0.12400546205359059,-0.05055069369514911
0.016935516235109208,-0.008733578474550956,-0.048069886704049235,0.1235448376220397,-0.04906179895727458,-0.3781889106088952,1.888524671187517,-0.3708319420456723,-0.051541692187177024,0.10002402138669858
-0.005937341202034242,0.016688099292083463,-0.008743149018043187,-0.047109968546079996,0.12177814801846899,-0.04939772404680311,-0.3708319420456723,1.875984123819298,-0.3752842821663071,0.004564754903220245
-0.001501249923880942,-0.006000615864808833,0.016987059198790774,-0.009063827204075451,-0.04764577135814703,0.12400546205359059,-0.051541692187177024,-0.3752842821663071,1.8925097687395986,-0.38937581982699165
0.0019314196538399676,-0.000440453090125305,-0.006525750927901317,0.01393492315705682,-0.0013314051330337372,-0.05055069369514911,0.10002402138669858,0.004564754903220245,-0.38937581982699165,1.7053767623643479
