8.506412444310671,-4.820139670770001,0.9912188219743874,1.072813846874533,-1.3197461223571927,0.7060315610114942,-0.08196653996831167,-0.1999461408652192,0.1814278236810682,-0.054729144790776785
-4.820139670770001,8.503749708325923,-4.817578060328975,0.9923427399052764,1.0639948548238762,-1.3035346647200199,0.6930904782314053,-0.09453389332194688,-0.14053676077738203,0.08469210704691456
0.9912188219743874,-4.817578060328975,8.501123302757737,-4.818309781293763,1.0004777591772456,1.0482791649143113,-1.2899550489250238,0.703043145653149,-0.1498990841194574,-0.0459941507477689
1.072813846874533,0.9923427399052764,-4.818309781293763,8.499895210544747,-4.813834674114812,0.9938936230096476,1.0513047083461737,-1.2800413411974065,0.6741114168726234,-0.11226084224970205
-1.3197461223571927,1.0639948548238762,1.0004777591772456,-4.813834674114812,8.469934995833139,-4.760400496825987,0.9534662181299198,1.0050786223712855,-1.079426864168977,0.3569111371430561
0.7060315610114942,-1.3035346647200199,1.0482791649143113,0.9938936230096476,-4.760400496825987,8.371146537688862,-4.6807756638804605,1.0283983507590206,0.6447010022038795,-0.4893781399699405
-0.08196653996831167,0.6930904782314053,-1.2899550489250238,1.0513047083461737,0.9534662181299198,-4.6807756638804605,8.300373626944875,-4.726952073238319,1.3046667297177974,0.16423514245990986
-0.1999461408652192,-0.09453389332194688,0.703043145653149,-1.2800413411974065,1.0050786223712855,1.0283983507590206,-4.726952073238319,8.21287270297284,-4.422978679609686,0.8676286098372068
0.1814278236810682,-0.14053676077738203,-0.1498990841194574,0.6741114168726234,-1.079426864168977,0.6447010022038795,1.3046667297177974,-4.422978679609686,6.867642919362836,-2.2810031508808346
-0.054729144790776785,0.08469210704691456,-0.0459941507477689,-0.11226084224970205,0.3569111371430561,-0.4893781399699405,0.16423514245990986,0.8676286098372068,-2.2810031508808346,3.3397605583407453
