3.659021413792213,-0.4306423522464198,-0.5073802827800202,0.523741926662627,-0.26698092621294756,0.0599049488806843,0.02919473771888208,-0.03916595712177093,0.020627667105930596,-0.003626867769001322
-0.4306423522464198,3.659002312993369,-0.4305947751207587,-0.5074443419856578,0.5237521265204467,-0.26678603590594163,0.05933483968279757,0.03008061024053762,-0.03961259407758369,0.018770811563096273
-0.5073802827800202,-0.4305947751207587,3.6587791836773276,-0.43014821459252495,-0.5078930488691659,0.5234293742664213,-0.2643395517029915,0.05374654941347884,0.03689874694745697,-0.03887367929694918
0.523741926662627,-0.5074443419856578,-0.43014821459252495,3.6577770506453744,-0.4289528098241724,-0.5076857252061292,0.5187016718246001,-0.25209183863000456,0.03659696595452054,0.041332006347617314
-0.26698092621294756,0.5237521265204467,-0.5078930488691659,-0.4289528098241724,3.6560589308608336,-0.428398641325591,-0.5032283505581755,0.504546188297811,-0.22876835825539524,0.021864878329142374
0.0599049488806843,-0.26678603590594163,0.5234293742664213,-0.5076857252061292,-0.428398641325591,3.6538174307262468,-0.4241777907710924,-0.5070084975004798,0.5002309740203659,-0.20377923900585165
0.02919473771888208,0.05933483968279757,-0.2643395517029915,0.5187016718246001,-0.5032283505581755,-0.4241777907710924,3.626731004179293,-0.3645592857135912,-0.5763165157634201,0.48293579324292285
-0.03916595712177093,0.03008061024053762,0.05374654941347884,-0.25209183863000456,0.504546188297811,-0.5070084975004798,-0.3645592857135912,3.476337328004708,-0.1594205223801746,-0.6158129071619843
0.020627667105930596,-0.03961259407758369,0.03689874694745697,0.03659696595452054,-0.22876835825539524,0.5002309740203659,-0.5763165157634201,-0.1594205223801746,3.1547331085659804,0.009098107838067169
-0.003626867769001322,0.018770811563096273,-0.03887367929694918,0.041332006347617314,0.021864878329142374,-0.20377923900585165,0.48293579324292285,-0.6158129071619843,0.009098107838067169,2.829866503778317
