0.8938525768324612,-0.12559195021148922,0.08774099733371549,-0.044392017452260985,0.028803003851358235,-0.015358496220365699,0.009472386539817895,-0.0051158941612106,0.0028681085524779803,-0.001280992120563115
-0.12559195021148922,0.8938444696565693,-0.12557761703117779,0.08771724042943721,-0.04434923603420308,0.028733771977843325,-0.015229976752815013,0.009272527423009517,-0.004725809360817229,0.0023005496792856575
0.08774099733371549,-0.12557761703117779,0.8938190202580785,-0.12553566935770416,0.08764116420458795,-0.04422725747625853,0.02850467345444857,-0.014879159466983701,0.008574477803248397,-0.003736124255818832
-0.044392017452260985,0.08771724042943721,-0.12553566935770416,0.8937493776711758,-0.1254105215063254,0.08743808295093561,-0.043851576386500314,0.027917770894665253,-0.013740207693959203,0.006904561483192866
0.028803003851358235,-0.04434923603420308,0.08764116420458795,-0.1254105215063254,0.8935218403828016,-0.12504688777622805,0.08675228156323059,-0.04280713879926057,0.02582535390226482,-0.010800763693565188
-0.015358496220365699,0.028733771977843325,-0.04422725747625853,0.08743808295093561,-0.12504688777622805,0.8929290031375123,-0.12395665484759365,0.08503580633032781,-0.03950842027511249,0.02092554897120367
0.009472386539817895,-0.015229976752815013,0.02850467345444857,-0.043851576386500314,0.08675228156323059,-0.12395665484759365,0.890859145523803,-0.12083201706416312,0.07870694294120212,-0.030748489205346605
-0.0051158941612106,0.009272527423009517,-0.014879159466983701,0.027917770894665253,-0.04280713879926057,0.08503580633032781,-0.12083201706416312,0.8858735861637304,-0.11141035702009822,0.06439668671204866
0.0028681085524779803,-0.004725809360817229,0.008574477803248397,-0.013740207693959203,0.02582535390226482,-0.03950842027511249,0.07870694294120212,-0.11141035702009822,0.8664570603170819,-0.08516085732844697
-0.001280992120563115,0.0023005496792856575,-0.003736124255818832,0.006904561483192866,-0.010800763693565188,0.02092554897120367,-0.030748489205346605,0.06439668671204866,-0.08516085732844697,0.8249906678326178
