10.270013972040381,6.061200732529252,2.869452995192548,1.196092168885788,0.46402381083856115,0.1716265574604381,0.06118961218417732,0.020939169643317705,0.006438054252248647,0.0012800954675622734
6.061200732529252,10.270011160488082,6.061192512136705,2.8694295239142082,1.1960270660846242,0.4638498887757886,0.17118574988696852,0.06016093771333579,0.01888560113422123,0.0038148445441658248
2.869452995192548,6.061192512136705,10.269987121975777,6.061123863264871,2.8692390661567346,1.1955180977523268,0.4625593052789509,0.16817168754602518,0.05413393541726012,0.01113724864078957
1.196092168885788,2.8694295239142082,6.061123863264871,10.269791031605093,6.060579682576236,2.8677842837963015,1.191827201486745,0.453931555617218,0.15088566527048358,0.03174338646859737
0.46402381083856115,1.1960270660846242,2.8692390661567346,6.060579682576236,10.268280317594678,6.056539128857511,2.8575260452260034,1.1678202422759627,0.40571567730372676,0.0878517172104013
0.1716265574604381,0.4638498887757886,1.1955180977523268,2.8677842837963015,6.056539128857511,10.257466679718075,6.029060083502753,2.7931194697131536,1.038047628136729,0.23399547256965608
0.06118961218417732,0.17118574988696852,0.4625593052789509,1.191827201486745,2.8575260452260034,6.029060083502753,10.187545008735478,5.864809776745115,2.4606262143779234,0.5904613613011174
0.020939169643317705,0.06016093771333579,0.16817168754602518,0.453931555617218,1.1678202422759627,2.7931194697131536,5.864809776745115,9.800287050428537,5.074861241521869,1.3677102794247726
0.006438054252248647,0.01888560113422123,0.05413393541726012,0.15088566527048358,0.40571567730372676,1.038047628136729,2.4606262143779234,5.074861241521869,8.16355955173512,2.6869985512309937
0.0012800954675622734,0.0038148445441658248,0.01113724864078957,0.03174338646859737,0.0878517172104013,0.23399547256965608,0.5904613613011174,1.3677102794247726,2.6869985512309937,4.088420794241327
