7.928659168718204,-2.4950437379085435,4.916990805848967,-2.460393929167629,3.3212347749996702,-1.942812654501218,2.067526899593844,-1.209085263603933,0.9659619275283036,-0.3882118502336305
-2.4950437379085435,7.561024434367744,-2.1189561633685727,4.527419687706535,-2.063988149780828,2.9074868182698204,-1.5263647324980472,1.626100920787449,-0.7745482559338753,0.49071877452381735
4.916990805848967,-2.1189561633685727,7.166177825312531,-1.7248656622103211,4.104696828247888,-1.6549719913914482,2.4492593826227247,-1.110413268217054,1.1173537943140401,-0.3703057537510168
-2.460393929167629,4.527419687706535,-1.7248656622103211,6.751413752099074,-1.3123565958008512,3.6600092381944633,-1.2278087140290146,1.9658595092891045,-0.6781319788331986,0.577797409523653
3.3212347749996702,-2.063988149780828,4.104696828247888,-1.3123565958008512,6.2947192645750905,-0.8904628390888376,3.156182690139097,-0.8124419497976937,1.38806339041946,-0.30507541445804526
-1.942812654501218,2.9074868182698204,-1.6549719913914482,3.6600092381944633,-0.8904628390888376,5.809006733208594,-0.46714629555457116,2.6092029522467226,-0.4138675535556029,0.73779515017893
2.067526899593844,-1.5263647324980472,2.4492593826227247,-1.2278087140290146,3.156182690139097,-0.46714629555457116,5.23469956944212,-0.08056520860153399,1.9124440643862306,-0.1364477687284678
-1.209085263603933,1.626100920787449,-1.110413268217054,1.9658595092891045,-0.8124419497976937,2.6092029522467226,-0.08056520860153399,4.579167772057,0.21494809331853543,1.0531795877573817
0.9659619275283036,-0.7745482559338753,1.1173537943140401,-0.6781319788331986,1.38806339041946,-0.4138675535556029,1.9124440643862306,0.21494809331853543,3.657706694954509,0.25636384702450105
-0.3882118502336305,0.49071877452381735,-0.3703057537510168,0.577797409523653,-0.30507541445804526,0.73779515017893,-0.1364477687284678,1.0531795877573817,0.25636384702450105,2.3795671973840875
