3.654124650756301,0.18901195731884968,-1.845585536685624,0.20862628932839522,1.0084588627425928,-0.2804858354496943,-0.48914948870231767,0.20298336136007883,0.1774965348699471,-0.047941888561139095
0.18901195731884968,3.6481327234032106,0.19326979372346098,-1.836605496051013,0.19863616958059804,0.9960854300468811,-0.25966027287949556,-0.4742227362757005,0.1628367568944507,0.16400572180763515
-1.845585536685624,0.19326979372346098,3.618586978911396,0.19486067981616942,-1.7864926127400538,0.18084796487561605,0.9156244615014525,-0.20501468053122246,-0.3528762903173445,0.03279000597325011
0.20862628932839522,-1.836605496051013,0.19486067981616942,3.6027322493170564,0.19690260466814372,-1.7599584066854235,0.16937529268845192,0.8736387331159703,-0.17274897174934628,-0.2906834262922045
1.0084588627425928,0.19863616958059804,-1.7864926127400538,0.19690260466814372,3.5163102641313837,0.21938501752810913,-1.618736544684637,0.08842684979163504,0.6561582921912631,0.031234354665935327
-0.2804858354496943,0.9960854300468811,0.18084796487561605,-1.7599584066854235,0.21938501752810913,3.4641175007184457,0.1965777883458217,-1.5225110516678686,0.09855384573023937,0.4883473870313068
-0.48914948870231767,-0.25966027287949556,0.9156244615014525,0.16937529268845192,-1.618736544684637,0.1965777883458217,3.229159577287089,0.3062598502636923,-1.1531640105734913,-0.20028170052949532
0.20298336136007883,-0.4742227362757005,-0.20501468053122246,0.8736387331159703,0.08842684979163504,-1.5225110516678686,0.3062598502636923,3.031422019191331,0.17789221358010804,-0.775990618992239
0.1774965348699471,0.1628367568944507,-0.3528762903173445,-0.17274897174934628,0.6561582921912631,0.09855384573023937,-1.1531640105734913,0.17789221358010804,2.437577761134296,0.5762077920131672
-0.047941888561139095,0.16400572180763515,0.03279000597325011,-0.2906834262922045,0.031234354665935327,0.4883473870313068,-0.20028170052949532,-0.775990618992239,0.5762077920131672,1.67200937005749
