1.8552633112816166,0.18986969002460174,0.09700025443089356,0.05883582570622781,0.03610549645211668,0.022097657388400103,0.013397129774486313,0.00791300872785652,0.004329339055748828,0.0018030893600552047
0.18986969002460174,1.855233792327149,0.18982173656249512,0.09692235416087219,0.058709276930853926,0.0358999183954951,0.021763698512210404,0.012854665440828285,0.0070329998169867645,0.0029291138211065965
0.09700025443089356,0.18982173656249512,1.855155892056984,0.18969518778345024,0.09671677601577981,0.05837531593101733,0.035357403099701715,0.020882466661773458,0.011425093332740947,0.004758337685987123
0.05883582570622781,0.09692235416087219,0.18969518778345024,1.8549503139063064,0.1893612266405073,0.09617425727112557,0.05749400129434956,0.03392584433221099,0.018560130618096686,0.007729910710916344
0.03610549645211668,0.058709276930853926,0.09671677601577981,0.1893612266405073,1.854407794943916,0.18847990642511914,0.0947425640565239,0.055168437991007194,0.030153215670159626,0.012557313753082987
0.022097657388400103,0.0358999183954951,0.05837531593101733,0.09617425727112557,0.18847990642511914,1.8529760932413017,0.1861541256462485,0.09096469423620218,0.049039812705355804,0.020401592528387
0.013397129774486313,0.021763698512210404,0.035357403099701715,0.05749400129434956,0.0947425640565239,0.1861541256462485,1.849197892532363,0.18001702250149282,0.08100875476645228,0.03319680826010875
0.00791300872785652,0.012854665440828285,0.020882466661773458,0.03392584433221099,0.055168437991007194,0.09096469423620218,0.18001702250149282,1.8392290540155576,0.16384352526210344,0.055235387931138163
0.004329339055748828,0.0070329998169867645,0.011425093332740947,0.018560130618096686,0.030153215670159626,0.049039812705355804,0.08100875476645228,0.16384352526210344,1.8129528430009885,0.12110010008677626
0.0018030893600552047,0.0029291138211065965,0.004758337685987123,0.007729910710916344,0.012557313753082987,0.020401592528387,0.03319680826010875,0.055235387931138163,0.12110010008677626,1.7225270526741538
