7.830360709136614,4.548496910188023,0.8594433328916623,-0.7305815371998067,-0.7448835367810455,-0.29517511348331954,0.014211817961276893,0.09419717555815875,0.059764105627576086,0.01575328061756296
4.548496910188023,7.830268490206026,4.548280807098144,0.8592542626507831,-0.7302784634569011,-0.7435168445530491,-0.2930102153614501,0.01457383192664867,0.08755877249751237,0.04290333624390541
0.8594433328916623,4.548280807098144,7.829738846668933,4.547783117220228,0.8599164125403349,-0.7269998174863288,-0.7380987603792235,-0.2916137410614596,-0.0008868922211830594,0.04637599293265272
-0.7305815371998067,0.8592542626507831,4.547783117220228,7.829222765398369,4.548291479494381,0.8628970955849377,-0.7217502741570282,-0.7360677447648646,-0.3049994414682039,-0.039386058051815304
-0.7448835367810455,-0.7302784634569011,0.8599164125403349,4.548291479494381,7.828127296019692,4.543957081247043,0.8564957943028364,-0.7218060804033309,-0.7140533205356451,-0.2530455657208414
-0.29517511348331954,-0.7435168445530491,-0.7269998174863288,0.8628970955849377,4.543957081247043,7.807624331888876,4.510745127035405,0.8493381764788046,-0.6237367374850149,-0.4587083142011149
0.014211817961276893,-0.2930102153614501,-0.7380987603792235,-0.7217502741570282,0.8564957943028364,4.510745127035405,7.751681272685604,4.494109039092295,1.0037609750730274,-0.20310095033166703
0.09419717555815875,0.01457383192664867,-0.2916137410614596,-0.7360677447648646,-0.7218060804033309,0.8493381764788046,4.494109039092295,7.737328281069775,4.517915379023304,1.109389905245062
0.059764105627576086,0.08755877249751237,-0.0008868922211830594,-0.3049994414682039,-0.7140533205356451,-0.6237367374850149,1.0037609750730274,4.517915379023304,7.259068523229481,3.3110609618841815
0.01575328061756296,0.04290333624390541,0.04637599293265272,-0.039386058051815304,-0.2530455657208414,-0.4587083142011149,-0.20310095033166703,1.109389905245062,3.3110609618841815,4.0560563612798655
