9.98552752499359,6.17635549300654,-0.11695568107400914,-4.890926028944696,-5.7696023829234075,-3.2562618842244864,0.18299709507224104,2.152228890178194,1.941319748081026,0.6625064648772712
6.17635549300654,9.360395783473592,5.689193095613102,-0.14332845950553402,-4.389953223744747,-5.000800287372376,-2.6765099256682063,0.18683239898115855,1.5153705478301973,0.9968906829901967
-0.11695568107400914,5.689193095613102,8.669307480658127,5.208862496672323,-0.08651810008197083,-3.7737506308023603,-4.154076427480762,-2.109429396290621,0.08560301305485281,0.7374510868459255
-4.890926028944696,-0.14332845950553402,5.208862496672323,7.989435164895159,4.737518326505733,-0.028871608839454797,-3.1662730445383884,-3.3211597410990166,-1.5530624200717686,-0.016140488541323224
-5.7696023829234075,-4.389953223744747,-0.08651810008197083,4.737518326505733,7.230640119853475,4.139703077793265,-0.0704637996263526,-2.5651353192621724,-2.3876194222959604,-0.841120953727004
-3.2562618842244864,-5.000800287372376,-3.7737506308023603,-0.028871608839454797,4.139703077793265,6.284212231659512,3.4050538122713845,-0.10611333042707005,-1.8035758825589598,-1.2238384798714046
0.18299709507224104,-2.6765099256682063,-4.154076427480762,-3.1662730445383884,-0.0704637996263526,3.4050538122713845,5.2457626191428,2.6862038140174005,-0.01645409116487312,-0.8745359642501722
2.152228890178194,0.18683239898115855,-2.109429396290621,-3.3211597410990166,-2.5651353192621724,-0.10611333042707005,2.6862038140174005,4.224051024151532,1.9745539290807934,0.06528429831079031
1.941319748081026,1.5153705478301973,0.08560301305485281,-1.5530624200717686,-2.3876194222959604,-1.8035758825589598,-0.01645409116487312,1.9745539290807934,3.0740931326340184,1.0655974952840725
0.6625064648772712,0.9968906829901967,0.7374510868459255,-0.016140488541323224,-0.841120953727004,-1.2238384798714046,-0.8745359642501722,0.06528429831079031,1.0655974952840725,1.6416347903872526
