23.39425433395894,21.4142344313696,18.15799587203732,14.157502942099214,10.03780770726102,6.293645162797885,3.265942605504851,1.1349819373756893,-0.07239369150559608,-0.4643529990984669
21.4142344313696,23.01193945485177,20.79723814459085,17.306223351799964,13.098095247344641,8.830316481412737,5.033025472318114,2.082349310555842,0.18941600969013683,-0.5973520698130079
18.15799587203732,20.79723814459085,22.00943278437116,19.407784261881986,15.57288284985206,11.117029326626767,6.755853680746664,3.0775223640613745,0.5092697347129291,-0.7016406815942313
14.157502942099214,17.306223351799964,19.407784261881986,20.07927528809002,16.995769557497802,12.81180673808686,8.220823256331617,4.0195456117228385,0.8677678194728812,-0.7563302221196181
10.03780770726102,13.098095247344641,15.57288284985206,16.995769557497802,17.06121076861592,13.536863898715993,9.178972115912106,4.782771545838906,1.2350918624273668,-0.7399059629945623
6.293645162797885,8.830316481412737,11.117029326626767,12.81180673808686,13.536863898715993,13.092820561312482,9.364082589524081,5.223903338460494,1.571282331028084,-0.6325341758066455
3.265942605504851,5.033025472318114,6.755853680746664,8.220823256331617,9.178972115912106,9.364082589524081,8.699609255507633,5.193240294934901,1.8277787417300075,-0.418879369061824
1.1349819373756893,2.082349310555842,3.0775223640613745,4.0195456117228385,4.782771545838906,5.223903338460494,5.193240294934901,4.731392034903368,1.9504295477538427,-0.0912604320523242
-0.07239369150559608,0.18941600969013683,0.5092697347129291,0.8677678194728812,1.2350918624273668,1.571282331028084,1.8277787417300075,1.9504295477538427,2.0653585633501566,0.34711722998789984
-0.4643529990984669,-0.5973520698130079,-0.7016406815942313,-0.7563302221196181,-0.7399059629945623,-0.6325341758066455,-0.418879369061824,-0.0912604320523242,0.34711722998789984,1.0604927373724626
