0.4237330798110871,-0.16050528324824972,0.0713424803148898,-0.037176493598398856,0.016276416856313945,-0.00862099946445299,0.0037065952494886186,-0.0019976247547743462,0.00083988390057409,-0.0004449583032817544
-0.16050528324824972,0.4237321392844887,-0.160504872979142,0.07133867115125282,-0.037174177541851566,0.016260871633411028,-0.00860899899855399,0.0036426956219072527,-0.0019384463553462307,0.0005754447067067988
0.0713424803148898,-0.160504872979142,0.42373299618608173,-0.16050339812192763,0.07134180835616044,-0.037168885881090186,0.01627237672343463,-0.00859005787731495,0.0036849721397199894,-0.0018708453501126824
-0.037176493598398856,0.07133867115125282,-0.16050339812192763,0.42371760261479163,-0.16049476572849158,0.07127911819354114,-0.03712330146181914,0.016015191515506816,-0.008362658849512976,0.0026225931982277392
0.016276416856313945,-0.037174177541851566,0.07134180835616044,-0.16049476572849158,0.4237285054367459,-0.16046244866972223,0.07131659145134217,-0.037001713426505524,0.016142092608896718,-0.007902662803633161
-0.00862099946445299,0.016260871633411028,-0.037168885881090186,0.07127911819354114,-0.16046244866972223,0.42347371207167794,-0.16028817073916002,0.07027328814036712,-0.036121500404562155,0.01184004071303018
0.0037065952494886186,-0.00860899899855399,0.01627237672343463,-0.03712330146181914,0.07131659145134217,-0.16028817073916002,0.4235911142184072,-0.15961720996908363,0.07061857717396597,-0.03351910065991845
-0.0019976247547743462,0.0036426956219072527,-0.00859005787731495,0.016015191515506816,-0.037001713426505524,0.07027328814036712,-0.15961720996908363,0.41932678636753473,-0.15618378741247912,0.05306427954519349
0.00083988390057409,-0.0019384463553462307,0.0036849721397199894,-0.008362658849512976,0.016142092608896718,-0.036121500404562155,0.07061857717396597,-0.15618378741247912,0.4200790864036238,-0.14268394384078753
-0.0004449583032817544,0.0005754447067067988,-0.0018708453501126824,0.0026225931982277392,-0.007902662803633161,0.01184004071303018,-0.03351910065991845,0.05306427954519349,-0.14268394384078753,0.3479303264783622
