1.3890381152577758,-0.8965384923594354,0.7674029666776359,-0.648579121066586,0.5391494263546811,-0.4374326587776556,0.34198715242888506,-0.2514432258502055,0.1644995181900835,-0.07993786116153723
-0.8965384923594354,1.3604600756511471,-0.8643282775942089,0.7310989394791434,-0.6076609693662526,0.49303072350356514,-0.38545233822779723,0.283400872705214,-0.185406862189214,0.09009770193621096
0.7674029666776359,-0.8643282775942089,1.3241560481705021,-0.8234101275390613,0.6849802248225023,-0.555680730554476,0.43444387459634914,-0.31941993439537897,0.2089715036453926,-0.10154881922609077
-0.648579121066586,0.7310989394791434,-0.8234101275390613,1.2780373357265762,-0.7714298758253032,0.6263934684973429,-0.48964768571035455,0.36001896922475846,-0.23553083740696618,0.11445537724931146
0.5391494263546811,-0.6076609693662526,0.6849802248225023,-0.7714298758253032,1.21945056204872,-0.7053969321619401,0.5519678370727249,-0.40576361570562924,0.2654678374023987,-0.1290020292853883
-0.4374326587776556,0.49303072350356514,-0.555680730554476,0.6263934684973429,-0.7053969321619401,1.1450250667085493,-0.6215120686708885,0.4574223991506572,-0.29919538464548906,0.1453995113443196
0.34198715242888506,-0.38545233822779723,0.43444387459634914,-0.48964768571035455,0.5519678370727249,-0.6215120686708885,1.0504785615761731,-0.514950060340846,0.33730942001722625,-0.16386715591827436
-0.2514432258502055,0.283400872705214,-0.31941993439537897,0.36001896922475846,-0.40576361570562924,0.4574223991506572,-0.514950060340846,0.9303739517888636,-0.3795730313147687,0.18477871849322733
0.1644995181900835,-0.185406862189214,0.2089715036453926,-0.23553083740696618,0.2654678374023987,-0.29919538464548906,0.33730942001722625,-0.3795730313147687,0.7777776156341477,-0.20767495503342903
-0.07993786116153723,0.09009770193621096,-0.10154881922609077,0.11445537724931146,-0.1290020292853883,0.1453995113443196,-0.16386715591827436,0.18477871849322733,-0.20767495503342903,0.5839012067058423
