6.360351448295859,-3.84817839331828,2.941201387910333,-2.316928751904801,1.8164034971828589,-1.3944062973232323,1.0293721129247149,-0.7061256812037975,0.41327595846501697,-0.1481631677123229
-3.84817839331828,6.309731147780305,-3.7863697501625486,2.865731967411153,-2.2247817671354615,1.7039066537275565,-1.2571356074625946,0.8622446224197692,-0.5046299109647742,0.1809131495906034
2.941201387910333,-3.7863697501625486,6.2342612606092525,-3.6942197148709317,2.75321821242805,-2.087420330553177,1.5362957405163586,-1.0530688243646307,0.6162134478741306,-0.22091001266401142
-2.316928751904801,2.865731967411153,-3.6942197148709317,6.121744476620284,-3.5568384784026144,2.5854975323334743,-1.882764541841444,1.2871268362253296,-0.7526613699789922,0.26979111310950726
1.8164034971828589,-2.2247817671354615,2.75321821242805,-3.5568384784026144,5.95400413629527,-3.352054175472249,2.3356161691310557,-1.5785340555406213,0.920338581888074,-0.3297093441148017
-1.3944062973232323,1.7039066537275565,-2.087420330553177,2.5854975323334743,-3.352054175472249,5.703995165330432,-3.046989547784823,1.9642035901815684,-1.1307680505175741,0.4041101397506356
1.0293721129247149,-1.2571356074625946,1.5362957405163586,-1.882764541841444,2.3356161691310557,-3.046989547784823,5.331754328488399,-2.593809419248831,1.4179602548657693,-0.5015417917353605
-0.7061256812037975,0.8622446224197692,-1.0530688243646307,1.2871268362253296,-1.5785340555406213,1.9642035901815684,-2.593809419248831,4.780135057386626,-1.9294419555292293,0.6555193140743762
0.41327595846501697,-0.5046299109647742,0.6162134478741306,-0.7526613699789922,0.920338581888074,-1.1307680505175741,1.4179602548657693,-1.9294419555292293,3.9828007749982905,-1.0296383201935062
-0.1481631677123229,0.1809131495906034,-0.22091001266401142,0.26979111310950726,-0.3297093441148017,0.4041101397506356,-0.5015417917353605,0.6555193140743762,-1.0296383201935062,3.049740567825115
