0.12062661128672601,-0.006060355963511293,0.0019375915566203514,-0.0007139733034971882,0.0003035280691077219,-0.00013892521503925819,5.675372419589221e-05,-5.64561028581357e-06,-2.6316056555346984e-05,8.261306855682954e-06
-0.006060355963511293,0.12062441009889376,-0.00605659398845379,0.001931178429068144,-0.0007031039619404516,0.0002853517381039535,-0.00010948914069400643,1.2880418843780363e-05,4.4223983288784576e-05,-1.4068329410744784e-05
0.0019375915566203514,-0.00605659398845379,0.1206179806142342,-0.006045633411593901,0.0019126014843925602,-0.0006720372829038897,0.00023503512438265988,-3.4473899480893516e-05,-7.247759635600962e-05,2.3785909632770004e-05
-0.0007139733034971882,0.001931178429068144,-0.006045633411593901,0.12059929539859893,-0.006013962827867777,0.001859633128782394,-0.0005862287436374585,0.00010702756447799461,0.00011153208970220282,-3.9549972746198705e-05
0.0003035280691077219,-0.0007031039619404516,0.0019126014843925602,-0.006013962827867777,0.12054561037588685,-0.005924156922872568,0.001714073159811575,-0.00036877975941787165,-0.0001423506646373708,6.315483957844955e-05
-0.00013892521503925819,0.0002853517381039535,-0.0006720372829038897,0.001859633128782394,-0.005924156922872568,0.1203953066442633,-0.005680248576694345,0.0013485120301965673,5.5738440446883224e-05,-9.047060697247663e-05
5.675372419589221e-05,-0.00010948914069400643,0.00023503512438265988,-0.0005862287436374585,0.001714073159811575,-0.005680248576694345,0.11999834560240842,-0.005080590576581199,0.0006313542698824434,8.658487919483714e-05
-5.64561028581357e-06,1.2880418843780363e-05,-3.4473899480893516e-05,0.00010702756447799461,-0.00036877975941787165,0.0013485120301965673,-0.005080590576581199,0.11907334555299803,-0.003890458827817091,0.00011589712654517753
-2.6316056555346984e-05,4.4223983288784576e-05,-7.247759635600962e-05,0.00011153208970220282,-0.0001423506646373708,5.5738440446883224e-05,0.0006313542698824434,-0.003890458827817091,0.11718213879587967,-0.0012195638889980391
8.261306855682954e-06,-1.4068329410744784e-05,2.3785909632770004e-05,-3.9549972746198705e-05,6.315483957844955e-05,-9.047060697247663e-05,8.658487919483714e-05,0.00011589712654517753,-0.0012195638889980391,0.10569655849515038
