3.821382188019083,1.4043518476747727,1.955210422935902,0.9241558227441085,1.0560388626194666,0.5584372625764781,0.546379391911735,0.2905829316289262,0.22742277816958292,0.08158031645573313
1.4043518476747727,3.8105923176114627,1.3911255409785594,1.9367803394296197,0.9021419862950452,1.0244079684657017,0.5220466348740673,0.4917298734373088,0.2310417448368796,0.13213494365467218
1.955210422935902,1.3911255409785594,3.792605517299052,1.3689961635381718,1.906078360031567,0.8652749681384698,0.9717660841062986,0.46101623440765166,0.40090087062120183,0.13097117466797673
0.9241558227441085,1.9367803394296197,1.3689961635381718,3.7610047387031535,1.3323634158248627,1.8515530118981163,0.8052104950159827,0.8768664105381815,0.36396518781746545,0.2337788651607545
1.0560388626194666,0.9021419862950452,1.906078360031567,1.3323634158248627,3.7083017921613184,1.2718239369060853,1.7604722418045486,0.7062009380786799,0.7179980805095652,0.2046225666912009
0.5584372625764781,1.0244079684657017,0.8652749681384698,1.8515530118981163,1.2718239369060853,3.613525928025518,1.1737774997860462,1.593860718650117,0.5508293845527612,0.4206745594125213
0.546379391911735,0.5220466348740673,0.9717660841062986,0.8052104950159827,1.7604722418045486,1.1737774997860462,3.454406562496369,1.016453128442638,1.3122372643872444,0.3052437923527885
0.2905829316289262,0.4917298734373088,0.46101623440765166,0.8768664105381815,0.7062009380786799,1.593860718650117,1.016453128442638,3.1575920399574224,0.7748270616931319,0.7733967606480319
0.22742277816958292,0.2310417448368796,0.40090087062120183,0.36396518781746545,0.7179980805095652,0.5508293845527612,1.3122372643872444,0.7748270616931319,2.649552884362514,0.4173265530006494
0.08158031645573313,0.13213494365467218,0.13097117466797673,0.2337788651607545,0.2046225666912009,0.4206745594125213,0.3052437923527885,0.7733967606480319,0.4173265530006494,1.6501839584054387
