0.9766712810849478,0.07261271961354225,0.07683902910538914,0.048114313342225656,0.041125328174483854,0.028450790433239594,0.021869098880674943,0.015079879668666744,0.00993409556125367,0.005849863702166677
0.07261271961354225,0.9763491344816424,0.07218618760324787,0.07629328219025164,0.04737656847489831,0.040212879317229826,0.027149625844384736,0.020397588510791546,0.012675048979352349,0.007805544699867615
0.07683902910538914,0.07218618760324787,0.9757843437204754,0.07146364121801176,0.07531631841279371,0.04616869945818537,0.038489445722140185,0.025202484787717194,0.017210781273083068,0.00986222359416118
0.048114313342225656,0.07629328219025164,0.07146364121801176,0.9748597652830137,0.07021396459318545,0.07377035086234984,0.04396492325233585,0.035995622652907046,0.021130658096711892,0.013600471453121085
0.041125328174483854,0.04737656847489831,0.07531631841279371,0.07021396459318545,0.973169697436744,0.06812519172027863,0.07078835859283444,0.04059904217357739,0.030479069145550573,0.016274517962665606
0.028450790433239594,0.040212879317229826,0.04616869945818537,0.07377035086234984,0.06812519172027863,0.9705840926920317,0.06444296232156688,0.06661464883105134,0.03380100433362806,0.02442349883839816
0.021869098880674943,0.027149625844384736,0.038489445722140185,0.04396492325233585,0.07078835859283444,0.06444296232156688,0.9653200099444121,0.05851512760509667,0.05686521720699713,0.02527567416272479
0.015079879668666744,0.020397588510791546,0.025202484787717194,0.035995622652907046,0.04059904217357739,0.06661464883105134,0.05851512760509667,0.9585699493243584,0.04759606423458414,0.04701158621273181
0.00993409556125367,0.012675048979352349,0.017210781273083068,0.021130658096711892,0.030479069145550573,0.03380100433362806,0.05686521720699713,0.04759606423458414,0.9404657228581803,0.032008767166436136
0.005849863702166677,0.007805544699867615,0.00986222359416118,0.013600471453121085,0.016274517962665606,0.02442349883839816,0.02527567416272479,0.04701158621273181,0.032008767166436136,0.9258004838062861
