3.413638258699263,-1.7766438360713905,1.063036321410378,-0.5322318626523465,0.3470552515950472,-0.1513172196594717,0.11749459219294249,-0.03657811683217049,0.03847314274660236,-0.00036881387519316296
-1.7766438360713905,3.41319403716019,-1.7772205136099262,1.0624583806562153,-0.5330877803731209,0.3463687322877101,-0.1526936034103512,0.11690171323303301,-0.03910780148680084,0.03879118184863095
1.063036321410378,-1.7772205136099262,3.4120453076587722,-1.777723135358848,1.0603519376083912,-0.5328417614760564,0.3417833641449788,-0.14933768295343147,0.10517444219792586,-0.02478641184739417
-0.5322318626523465,1.0624583806562153,-1.777723135358848,3.411140111924601,-1.7782206416962119,1.058754854688615,-0.5329002510471504,0.33845844324153557,-0.14740278019462358,0.09697938636251341
0.3470552515950472,-0.5330877803731209,1.0603519376083912,-1.7782206416962119,3.4070149569019725,-1.7767143532390337,1.049140970287267,-0.5237795884190674,0.31258031188550883,-0.11219043386769029
-0.1513172196594717,0.3463687322877101,-0.5328417614760564,1.058754854688615,-1.7767143532390337,3.4027214994306836,-1.770886827365947,1.0364982093617998,-0.5036899556722965,0.2735384263692663
0.11749459219294249,-0.1526936034103512,0.3417833641449788,-0.5329002510471504,1.049140970287267,-1.770886827365947,3.3788816912824884,-1.7438666591111565,0.9696019674810316,-0.405418786892641
-0.03657811683217049,0.11690171323303301,-0.14933768295343147,0.33845844324153557,-0.5237795884190674,1.0364982093617998,-1.7438666591111565,3.3355500746011915,-1.6601810742296026,0.8266107670274925
0.03847314274660236,-0.03910780148680084,0.10517444219792586,-0.14740278019462358,0.31258031188550883,-0.5036899556722965,0.9696019674810316,-1.6601810742296026,3.1429661958507875,-1.3648595678978288
-0.00036881387519316296,0.03879118184863095,-0.02478641184739417,0.09697938636251341,-0.11219043386769029,0.2735384263692663,-0.405418786892641,0.8266107670274925,-1.3648595678978288,2.659243110318914
