1.9545459785382064,-0.08809838244116,0.6246906776005828,0.044292184749834186,0.32578001545642105,0.06541336079348904,0.1666583008810536,0.04909877537300716,0.07091721903136933,0.023072258379536498
-0.08809838244116,1.9515992369886765,-0.0918548054198327,0.6201729651536462,0.038453803750463735,0.3188770466634661,0.056304373169101016,0.15616578902851452,0.03480576611615194,0.05509961567999257
0.6246906776005828,-0.0918548054198327,1.9453520840100516,-0.09718669105843931,0.6098245525541723,0.03131948438782285,0.3012376215558833,0.04786908102256386,0.12500735573840904,0.027849488021277638
0.044292184749834186,0.6201729651536462,-0.09718669105843931,1.9383007796451155,-0.1052866232849694,0.5987537263304267,0.019119567284837477,0.28370448853657004,0.02974530282222581,0.09688899793065775
0.32578001545642105,0.038453803750463735,0.6098245525541723,-0.1052866232849694,1.9209441502896227,-0.11564563862430942,0.5686978259349305,0.008172893885977986,0.22961004834972523,0.02471836847720166
0.06541336079348904,0.3188770466634661,0.03131948438782285,0.5987537263304267,-0.11564563862430942,1.9028718786380039,-0.13010191657601522,0.5384775338778898,-0.010536899688669164,0.1774757607041257
0.1666583008810536,0.056304373169101016,0.3012376215558833,0.019119567284837477,0.5686978259349305,-0.13010191657601522,1.8498052843883632,-0.14212079140605283,0.4408281510618838,-0.004852154809834471
0.04909877537300716,0.15616578902851452,0.04786908102256386,0.28370448853657004,0.008172893885977986,0.5384775338778898,-0.14212079140605283,1.7957114501487654,-0.14919201175716398,0.33977137414240943
0.07091721903136933,0.03480576611615194,0.12500735573840904,0.02974530282222581,0.22961004834972523,-0.010536899688669164,0.4408281510618838,-0.14919201175716398,1.61161778630558,-0.10875812197984502
0.023072258379536498,0.05509961567999257,0.027849488021277638,0.09688899793065775,0.02471836847720166,0.1774757607041257,-0.004852154809834471,0.33977137414240943,-0.10875812197984502,1.4071154039185836
