0.350421320667895,-0.09557671509769464,-0.012734994169991663,0.06662876958947428,-0.05717572758709664,0.017588948814759604,0.015234996244178841,-0.02476176281926979,0.015908112259956166,-0.0023320894674956445
-0.09557671509769464,0.3506643915255891,-0.09555966829765015,-0.01319092421937395,0.06737147768809114,-0.0576333777671749,0.017059687696751032,0.01693595273191267,-0.026714507960828526,0.01622905627275443
-0.012734994169991663,-0.09555966829765015,0.3501411517034229,-0.09470289146959154,-0.013723630985905993,0.0667690110648738,-0.05567649734295031,0.014801844325371225,0.01732431936743502,-0.023405954762086092
0.06662876958947428,-0.01319092421937395,-0.09470289146959154,0.3494901911837267,-0.095104955464524,-0.011898614371062308,0.0643825559721173,-0.05483850853871654,0.01757438307527715,0.011153517170946741
-0.05717572758709664,0.06737147768809114,-0.013723630985905993,-0.095104955464524,0.3511074526753687,-0.09713933147636118,-0.01129229163433812,0.06692914211329101,-0.06021938816145579,0.022219276676377447
0.017588948814759604,-0.0576333777671749,0.0667690110648738,-0.011898614371062308,-0.09713933147636118,0.35134877903724904,-0.09397419217407438,-0.01708017578005708,0.07117706893059911,-0.05724978359986888
0.015234996244178841,0.017059687696751032,-0.05567649734295031,0.0643825559721173,-0.01129229163433812,-0.09397419217407438,0.3449196478715,-0.08863955491624825,-0.014825620614813385,0.05798410921709857
-0.02476176281926979,0.01693595273191267,0.014801844325371225,-0.05483850853871654,0.06692914211329101,-0.01708017578005708,-0.08863955491624825,0.34604762269502526,-0.09992331804686218,0.002315088966522711
0.015908112259956166,-0.026714507960828526,0.01732431936743502,0.01757438307527715,-0.06021938816145579,0.07117706893059911,-0.014825620614813385,-0.09992331804686218,0.3612090899146787,-0.10579322290417548
-0.0023320894674956445,0.01622905627275443,-0.023405954762086092,0.011153517170946741,0.022219276676377447,-0.05724978359986888,0.05798410921709857,0.002315088966522711,-0.10579322290417548,0.341042915008259
