1.3587833829260734,0.10090833332239474,-0.18697768801656034,0.033941762149298324,0.018588889556412684,-0.009826037566516009,-0.0001671472756256002,0.0014776283194153942,-0.0003387040451014121,-0.00011380325185084958
0.10090833332239474,1.3587833385696952,0.10090837553675003,-0.18697746075646166,0.03394107071211551,0.018588569387627676,-0.009820756995081753,-0.00017434747786444465,0.001454436951447095,-0.0002484350204016966
-0.18697768801656034,0.10090837553675003,1.3587828131149045,0.10090902144370556,-0.18697502767652469,0.03393234640497944,0.018587489833512837,-0.009759388040450907,-0.0002760248269325847,0.001216893907712126
0.033941762149298324,-0.18697746075646166,0.10090902144370556,1.358780116894617,0.10090941033425224,-0.18695734549298829,0.033898280517317796,0.018527521028043198,-0.009420703235373746,-0.0004691127191337544
0.018588889556412684,0.03394107071211551,-0.18697502767652469,0.10090941033425224,1.358762845975525,0.10093744541942412,-0.1868894643164043,0.03358663414832156,0.0186186518286772,-0.007458931828299624
-0.009826037566516009,0.018588569387627676,0.03393234640497944,-0.18695734549298829,0.10093744541942412,1.358592542735144,0.10104897990978473,-0.18592711261848655,0.031116788906672355,0.01644896215516347
-0.0001671472756256002,-0.009820756995081753,0.018587489833512837,0.033898280517317796,-0.1868894643164043,0.10104897990978473,1.3579318105801412,0.10146285824853898,-0.18215995474871688,0.02160336908584919
0.0014776283194153942,-0.00017434747786444465,-0.009759388040450907,0.018527521028043198,0.03358663414832156,-0.18592711261848655,0.10146285824853898,1.3506386261018384,0.11160028393337733,-0.15047238447735603
-0.0003387040451014121,0.001454436951447095,-0.0002760248269325847,-0.009420703235373746,0.0186186518286772,0.031116788906672355,-0.18215995474871688,0.11160028393337733,1.3069566012432476,0.12012940982981324
-0.00011380325185084958,-0.0002484350204016966,0.001216893907712126,-0.0004691127191337544,-0.007458931828299624,0.01644896215516347,0.02160336908584919,-0.15047238447735603,0.12012940982981324,1.0758711793947155
