8.186994362710498,1.3639442542345515,-3.6376570584479424,-2.4904124314042178,0.6994346037542073,1.6072313187218015,0.3842800682956514,-0.5775422187499967,-0.34189404477640606,0.10660860123127015
1.3639442542345515,8.163317668989826,1.3601155931554798,-3.596782669788503,-2.445481896196825,0.6642617637024746,1.4904717178448794,0.3424215258768915,-0.3971945859217974,-0.09682186844970188
-3.6376570584479424,1.3601155931554798,8.144033951299537,1.349487720851453,-3.5704275166592767,-2.4012071914470017,0.6557169284843141,1.399534279509822,0.27446470328899475,-0.28938431408705434
-2.4904124314042178,-3.596782669788503,1.349487720851453,8.057550708834864,1.2895516725417422,-3.463564463299785,-2.1900930230232984,0.6502465354051414,0.9984958851202583,-0.085649427281492
0.6994346037542073,-2.445481896196825,-3.5704275166592767,1.2895516725417422,7.952763092105351,1.3051980163881647,-3.2525645953259232,-2.0245740444949476,0.4073380298117062,0.4636967088929299
1.6072313187218015,0.6642617637024746,-2.4012071914470017,-3.463564463299785,1.3051980163881647,7.76677037689553,1.1040785308115013,-3.089440424142328,-1.4966831054400527,0.5888947778110695
0.3842800682956514,1.4904717178448794,0.6557169284843141,-2.1900930230232984,-3.2525645953259232,1.1040785308115013,7.185256645271744,0.9442667052196364,-2.1462892945002645,-0.3258868640695539
-0.5775422187499967,0.3424215258768915,1.399534279509822,0.6502465354051414,-2.0245740444949476,-3.089440424142328,0.9442667052196364,6.731692496631586,0.8251407512818543,-1.4055578246904878
-0.34189404477640606,-0.3971945859217974,0.27446470328899475,0.9984958851202583,0.4073380298117062,-1.4966831054400527,-2.1462892945002645,0.8251407512818543,4.852608937912514,-0.6868235392597274
0.10660860123127015,-0.09682186844970188,-0.28938431408705434,-0.085649427281492,0.4636967088929299,0.5888947778110695,-0.3258868640695539,-1.4055578246904878,-0.6868235392597274,2.0668616964415536
