7.406468745615659,-5.421403714297273,4.0836704739677305,-3.0231638530261247,2.2486733743099196,-1.634063305526351,1.169990736466207,-0.7908547342123072,0.48463172465590815,-0.21184120380660604
-5.421403714297273,7.385888100619846,-5.394414748738717,4.047154382154417,-2.975514057626423,2.1838333304177793,-1.550014088900678,1.0547390710132307,-0.642786198951227,0.2794951803638415
4.0836704739677305,-5.394414748738717,7.350268565311441,-5.346576183052144,3.9841923865714612,-2.890682361999662,2.0725971731523125,-1.3994956892431198,0.8583517588558252,-0.37551215235804114
-3.0231638530261247,4.047154382154417,-5.346576183052144,7.285468267069475,-5.262131542695628,3.8691054723468756,-2.74176836007994,1.8679764486690211,-1.137244853356228,0.4940137003007931
2.2486733743099196,-2.975514057626423,3.9841923865714612,-5.262131542695628,7.174150615180971,-5.112423921267734,3.672380353682498,-2.4762278613425504,1.5205202081461158,-0.6659367000036985
-1.634063305526351,2.1838333304177793,-2.890682361999662,3.8691054723468756,-5.112423921267734,6.969696987563748,-4.848510662803685,3.308734934795572,-2.011664844445115,0.8727142490941535
1.169990736466207,-1.550014088900678,2.0725971731523125,-2.74176836007994,3.672380353682498,-4.848510662803685,6.62189813103,-4.380611146639387,2.694123324868065,-1.1816886960158945
-0.7908547342123072,1.0547390710132307,-1.3994956892431198,1.8679764486690211,-2.4762278613425504,3.308734934795572,-4.380611146639387,5.974794673070053,-3.5574761682206146,1.540611442739768
0.48463172465590815,-0.642786198951227,0.8583517588558252,-1.137244853356228,1.5205202081461158,-2.011664844445115,2.694123324868065,-3.5574761682206146,4.887904192166452,-2.098562441633271
-0.21184120380660604,0.2794951803638415,-0.37551215235804114,0.4940137003007931,-0.6659367000036985,0.8727142490941535,-1.1816886960158945,1.540611442739768,-2.098562441633271,2.829914107521276
