0.9187573643993212,0.3096686704102959,0.0488133885418066,-0.04294075213105332,-0.05307366154116733,-0.036338979603328485,-0.01812210252832776,-0.006232440060982033,-0.0007722287963125999,0.0001701200046969375
0.3096686704102959,0.9187502922927215,0.3096562276718486,0.04879813264361521,-0.042946130553663975,-0.05303715316184518,-0.03620189579508592,-0.01780772413675657,-0.005699997773363338,-0.0001609345475937441
0.0488133885418066,0.3096562276718486,0.9187046732210301,0.3095526447479466,0.04862429813430027,-0.04314237698904486,-0.053057665819410404,-0.03557483904340558,-0.015707138338580087,-0.0011216037231673423
-0.04294075213105332,0.04879813264361521,0.3095526447479466,0.918423555905731,0.30900941039120217,0.04786057675674716,-0.04369308262953202,-0.052140357238623,-0.030662141821929487,-0.003059002526008719
-0.05307366154116733,-0.042946130553663975,0.04862429813430027,0.30900941039120217,0.9172807700519373,0.30723268541362775,0.046151891157056125,-0.042941796737929236,-0.04367311839777597,-0.005930836672631216
-0.036338979603328485,-0.05303715316184518,-0.04314237698904486,0.04786057675674716,0.30723268541362775,0.9142327283846122,0.30365205275024154,0.045340652431037284,-0.03291408916617632,-0.008373844162644584
-0.01812210252832776,-0.03620189579508592,-0.053057665819410404,-0.04369308262953202,0.046151891157056125,0.30365205275024154,0.908689116175068,0.29837370616819875,0.047856096984128724,-0.0061282260172727445
-0.006232440060982033,-0.01780772413675657,-0.03557483904340558,-0.052140357238623,-0.042941796737929236,0.045340652431037284,0.29837370616819875,0.8944835711953798,0.2710783831671189,0.009766769564265547
-0.0007722287963125999,-0.005699997773363338,-0.015707138338580087,-0.030662141821929487,-0.04367311839777597,-0.03291408916617632,0.047856096984128724,0.2710783831671189,0.7973136382551231,0.053241931944881915
0.0001701200046969375,-0.0001609345475937441,-0.0011216037231673423,-0.003059002526008719,-0.005930836672631216,-0.008373844162644584,-0.0061282260172727445,0.009766769564265547,0.053241931944881915,0.22734060392674282
