2.2653897583681624,-1.362968377667332,1.1504760800922127,-0.9612878464726733,0.7911013780563355,-0.6365488411210184,0.49457590216777825,-0.3623768567385571,0.23733814379761534,-0.11686329877043394
-1.362968377667332,2.23200320443589,-1.3245469317148943,1.1062604502889477,-0.9104042352384756,0.7325442139091559,-0.5691609063082277,0.41702545413460923,-0.2731301554173724,0.13448698319210556
1.1504760800922127,-1.3245469317148943,2.1877875746326256,-1.273663320480702,1.0477032861424012,-0.8430163005036444,0.654993775474918,-0.4799153868773172,0.31431981646378876,-0.1547684246329832
-0.9612878464726733,1.1062604502889477,-1.273663320480702,2.1292304104860853,-1.2062753857465993,0.9701528477978794,-0.7537707921192411,0.5522894979304941,-0.3617211247565506,0.17810842874780222
0.7911013780563355,-0.9104042352384756,1.0477032861424012,-1.2062753857465993,2.0516799721423937,-1.1170298774654328,0.8674485829658318,-0.6355780952400548,0.416270834154232,-0.20496824508363023
-0.6365488411210184,0.7325442139091559,-0.8430163005036444,0.9701528477978794,-1.1170298774654328,1.9489757074280516,-0.998837195214459,0.731431720477485,-0.4790470034279871,0.23587868266772416
0.49457590216777825,-0.5691609063082277,0.654993775474918,-0.7537707921192411,0.8674485829658318,-0.998837195214459,1.8129588616180556,-0.8423081761559059,0.551294803581329,-0.2714506353768274
-0.3623768567385571,0.41702545413460923,-0.4799153868773172,0.5522894979304941,-0.6355780952400548,0.731431720477485,-0.8423081761559059,1.6328243079709943,-0.635005508178841,0.3123915159034021
0.23733814379761534,-0.2731301554173724,0.31431981646378876,-0.3617211247565506,0.416270834154232,-0.4790470034279871,0.551294803581329,-0.635005508178841,1.3942558823156241,-0.3600562389981725
-0.11686329877043394,0.13448698319210556,-0.1547684246329832,0.17810842874780222,-0.20496824508363023,0.23587868266772416,-0.2714506353768274,0.3123915159034021,-0.3600562389981725,1.075634106427937
