1.9858620498123924,-0.11778419981725391,-0.28365533938137344,0.12031158944977893,0.04139199186898718,-0.04599759063273267,0.002700240751730548,0.011442018672077656,-0.003585604367980017,-0.0011403860950965732
-0.11778419981725391,1.9858358524991089,-0.11776913369757276,-0.28357762662957176,0.12017054737483165,0.04126893429148615,-0.045351455671865534,0.002423494985691183,0.009419500772747225,-0.0003311111599459729
-0.28365533938137344,-0.11776913369757276,1.9857794020470503,-0.11776052377497392,-0.2833835609569263,0.11992301327878077,0.040844869132015335,-0.04398534624435341,0.00242967150211637,0.004483776529693164
0.12031158944977893,-0.28357762662957176,-0.11776052377497392,1.9854894155372853,-0.11746812312043799,-0.2826634658928072,0.11806482241450862,0.04031952678298416,-0.03669512174932858,-0.003806789193541429
0.04139199186898718,0.12017054737483165,-0.2833835609569263,-0.11746812312043799,1.9844630815615898,-0.1173782642448373,-0.279060751984087,0.11372197951045235,0.03216538031795427,-0.011930903269525797
-0.04599759063273267,0.04126893429148615,0.11992301327878077,-0.2826634658928072,-0.1173782642448373,1.9817647921860813,-0.11469266938878583,-0.27232113784127787,0.09651484145861075,0.02704294485766187
0.002700240751730548,-0.045351455671865534,0.040844869132015335,0.11806482241450862,-0.279060751984087,-0.11469266938878583,1.9657707930627688,-0.1065416575245309,-0.22370784607472144,0.012880946478150083
0.011442018672077656,0.002423494985691183,-0.04398534624435341,0.04031952678298416,0.11372197951045235,-0.27232113784127787,-0.1065416575245309,1.9323626750917464,-0.09868498388716954,-0.11193721837115357
-0.003585604367980017,0.009419500772747225,0.00242967150211637,-0.03669512174932858,0.03216538031795427,0.09651484145861075,-0.22370784607472144,-0.09868498388716954,1.7482053490386003,0.0783864559889389
-0.0011403860950965732,-0.0003311111599459729,0.004483776529693164,-0.003806789193541429,-0.011930903269525797,0.02704294485766187,0.012880946478150083,-0.11193721837115357,0.0783864559889389,1.1474302584333773
