1.8307102427568998,0.5115704855052401,0.6816249506907271,0.42971803876008036,0.35657811291169783,0.25393963767678973,0.1830731698075686,0.117976569172209,0.06038396261426461,0.009875224884223564
0.5115704855052401,1.823385141280902,0.5022255048521813,0.6697126065487258,0.4145043473629545,0.3372346730871302,0.2290845986756868,0.15192591434804575,0.07657762799819151,0.012629865325500079
0.6816249506907271,0.5022255048521813,1.8114630870154578,0.4870287396587639,0.6503022772919491,0.38983107351764484,0.305513045614633,0.18938668018089583,0.09899531474436538,0.016004414051844537
0.42971803876008036,0.6697126065487258,0.4870287396587639,1.7920901422753588,0.4622902989853948,0.618838177863121,0.3494333490380732,0.25479381028710335,0.12226443407282458,0.020727588028225146
0.35657811291169783,0.4145043473629545,0.6503022772919491,0.4622902989853948,1.7604821103728114,0.42214347042746503,0.5671274452080531,0.28500539499163385,0.16801220780512982,0.025486587080927277
0.25393963767678973,0.3372346730871302,0.38983107351764484,0.618838177863121,0.42214347042746503,1.7093255257670408,0.35674955309309037,0.48416316272163906,0.17785437333240656,0.035375420054494976
0.1830731698075686,0.2290845986756868,0.305513045614633,0.3494333490380732,0.5671274452080531,0.35674955309309037,1.6242277423922942,0.25331754395320855,0.33682948013954894,0.03646011049829302
0.117976569172209,0.15192591434804575,0.18938668018089583,0.25479381028710335,0.28500539499163385,0.48416316272163906,0.25331754395320855,1.4851081571913811,0.09760487555255412,0.07264189046057501
0.06038396261426461,0.07657762799819151,0.09899531474436538,0.12226443407282458,0.16801220780512982,0.17785437333240656,0.33682948013954894,0.09760487555255412,1.1892958345880207,0.013747731847709575
0.009875224884223564,0.012629865325500079,0.016004414051844537,0.020727588028225146,0.025486587080927277,0.035375420054494976,0.03646011049829302,0.07264189046057501,0.013747731847709575,0.31833448115780455
