4.4150406396231885,-1.0639332127255958,0.676188934315864,-0.146890695582795,0.14147047637517227,-0.012225931468380172,0.03245854821773027,0.0020892011859893573,0.0073627445942051235,0.0006917239525370035
-1.0639332127255958,4.415011508640018,-1.063979558897318,0.6761028081153588,-0.14701914060837246,0.14120990457171276,-0.012566761125020469,0.03163712342694037,0.001274799479945602,0.004593282309326533
0.676188934315864,-1.063979558897318,4.41492645017409,-1.0641087430800753,0.6758470807476415,-0.14736632332016536,0.14041253594246356,-0.013423596065862561,0.028994653345220008,-0.0003728420318590634
-0.146890695582795,0.6761028081153588,-1.0641087430800753,4.4146663900645935,-1.0644529263786584,0.6750300539658993,-0.14819737830775076,0.13767244877649684,-0.014899048483860533,0.018897107450641118
0.14147047637517227,-0.14701914060837246,0.6758470807476415,-1.0644529263786584,4.413866945041213,-1.0652961526335298,0.6723697372788928,-0.14977744275475713,0.1279710215694588,-0.01459478903730103
-0.012225931468380172,0.14120990457171276,-0.14736632332016536,0.6750300539658993,-1.0652961526335298,4.411135283639286,-1.0668268275043116,0.6623446108170141,-0.14904867995459176,0.08678573501312313
0.03245854821773027,-0.012566761125020469,0.14041253594246356,-0.14819737830775076,0.6723697372788928,-1.0668268275043116,4.401399665669241,-1.0662984818162058,0.6224728579005667,-0.11930282498039516
0.0020892011859893573,0.03163712342694037,-0.013423596065862561,0.13767244877649684,-0.14977744275475713,0.6623446108170141,-1.0662984818162058,4.3603531212221665,-1.0357393576893545,0.43475572449882266
0.0073627445942051235,0.001274799479945602,0.028994653345220008,-0.014899048483860533,0.1279710215694588,-0.14904867995459176,0.6224728579005667,-1.0357393576893545,4.177403154170849,-0.7850838283964923
0.0006917239525370035,0.004593282309326533,-0.0003728420318590634,0.018897107450641118,-0.01459478903730103,0.08678573501312313,-0.11930282498039516,0.43475572449882266,-0.7850838283964923,3.242148529819431
