0.9405438946429658,0.6176227192146788,0.5042523789287069,0.40784160441008177,0.324797670685184,0.2522775646130746,0.18788615826926713,0.12952037736178568,0.07525984676088501,0.023250423748620033
0.6176227192146788,0.9292913941654461,0.6041646572537349,0.4881562328794082,0.38858962807597486,0.3017693571956908,0.2247271326771386,0.1549112436503335,0.09001211396919666,0.027807656055170542
0.5042523789287069,0.6041646572537349,0.913195466522925,0.5849135638344073,0.4651307450430893,0.36104761308706107,0.26881884854126314,0.18528887605238384,0.10765896852036225,0.033258589626107275
0.40784160441008177,0.4881562328794082,0.5849135638344073,0.8901707222381777,0.5573745546710389,0.43218985613984673,0.32163801140723325,0.22164966191915023,0.12877368516577092,0.03977932392868619
0.324797670685184,0.38858962807597486,0.4651307450430893,0.5573745546710389,0.8572323647075666,0.5179751861274345,0.3850534193306636,0.26522037440406443,0.15405288671116357,0.047582206615955816
0.2522775646130746,0.3017693571956908,0.36104761308706107,0.43218985613984673,0.5179751861274345,0.8101045457907321,0.46159238716638873,0.3175681387160709,0.1843610116618093,0.05692613920275378
0.18788615826926713,0.2247271326771386,0.26881884854126314,0.32163801140723325,0.3850534193306636,0.46159238716638873,0.7426486042262703,0.3808516282570618,0.22082096724929381,0.06813481376236066
0.12952037736178568,0.1549112436503335,0.18528887605238384,0.22164966191915023,0.26522037440406443,0.3175681387160709,0.3808516282570618,0.6460013156343033,0.26502920933966906,0.08163535022295855
0.07525984676088501,0.09001211396919666,0.10765896852036225,0.12877368516577092,0.15405288671116357,0.1843610116618093,0.22082096724929381,0.26502920933966906,0.5071557433141124,0.09805240295093184
0.023250423748620033,0.027807656055170542,0.033258589626107275,0.03977932392868619,0.047582206615955816,0.05692613920275378,0.06813481376236066,0.08163535022295855,0.09805240295093184,0.3059962081331144
