0.8180900140803752,0.38454615080510435,0.22720696083459252,0.12881678216025555,0.07494932634697643,0.04356632992278148,0.026292661999377562,0.01719581148176062,0.013606885431092671,0.014144238364745518
0.38454615080510435,0.8182225309371591,0.38477697186964605,0.2276087017325078,0.12951702631852507,0.07616649974014006,0.04569315313206833,0.029972176711768318,0.023682624625102913,0.02464039519548069
0.22720696083459252,0.38477697186964605,0.81862459023184,0.3854767189124305,0.22882848242227974,0.13163691975073102,0.07987182891249642,0.052099807790943545,0.041279301290949776,0.042874321127996835
0.12881678216025555,0.2276087017325078,0.3854767189124305,0.8198425397754929,0.38759947132811023,0.23251881665253804,0.13808342856572678,0.09103049077698751,0.07175250739927948,0.07477046771303686
0.07494932634697643,0.12951702631852507,0.22882848242227974,0.38759947132811023,0.8235434051934721,0.3940295377132296,0.2437637166104647,0.1575069211243225,0.1253754878692728,0.12983671276896075
0.04356632992278148,0.07616649974014006,0.13163691975073102,0.23251881665253804,0.3940295377132296,0.8347277387587632,0.413547593078051,0.27761274588168283,0.2169093295815738,0.2273007113180486
0.026292661999377562,0.04569315313206833,0.07987182891249642,0.13808342856572678,0.2437637166104647,0.413547593078051,0.8689250941650877,0.47240615707991906,0.38239035242167263,0.3918233561837289
0.01719581148176062,0.029972176711768318,0.052099807790943545,0.09103049077698751,0.1575069211243225,0.27761274588168283,0.47240615707991906,0.9716994264283968,0.6504479122622224,0.69548243410038
0.013606885431092671,0.023682624625102913,0.041279301290949776,0.07175250739927948,0.1253754878692728,0.2169093295815738,0.38239035242167263,0.6504479122622224,1.2963126299040255,1.1675706869354943
0.014144238364745518,0.02464039519548069,0.042874321127996835,0.07477046771303686,0.12983671276896075,0.2273007113180486,0.3918233561837289,0.69548243410038,1.1675706869354943,2.28956270456563
