1.3716423874523178,-0.010170785678692363,-0.10074687554676687,0.01375183087295354,0.0064866085629885165,-0.0019579173619122033,-0.00027986462939559196,0.0001958974153321372,-4.742964877922933e-06,-7.5254463127601175e-06
-0.010170785678692363,1.37164238867242,-0.01017078223971893,-0.1007468958314234,0.013751820641586355,0.006486872294025297,-0.0019582054026667842,-0.0002826341752689562,0.00020375177231474399,1.6778482135256436e-05
-0.10074687554676687,-0.01017078223971893,1.3716423670467728,-0.010170790371196206,-0.10074661901292098,0.013751486463694115,0.006484015175626717,-0.0019496505023397432,-0.000261140319430798,6.56244206485329e-05
0.01375183087295354,-0.1007468958314234,-0.010170790371196206,1.371642627489541,-0.010171098905930055,-0.10074931631153378,0.013759477952613555,0.006504439624860954,-0.0020792230512635627,-0.0003076561220547154
0.0064866085629885165,0.013751820641586355,-0.10074661901292098,-0.010171098905930055,1.3716397302159002,-0.010162794271273824,-0.10072694019613568,0.01362302521063226,0.006444864583832067,-0.0003196174696940975
-0.0019579173619122033,0.006486872294025297,0.013751486463694115,-0.10074931631153378,-0.010162794271273824,1.3716596643026457,-0.01029542298148159,-0.10076268213792328,0.01529861215880252,0.004257491152732
-0.00027986462939559196,-0.0019582054026667842,0.006484015175626717,0.013759477952613555,-0.10072694019613568,-0.01029542298148159,1.371594101117706,-0.008573138226868542,-0.10265901367365854,-0.0027638460168848793
0.0001958974153321372,-0.0002826341752689562,-0.0019496505023397432,0.006504439624860954,0.01362302521063226,-0.10076268213792328,-0.008573138226868542,1.369333602461227,-0.02606533829391152,-0.04766309509970607
-4.742964877922933e-06,0.00020375177231474399,-0.000261140319430798,-0.0020792230512635627,0.006444864583832067,0.01529861215880252,-0.10265901367365854,-0.02606533829391152,1.4198824330598567,0.1083879642139012
-7.5254463127601175e-06,1.6778482135256436e-05,6.56244206485329e-05,-0.0003076561220547154,-0.0003196174696940975,0.004257491152732,-0.0027638460168848793,-0.04766309509970607,0.1083879642139012,0.5377468533423206
