2.6282910011523075,1.2026138208655102,0.03339933849223592,-0.8362445077803548,-1.0016688630043857,-0.5766853650677543,0.0014241785509756947,0.3287227060308676,0.29558431541808566,0.09447649277946396
1.2026138208655102,2.557425412854284,1.1529785062028415,0.04388704237488296,-0.7580130210415668,-0.8921833404310613,-0.5025934522043523,-0.018841406747986657,0.20472280179302044,0.1265806040496134
0.03339933849223592,1.1529785062028415,2.4905287107535283,1.1099926403340648,0.0598488074594075,-0.6794863290880224,-0.7890514052537414,-0.43882157088247414,-0.04736146736116802,0.08064277662842419
-0.8362445077803548,0.04388704237488296,1.1099926403340648,2.410135582887407,1.0375860158676633,0.046529998760652634,-0.6101924997837291,-0.6639235218817048,-0.32909828558889676,-0.031289981905748304
-1.0016688630043857,-0.7580130210415668,0.0598488074594075,1.0375860158676633,2.276840852973704,0.9189458116736704,0.026659690085976864,-0.4935935823784475,-0.4565378949446317,-0.14942564631830435
-0.5766853650677543,-0.8921833404310613,-0.6794863290880224,0.046529998760652634,0.9189458116736704,2.107582991362319,0.8015393962294088,0.053501380616862285,-0.3053597764532532,-0.19510440391131673
0.0014241785509756947,-0.5025934522043523,-0.7890514052537414,-0.6101924997837291,0.026659690085976864,0.8015393962294088,1.9484153498003438,0.6984023696197665,0.09013128953006072,-0.1195608734285556
0.3287227060308676,-0.018841406747986657,-0.43882157088247414,-0.6639235218817048,-0.4935935823784475,0.053501380616862285,0.6984023696197665,1.7534364603534094,0.5214020106864926,0.055649602085727515
0.29558431541808566,0.20472280179302044,-0.04736146736116802,-0.32909828558889676,-0.4565378949446317,-0.3053597764532532,0.09013128953006072,0.5214020106864926,1.430567975998021,0.23604203413680097
0.09447649277946396,0.1265806040496134,0.08064277662842419,-0.031289981905748304,-0.14942564631830435,-0.19510440391131673,-0.1195608734285556,0.055649602085727515,0.23604203413680097,1.0265059276085782
