2.3830276136735677,0.04514833974011066,-0.060760351157688734,0.037834566569415806,-0.022958113014965056,0.014103480827075398,-0.008990170730061343,0.006263080953094408,-0.005191433174159326,0.0053009682750719675
0.04514833974011066,2.3829601141051096,0.0452607122458057,-0.0609474276127776,0.03814600928038203,-0.023476598679526336,0.014966633879259936,-0.010426701569822151,0.008642638145738332,-0.008824991049668138
-0.060760351157688734,0.0452607122458057,2.3827730376492946,0.04557215497788696,-0.061465913858115305,0.039009178255009144,-0.024913565959288637,0.01735815390908598,-0.014388161032279342,0.014691743530082886
0.037834566569415806,-0.0609474276127776,0.04557215497788696,2.382254551370818,0.046435324916033166,-0.06290290763979858,0.04140142485584631,-0.028894941000124054,0.023953146060714966,-0.024458642081898525
-0.022958113014965056,0.03814600928038203,-0.061465913858115305,0.046435324916033166,2.3808175560769254,0.04882761548405908,-0.06688549201314811,0.04802957180966961,-0.03987420735994849,0.04071836537097018
0.014103480827075398,-0.023476598679526336,0.039009178255009144,-0.06290290763979858,0.04882761548405908,2.3768349026986244,0.055457768743424576,-0.07791994249080755,0.0663077071208927,-0.06778470269754971
-0.008990170730061343,0.014966633879259936,-0.024913565959288637,0.04140142485584631,-0.06688549201314811,0.055457768743424576,2.365797303395215,0.07382745555116493,-0.10834859294761533,0.11277143396378948
0.006263080953094408,-0.010426701569822151,0.01735815390908598,-0.028894941000124054,0.04802957180966961,-0.07791994249080755,0.07382745555116493,2.3352249660952724,0.12446884942346216,-0.18566400515083362
-0.005191433174159326,0.008642638145738332,-0.014388161032279342,0.023953146060714966,-0.03987420735994849,0.0663077071208927,-0.10834859294761533,0.12446884942346216,2.251352852910006,0.2521721561782144
0.0053009682750719675,-0.008824991049668138,0.014691743530082886,-0.024458642081898525,0.04071836537097018,-0.06778470269754971,0.11277143396378948,-0.18566400515083362,0.2521721561782144,2.06645175497485
