2.3543415504509073,-0.7049408880101751,0.44230937013153504,-0.29519859532206133,0.19754059074432878,-0.13004100031819615,0.08209741318707309,-0.04653884563795459,0.018660616053366788,-0.00023810951811080794
-0.7049408880101751,2.3529648957530345,-0.7029182278552044,0.43933757326265105,-0.29083238741852674,0.19112673003468972,-0.12062897810526982,0.0683783002683062,-0.027417345232209595,0.0003498519255947793
0.44230937013153504,-0.7029182278552044,2.349993087274966,-0.6985518932001193,0.4329224898224073,-0.28140877485881655,0.17729804635810048,-0.10047206911967577,0.040283890905467884,-0.0005140937177983338
-0.29519859532206133,0.43933757326265105,-0.6985518932001193,2.3435778426649154,-0.6891265209541466,0.419076831030007,-0.2610909575928564,0.1476824709293666,-0.059194285318489595,0.0007560055864919421
0.19754059074432878,-0.29083238741852674,0.4329224898224073,-0.6891265209541466,2.3297299463590955,-0.6687842740403276,0.38922559080667296,-0.2175792911328372,0.08703630326918223,-0.0011170892103413157
-0.13004100031819615,0.19112673003468972,-0.28140877485881655,0.419076831030007,-0.6687842740403276,2.2998476428342562,-0.6249334518414653,0.32530769905151313,-0.1284891992179502,0.0017010251329915038
0.08209741318707309,-0.12062897810526982,0.17729804635810048,-0.2610909575928564,0.38922559080667296,-0.6249334518414653,2.23549850061516,-0.531134875553235,0.19455121758368799,-0.0030636536022001113
-0.04653884563795459,0.0683783002683062,-0.10047206911967577,0.1476824709293666,-0.2175792911328372,0.32530769905151313,-0.531134875553235,2.0987549877104956,-0.34034164614229784,0.009834364296137876
0.018660616053366788,-0.027417345232209595,0.040283890905467884,-0.059194285318489595,0.08703630326918223,-0.1284891992179502,0.19455121758368799,-0.34034164614229784,1.8309204373459798,-0.06484111327551725
-0.00023810951811080794,0.0003498519255947793,-0.0005140937177983338,0.0007560055864919421,-0.0011170892103413157,0.0017010251329915038,-0.0030636536022001113,0.009834364296137876,-0.06484111327551725,1.3873630100480576
