1.614679043961511,0.3567266682558896,0.0782765908546451,-0.027298905475379838,-0.050670381931650514,-0.04279540655377915,-0.027939164419119457,-0.015344314196001388,-0.007088571008920691,-0.0025148453728574874
0.3567266682558896,1.6146749493862025,0.35671470059927496,0.07824989332702362,-0.0273489211894307,-0.05074967992135806,-0.0428952426779703,-0.028009874666039998,-0.015247334469984978,-0.006522388891155388
0.0782765908546451,0.35671470059927496,1.6146404376484063,0.35663825010537553,0.0781074822410786,-0.027573247357171447,-0.0510290031322637,-0.04308477675731617,-0.0277104641069037,-0.013596221743200954
-0.027298905475379838,0.07824989332702362,0.35663825010537553,1.6144717131434114,0.35632490797516375,0.07761563321992347,-0.02818198678296112,-0.05143207180236148,-0.04239846503479858,-0.024031446845813507
-0.050670381931650514,-0.0273489211894307,0.0781074822410786,0.35632490797516375,1.6138912568277735,0.3554164179321948,0.076496909278339,-0.028907298974102436,-0.050118569407070955,-0.03551260081118633
-0.04279540655377915,-0.05074967992135806,-0.027573247357171447,0.07761563321992347,0.3554164179321948,1.6124741584096292,0.3536817313546488,0.07540052805993819,-0.026774909605994938,-0.03921295258455879
-0.027939164419119457,-0.0428952426779703,-0.0510290031322637,-0.02818198678296112,0.076496909278339,0.3536817313546488,1.610373036793925,0.35241517308582626,0.0781911497682896,-0.013069500283034052
-0.015344314196001388,-0.028009874666039998,-0.04308477675731617,-0.05143207180236148,-0.028907298974102436,0.07540052805993819,0.35241517308582626,1.609780315269934,0.35467503237878956,0.08783197220010358
-0.007088571008920691,-0.015247334469984978,-0.0277104641069037,-0.04239846503479858,-0.050118569407070955,-0.026774909605994938,0.0781911497682896,0.35467503237878956,1.608028133639642,0.341137751213273
-0.0025148453728574874,-0.006522388891155388,-0.013596221743200954,-0.024031446845813507,-0.03551260081118633,-0.03921295258455879,-0.013069500283034052,0.08783197220010358,0.341137751213273,1.5297683947379985
