2.542449227985855,-0.790529694464841,0.5895077675016138,-0.3294070856023016,0.20832400629711864,-0.12416018220116294,0.0753227089140311,-0.044268227333151354,0.02454650443404706,-0.01120848663352291
-0.790529694464841,2.5423266032018854,-0.7903283102293024,0.5891773367392725,-0.32886381965467426,0.20743484182480007,-0.12269011901982908,0.07294663063179943,-0.04022941731467733,0.018421175623099383
0.5895077675016138,-0.7903283102293024,2.5419958730519188,-0.7897856520856591,0.5882851334002916,-0.3274035901405308,0.20502047912622345,-0.1187883169731779,0.06631234744379942,-0.030175121666151505
-0.3294070856023016,0.5891773367392725,-0.7897856520856591,2.5411054746418826,-0.7883217582817759,0.5858890912264638,-0.32344250351079196,0.198617002576053,-0.1079080364370323,0.04979615940507957
0.20832400629711864,-0.32886381965467426,0.5882851334002916,-0.7883217582817759,2.538698551028006,-0.7843827626873887,0.5793751650697898,-0.3129196340730497,0.18070934225821622,-0.08082380295466825
-0.12416018220116294,0.20743484182480007,-0.3274035901405308,0.5858890912264638,-0.7843827626873887,2.5322502262003352,-0.7737267122302545,0.5621333762673235,-0.28368066344640885,0.13612286069737756
0.0753227089140311,-0.12269011901982908,0.20502047912622345,-0.32344250351079196,0.5793751650697898,-0.7737267122302545,2.5146129443061653,-0.7452906548054659,0.5135325311517596,-0.21091454355929046
-0.044268227333151354,0.07294663063179943,-0.1187883169731779,0.198617002576053,-0.3129196340730497,0.5621333762673235,-0.7452906548054659,2.468396422617617,-0.6676839832192255,0.392459078256461
0.02454650443404706,-0.04022941731467733,0.06631234744379942,-0.1079080364370323,0.18070934225821622,-0.28368066344640885,0.5135325311517596,-0.6676839832192255,2.3329485133187213,-0.4747944177205474
-0.01120848663352291,0.018421175623099383,-0.030175121666151505,0.04979615940507957,-0.08082380295466825,0.13612286069737756,-0.21091454355929046,0.392459078256461,-0.4747944177205474,1.9946247997156012
