1.677997085226445,0.2657836565492402,0.16089146064494617,0.11718737664225752,0.08606085402178025,0.062645884577294,0.044772947133488145,0.03085765576560903,0.019671338261657227,0.010256563097463152
0.2657836565492402,1.6774429720485022,0.2650385076800385,0.15988941474688878,0.11583986607618778,0.08424877682816169,0.06020908151769179,0.041496132155015825,0.026453216321020333,0.013792609007605225
0.16089146064494617,0.2650385076800385,1.6764409261499837,0.26369099710359306,0.15807733733289903,0.11340305835263931,0.08097186316393679,0.05580255398334519,0.035573221093985204,0.0185477403076764
0.11718737664225752,0.15988941474688878,0.26369099710359306,1.6746288487228749,0.2612541890848196,0.1548004173982966,0.10899639811173319,0.07504614412743651,0.04783766407625323,0.024942259154103016
0.08606085402178025,0.11583986607618778,0.15807733733289903,0.2612541890848196,1.6713519284149903,0.25684752044366793,0.14887451994631343,0.10102773221110603,0.06433528487683302,0.03354159429599235
0.062645884577294,0.08424877682816169,0.11340305835263931,0.1548004173982966,0.25684752044366793,1.6654260203417341,0.24887861552491525,0.1381585841138707,0.08662422141790777,0.0451108403565594
0.044772947133488145,0.06020908151769179,0.08097186316393679,0.10899639811173319,0.14887451994631343,0.24887861552491525,1.654709782294708,0.234468303780053,0.11878969202238597,0.06077892690731821
0.03085765576560903,0.041496132155015825,0.05580255398334519,0.07504614412743651,0.10102773221110603,0.1381585841138707,0.234468303780053,1.635332291078084,0.2084294969848414,0.08418118824615453
0.019671338261657227,0.026453216321020333,0.035573221093985204,0.04783766407625323,0.06433528487683302,0.08662422141790777,0.11878969202238597,0.2084294969848414,1.6004791103163796,0.16500393013688586
0.010256563097463152,0.013792609007605225,0.0185477403076764,0.024942259154103016,0.03354159429599235,0.0451108403565594,0.06077892690731821,0.08418118824615453,0.16500393013688586,1.6079826322325552
