2.644021005877726,-1.4897136096471626,1.135069130484409,-0.8819432069232463,0.6894100305346299,-0.534997499203715,0.4056264871102898,-0.29303515542160563,0.19141299998039535,-0.09609284066113258
-1.4897136096471626,2.62653125190581,-1.4687854157688804,1.1100201238569565,-0.8519491216466497,0.6534687004373144,-0.491877480675446,0.35378885546616123,-0.2305061926079482,0.11556382482785674
1.135069130484409,-1.4687854157688804,2.601487840139935,-1.4388093031767697,1.0741230353632798,-0.8089278784088985,0.6018416732927206,-0.42978683941629847,0.2788398130838017,-0.13948634469387303
-0.8819432069232463,1.1100201238569565,-1.4388093031767697,2.565604244694878,-1.3958314044082651,1.0226027050691116,-0.7470754521223396,0.5274005428063493,-0.3398240854023801,0.16937608607466909
0.6894100305346299,-0.8519491216466497,1.0741230353632798,-1.3958314044082651,2.5141164553954294,-1.334083511365793,0.9484188938694381,-0.6576871977921772,0.41916173974070486,-0.20769895868900617
-0.534997499203715,0.6534687004373144,-0.8089278784088985,1.0226027050691116,-1.334083511365793,2.4400111228529626,-1.24494735838349,0.840800664091971,-0.5269475838492611,0.2587209831726625
0.4056264871102898,-0.491877480675446,0.6018416732927206,-0.7470754521223396,0.9484188938694381,-1.24494735838349,2.3325821589442897,-1.1148157336993754,0.681856535355215,-0.33019913484419866
-0.29303515542160563,0.35378885546616123,-0.42978683941629847,0.5274005428063493,-0.6576871977921772,0.840800664091971,-1.1148157336993754,2.1740944800292494,-0.9195335637997486,0.4367632745098793
0.19141299998039535,-0.2305061926079482,0.2788398130838017,-0.3398240854023801,0.41916173974070486,-0.5269475838492611,0.681856535355215,-0.9195335637997486,1.9301020327699647,-0.6067023285401536
-0.09609284066113258,0.11556382482785674,-0.13948634469387303,0.16937608607466909,-0.20769895868900617,0.2587209831726625,-0.33019913484419866,0.4367632745098793,-0.6067023285401536,1.5162648410045598
