0.17662350394293552,0.039829166184536684,0.01761996729564167,0.008532875165352265,0.004269019912123845,0.002158266925028476,0.0010933504212725853,0.0005513192473781707,0.0002718610933494645,0.0001218413734445731
0.039829166184536684,0.17662335825129058,0.03982887963368601,0.017619403702065467,0.008531766700808324,0.0042668399413968204,0.0021539805035048266,0.0010849273051972486,0.0005347991956703031,0.00023965849961923988
0.01761996729564167,0.03982887963368601,0.17662279465419745,0.03982777114047796,0.01761722354048975,0.008527479072418988,0.004258409310076095,0.002137413878005073,0.0010524365203365465,0.00047147058145187757
0.008532875165352265,0.017619403702065467,0.03982777114047796,0.17662061444984917,0.039823483163479376,0.01760879058809174,0.008510897769173766,0.004225827125766135,0.0020735188393109795,0.000927932848176959
0.004269019912123845,0.008531766700808324,0.01761722354048975,0.039823483163479376,0.176612180977257,0.039806897620493276,0.017576180175137922,0.008446824221624249,0.00410021186524267,0.0018289704886283
0.002158266925028476,0.0042668399413968204,0.008527479072418988,0.01760879058809174,0.039806897620493276,0.17657956423776838,0.039742772509759675,0.017450221601473137,0.008200104869166953,0.003621266044344585
0.0010933504212725853,0.0021539805035048266,0.004258409310076095,0.008510897769173766,0.017576180175137922,0.039742772509759675,0.17645352872160008,0.03949542605247951,0.016967100450240323,0.007270716284886167
0.0005513192473781707,0.0010849273051972486,0.002137413878005073,0.004225827125766135,0.008446824221624249,0.017450221601473137,0.03949542605247951,0.17596947180552103,0.03855841069987904,0.015217178171412838
0.0002718610933494645,0.0005347991956703031,0.0010524365203365465,0.0020735188393109795,0.00410021186524267,0.008200104869166953,0.016967100450240323,0.03855841069987904,0.17420816887480928,0.03559911610119521
0.0001218413734445731,0.00023965849961923988,0.00047147058145187757,0.000927932848176959,0.0018289704886283,0.003621266044344585,0.007270716284886167,0.015217178171412838,0.03559911610119521,0.17137134718333036
