3.011744264233568,0.41290537646248276,0.23717670792035828,0.09861493022917692,0.0434906330059531,0.01894754236149925,0.008263489456066581,0.0035766952570474506,0.0014934914893798192,0.00045407206162966483
0.41290537646248276,3.0117437693580946,0.41290424317023217,0.23717411256864038,0.09860898718677148,0.04347701760218834,0.018916424992482132,0.008191507895257,0.0034201322928313358,0.001039858357213281
0.23717670792035828,0.41290424317023217,3.0117411740560542,0.41289829967100944,0.2371605026722873,0.09857780715769084,0.043405757104761834,0.018751583212061027,0.007832970242820758,0.002381284881416954
0.09861493022917692,0.23717411256864038,0.41289829967100944,3.0117275628530336,0.4128671316576224,0.23708909731307984,0.09841461352869013,0.04302825327878059,0.017930494001351015,0.0054539342201058725
0.0434906330059531,0.09860898718677148,0.2371605026722873,0.4128671316576224,3.0116561918631897,0.4127036219791109,0.23671540379523787,0.09755017289201494,0.04114808565984992,0.012482470974858936
0.01894754236149925,0.04347701760218834,0.09857780715769084,0.23708909731307984,0.4127036219791109,3.0112815943259075,0.41184749441173113,0.23473501341208716,0.09324242503076415,0.02867040913326387
0.008263489456066581,0.018916424992482132,0.043405757104761834,0.09841461352869013,0.23671540379523787,0.41184749441173113,3.009324982420491,0.40732108738867734,0.22489350228231436,0.06468341018890192
0.0035766952570474506,0.008191507895257,0.018751583212061027,0.04302825327878059,0.09755017289201494,0.23473501341208716,0.40732108738867734,2.998858024560312,0.3845134776345432,0.15931185501410006
0.0014934914893798192,0.0034201322928313358,0.007832970242820758,0.017930494001351015,0.04114808565984992,0.09324242503076415,0.22489350228231436,0.3845134776345432,2.949727540269694,0.23639152994637996
0.00045407206162966483,0.001039858357213281,0.002381284881416954,0.0054539342201058725,0.012482470974858936,0.02867040913326387,0.06468341018890192,0.15931185501410006,0.23639152994637996,2.5868108713104694
