2.2725545397694344,0.4780639342595865,0.059393243684174354,-0.029183197398074807,-0.03811578506509511,-0.030957879355699904,-0.022901065170764633,-0.016948325730316252,-0.013250240757824501,-0.011399105086598998
0.4780639342595865,2.2723849457424103,0.47781185475362753,0.05901860773300278,-0.02973979374836519,-0.03894203213767898,-0.032181795722572785,-0.024704077235042955,-0.019566373079850995,-0.01690566443489683
0.059393243684174354,0.47781185475362753,2.2720102632280867,0.4772550120623352,0.05819132069567819,-0.03096781906303922,-0.04076090190481632,-0.034860503405307317,-0.028590753958378606,-0.024981750823344
-0.029183197398074807,0.05901860773300278,0.4772550120623352,2.2711827128955977,0.4760255937922507,0.05636657036257343,-0.03366976112830192,-0.044737247310275535,-0.04061888998075806,-0.03657075924341639
-0.03811578506509511,-0.02973979374836519,0.05819132069567819,0.4760255937922507,2.269356473738378,0.47331577514631146,0.05235697281428315,-0.03955952842640706,-0.053224291516729985,-0.05221517798479226
-0.030957879355699904,-0.03894203213767898,-0.03096781906303922,0.05636657036257343,0.47331577514631146,2.2653384575119526,0.46738146907640676,0.04368190163746885,-0.051898719507993255,-0.06945052116910733
-0.022901065170764633,-0.032181795722572785,-0.04076090190481632,-0.03366976112830192,0.05235697281428315,0.46738146907640676,2.2566157822287773,0.45479042985476065,0.026392458051411515,-0.07217095338913879
-0.016948325730316252,-0.024704077235042955,-0.034860503405307317,-0.044737247310275535,-0.03955952842640706,0.04368190163746885,0.45479042985476065,2.239057157316834,0.4330940999986032,0.01089534147335929
-0.013250240757824501,-0.019566373079850995,-0.028590753958378606,-0.04061888998075806,-0.053224291516729985,-0.051898719507993255,0.026392458051411515,0.4330940999986032,2.2220379328421314,0.46573806555319947
-0.011399105086598998,-0.01690566443489683,-0.024981750823344,-0.03657075924341639,-0.05221517798479226,-0.06945052116910733,-0.07217095338913879,0.01089534147335929,0.46573806555319947,2.4823696005123903
