0.6960800182288542,0.025350302710504855,0.17935340203832248,-0.08765070311812362,0.10337965178212041,-0.08232181002802089,0.07770042462413287,-0.06393940753298619,0.0683288855706535,-0.029165904039049204
0.025350302710504855,0.6960765496590904,0.02531991116334724,0.17929088002108562,-0.08785321210508464,0.10283783602178662,-0.08388337831490222,0.07333274411000823,-0.07630226299694667,0.03350188040204151
0.17935340203832248,0.02531991116334724,0.6961506639751321,0.025348947624043217,0.1795755577759196,-0.08727854085023554,0.10471614403648456,-0.0788745603299163,0.08778840765088394,-0.03589177256541756
-0.08765070311812362,0.17929088002108562,0.025348947624043217,0.6960012277016029,0.025187964425792766,0.1788279725111619,-0.08905687479444396,0.09932736959884379,-0.09365646974828623,0.04561787896126563
0.10337965178212041,-0.08785321210508464,0.1795755577759196,0.025187964425792766,0.6966328875109764,0.025746914500084706,0.18178205302464662,-0.08227498932460015,0.12020558281228214,-0.03672895523324511
-0.08232181002802089,0.10283783602178662,-0.08727854085023554,0.1788279725111619,0.025746914500084706,0.6952049005255427,0.025102899725431643,0.1761537706085487,-0.09385887028618115,0.08269351605603759
0.07770042462413287,-0.08388337831490222,0.10471614403648456,-0.08905687479444396,0.18178205302464662,0.025102899725431643,0.7034991007234743,0.03711221240430515,0.22285679744731388,0.0234399767821619
-0.06393940753298619,0.07333274411000823,-0.0788745603299163,0.09932736959884379,-0.08227498932460015,0.1761537706085487,0.03711221240430515,0.7059683219018303,0.07945196120459734,0.30245129022497386
0.0683288855706535,-0.07630226299694667,0.08778840765088394,-0.09365646974828623,0.12020558281228214,-0.09385887028618115,0.22285679744731388,0.07945196120459734,0.9261002186358199,0.5870096204332359
-0.029165904039049204,0.03350188040204151,-0.03589177256541756,0.04561787896126563,-0.03672895523324511,0.08269351605603759,0.0234399767821619,0.30245129022497386,0.5870096204332359,2.0390966498490433
