10.497745697001847,-6.570457480137937,5.157674691599276,-3.8972911011801368,2.9407362837384876,-2.180450529053061,1.5713700812791485,-1.070368976399259,0.6426664114862366,-0.2616819678583749
-6.570457480137937,10.460100328850821,-6.521553332378403,5.094144660902721,-3.814760340476967,2.83352570901555,-2.0411587812953473,1.390518239249452,-0.8348663588402332,0.33994499740854195
5.157674691599276,-6.521553332378403,10.396570184615946,-6.4390230727602535,4.986931032159866,-3.6754857896843025,2.652575307165495,-1.8062187597907238,1.084582488668707,-0.4416099982356033
-3.8972911011801368,5.094144660902721,-6.4390230727602535,10.289357398426382,-6.299744803479912,4.8060032937998995,-3.4404181517077648,2.3473709563701557,-1.408787446026049,0.5737060527684992
2.9407362837384876,-3.814760340476967,4.986931032159866,-6.299744803479912,10.108423407586532,-6.064704759923493,4.500630760151469,-3.043933863412828,1.8310668964732209,-0.7451620586513131
-2.180450529053061,2.83352570901555,-3.6754857896843025,4.8060032937998995,-6.064704759923493,9.803097272789373,-5.668015696976171,3.9855747636358636,-2.3732807214945106,0.9687335303143102
1.5713700812791485,-2.0411587812953473,2.652575307165495,-3.4404181517077648,4.500630760151469,-5.668015696976171,9.287696956349706,-4.998882161488406,3.1139796792031573,-1.2543860447637016
-1.070368976399259,1.390518239249452,-1.8062187597907238,2.3473709563701557,-3.043933863412828,3.9855747636358636,-4.998882161488406,8.41865702591032,-3.868710680344167,1.6527949986616595
0.6426664114862366,-0.8348663588402332,1.084582488668707,-1.408787446026049,1.8310668964732209,-2.3732807214945106,3.1139796792031573,-3.868710680344167,6.938510875313427,-2.0142650907685398
-0.2616819678583749,0.33994499740854195,-0.4416099982356033,0.5737060527684992,-0.7451620586513131,0.9687335303143102,-1.2543860447637016,1.6527949986616595,-2.0142650907685398,4.279575494412928
