0.9754959834185586,-0.4657965980226907,0.08148376726908108,0.10804485406939077,-0.13310181941574062,0.08145202003210952,-0.023505519787531792,-0.009397455731465002,0.015992990357194807,-0.008415285722862448
-0.4657965980226907,0.9753603503802353,-0.46566176159915457,0.08150746707536687,0.10764842550282937,-0.13222459424203303,0.0803793036315463,-0.02318453073178374,-0.007448012494615006,0.010574626078026148
0.08148376726908108,-0.46566176159915457,0.9751197111567391,-0.46543335898164034,0.08157509857869441,0.10691193611509185,-0.130654460561897,0.07852724314962933,-0.022770685181474327,-0.0037505258948670388
0.10804485406939077,0.08150746707536687,-0.46543335898164034,0.9745199920860972,-0.46459239894894666,0.08110133128417746,0.10590871467967643,-0.127087023267138,0.07262744973076339,-0.017831408592121036
-0.13310181941574062,0.10764842550282937,0.08157509857869441,-0.46459239894894666,0.9723614308777012,-0.46161319002967355,0.07950873417275539,0.10215190115052925,-0.11418618586529432,0.05161756008650588
0.08145202003210952,-0.13222459424203303,0.10691193611509185,0.08110133128417746,-0.46161319002967355,0.9665154013981005,-0.45531595597762553,0.07938254364948516,0.08655218063864867,-0.07699377744595787
-0.023505519787531792,0.0803793036315463,-0.130654460561897,0.10590871467967643,0.07950873417275539,-0.45531595597762553,0.9556509913444583,-0.4455332181005147,0.0836869045863446,0.05168024104746104
-0.009397455731465002,-0.02318453073178374,0.07852724314962933,-0.127087023267138,0.10215190115052925,0.07938254364948516,-0.4455332181005147,0.9328456327180926,-0.4163245783363889,0.0722194349407376
0.015992990357194807,-0.007448012494615006,-0.022770685181474327,0.07262744973076339,-0.11418618586529432,0.08655218063864867,0.0836869045863446,-0.4163245783363889,0.852936938461831,-0.30118062262266
-0.008415285722862448,0.010574626078026148,-0.0037505258948670388,-0.017831408592121036,0.05161756008650588,-0.07699377744595787,0.05168024104746104,0.0722194349407376,-0.30118062262266,0.6097162843237545
