8.44385250754915,5.172839060413858,0.21441217633042225,-3.7254696538332315,-4.727407338493423,-2.969881511228582,-0.18688763189861624,1.7193137100136016,1.9112636693797185,0.9291054027138504
5.172839060413858,7.908599080177511,4.695621281473205,0.1042016919070677,-3.3389338007290226,-4.004605603576063,-2.308752593493141,-0.012382967911115539,1.2173691400970332,0.9360826892515615
0.21441217633042225,4.695621281473205,7.420344781012148,4.500821451226729,0.37351931634073704,-2.697828050847357,-3.33253218287932,-2.0222331647866536,-0.35482874745550763,0.35694728846193335
-3.7254696538332315,0.1042016919070677,4.500821451226729,7.2491994030335105,4.4646066088569505,0.5172334171363385,-2.434637835017157,-3.0952551368134724,-1.9640069481693276,-0.5417456600777956
-4.727407338493423,-3.3389338007290226,0.37351931634073704,4.4646066088569505,6.879725220014809,3.938643160415859,0.1389132140976082,-2.4035927406578894,-2.6067306154594085,-1.248950887358617
-2.969881511228582,-4.004605603576063,-2.697828050847357,0.5172334171363385,3.938643160415859,5.903483708712046,3.050236649498058,-0.08980138351764834,-1.720205704049811,-1.2893764653311717
-0.18688763189861624,-2.308752593493141,-3.33253218287932,-2.434637835017157,0.1389132140976082,3.050236649498058,4.978124425019864,2.66236051808015,0.39188958824493053,-0.5275681894020787
1.7193137100136016,-0.012382967911115539,-2.0222331647866536,-3.0952551368134724,-2.4035927406578894,-0.08980138351764834,2.66236051808015,4.648147018466493,2.6068575448734386,0.6910003684035058
1.9112636693797185,1.2173691400970332,-0.35482874745550763,-1.9640069481693276,-2.6067306154594085,-1.720205704049811,0.39188958824493053,2.6068575448734386,4.001574052628191,1.6772591305994782
0.9291054027138504,0.9360826892515615,0.35694728846193335,-0.5417456600777956,-1.248950887358617,-1.2893764653311717,-0.5275681894020787,0.6910003684035058,1.6772591305994782,2.22358976753969
