6.923951311803645,5.119077412249277,3.939253509830609,2.716786960357225,1.6392159433711775,0.8072923299533412,0.2527313278934222,-0.04323061819527845,-0.13326010665635904,-0.09058597550664574
5.119077412249277,6.908604288482154,5.0923532379492205,3.8997590382521476,2.6649109375349744,1.5781277125309374,0.7439734664141295,0.19884806371085273,-0.07088989808188524,-0.11313550503976372
3.939253509830609,5.0923532379492205,6.8510489896585565,4.997135706925305,3.763655384340231,2.4911507531728483,1.3796366032513632,0.5465851438749808,0.04380726636592307,-0.12607746107048864
2.716786960357225,3.8997590382521476,4.997135706925305,6.68595188327244,4.75379842395362,3.4447403280210067,2.1164684925983197,0.9924535774630852,0.21892772860079587,-0.12093568001459845
1.6392159433711775,2.6649109375349744,3.763655384340231,4.75379842395362,6.320492985136669,4.267422480999614,2.86423802965125,1.5041971282163176,0.45504748690464214,-0.08782066679912788
0.8072923299533412,1.5781277125309374,2.4911507531728483,3.4447403280210067,4.267422480999614,5.66527280993001,3.4758467343884063,2.016492159753679,0.7405515544673977,-0.01660706098014684
0.2527313278934222,0.7439734664141295,1.3796366032513632,2.1164684925983197,2.86423802965125,3.4758467343884063,4.697580650660386,2.424359800217969,1.046642179234687,0.10112766345784201
-0.04323061819527845,0.19884806371085273,0.5465851438749808,0.9924535774630852,1.5041971282163176,2.016492159753679,2.424359800217969,3.5351781921644174,1.322857694837733,0.26934101203737476
-0.13326010665635904,-0.07088989808188524,0.04380726636592307,0.21892772860079587,0.45504748690464214,0.7405515544673977,1.046642179234687,1.322857694837733,2.448768198264936,0.4840091463875112
-0.09058597550664574,-0.11313550503976372,-0.12607746107048864,-0.12093568001459845,-0.08782066679912788,-0.01660706098014684,0.10112766345784201,0.26934101203737476,0.4840091463875112,1.6835586867760965
