16.82099318794326,-14.210074717359728,12.652478906966788,-11.112909977245842,9.575188122127818,-8.038002991687218,6.501192257807076,-4.964715077252107,3.4289687834208635,-1.8999508985475337
-14.210074717359728,15.37739923226795,-12.756741393119505,11.18934050769479,-9.639900368472496,8.092240921726226,-6.545053946788872,4.998210136115845,-3.45210271019529,1.9127691308969177
12.652478906966788,-12.756741393119505,13.914260831720226,-11.283731766501367,9.706393074353052,-8.146948298425794,6.589219528616977,-5.031931787610143,3.475392760060336,-1.925673846901836
-11.112909977245842,11.18934050769479,-11.283731766501367,12.431313381706294,-9.79077946324468,8.203368636996448,-6.6337866041993605,5.065888922398024,-3.4988405549076584,1.9386656781036828
9.575188122127818,-9.639900368472496,9.706393074353052,-9.79077946324468,10.928288726464238,-8.277614721244447,6.679998246128839,-5.100178696010755,3.522454539967804,-1.9517458362381865
-8.038002991687218,8.092240921726226,-8.146948298425794,8.203368636996448,-8.277614721244447,9.404915488096032,-6.743966982320829,5.1360439262285125,-3.546331650647391,1.9649230175348493
6.501192257807076,-6.545053946788872,6.589219528616977,-6.6337866041993605,6.679998246128839,-6.743966982320829,7.860923954790339,-5.1895993971940975,3.571717446897334,-1.978303028608855
-4.964715077252107,4.998210136115845,-5.031931787610143,5.065888922398024,-5.100178696010755,5.1360439262285125,-5.1895993971940975,6.296111141043882,-3.6147679470094096,1.9932522393002678
3.4289687834208635,-3.45210271019529,3.475392760060336,-3.4988405549076584,3.522454539967804,-3.546331650647391,3.571717446897334,-3.6147679470094096,4.711290128028034,-2.027500616226795
-1.8999508985475337,1.9127691308969177,-1.925673846901836,1.9386656781036828,-1.9517458362381865,1.9649230175348493,-1.978303028608855,1.9932522393002678,-2.027500616226795,3.137292628643738
