1.0634545088620402,0.07347913192867657,0.021763776115160928,-0.004844103084995641,-0.013781869976110323,-0.01314861111614926,-0.008926256316910162,-0.004532226881555585,-0.0014203939080088366,8.691506054611466e-05
0.07347913192867657,1.063440068765222,0.07346293155768556,0.021755277979781405,-0.004826489182712496,-0.013710710653431313,-0.012994053214844033,-0.008674748338404231,-0.004222141640891836,-0.0011940583355852649
0.021763776115160928,0.07346293155768556,1.0634126015915641,0.07342732998182899,0.021725686415936432,-0.00481840555914047,-0.013612312348333919,-0.012738692815368137,-0.008210151119567516,-0.003572198097182031
-0.004844103084995641,0.021755277979781405,0.07342732998182899,1.0633344709464483,0.07329924273682947,0.02156627747759788,-0.004937852082754816,-0.013539501089965524,-0.012228782386411646,-0.006965969134589835
-0.013781869976110323,-0.004826489182712496,0.021725686415936432,0.07329924273682947,1.0630508573765367,0.07283135425430139,0.02097939652817392,-0.005387019464390151,-0.013297843866506466,-0.010401484859485027
-0.01314861111614926,-0.013710710653431313,-0.00481840555914047,0.02156627747759788,0.07283135425430139,1.0621461543732074,0.0714905732698062,0.019532994862278757,-0.006013866165072015,-0.011355254022255954
-0.008926256316910162,-0.012994053214844033,-0.013612312348333919,-0.004937852082754816,0.02097939652817392,0.0714905732698062,1.0598864911028993,0.06858221369024181,0.01715608118614708,-0.005239946896724237
-0.004532226881555585,-0.008674748338404231,-0.012738692815368137,-0.013539501089965524,-0.005387019464390151,0.019532994862278757,0.06858221369024181,1.0554285562103831,0.06351806476423859,0.014356411448496363
-0.0014203939080088366,-0.004222141640891836,-0.008210151119567516,-0.012228782386411646,-0.013297843866506466,-0.006013866165072015,0.01715608118614708,0.06351806476423859,1.047303848035476,0.05368356017571431
8.691506054611466e-05,-0.0011940583355852649,-0.003572198097182031,-0.006965969134589835,-0.010401484859485027,-0.011355254022255954,-0.005239946896724237,0.014356411448496363,0.05368356017571431,1.0268782227962026
