0.7464489611616822,0.5288003724580579,0.3464770661656177,0.21638005706692418,0.13219765456120627,0.08024024608692507,0.04909629616336851,0.03077556941423856,0.019524567243764418,0.00941733422012722
0.5288003724580579,0.7466393300924992,0.5291189928272768,0.34700603213974857,0.21724512568228713,0.13357218138769292,0.08229909313921188,0.05177904961297508,0.032907786718381,0.015891175984714515
0.3464770661656177,0.5291189928272768,0.7471725948074602,0.5300042757894909,0.34845372656184337,0.21954510879353376,0.13701629917499586,0.08678373688084207,0.05533100473408183,0.026775782369944136
0.21638005706692418,0.34700603213974857,0.5300042757894909,0.7486421773339251,0.532407185257816,0.3522703952966275,0.22525755654445026,0.1444449295241198,0.09262969478308625,0.04499625382602195
0.13219765456120627,0.21724512568228713,0.34845372656184337,0.532407185257816,0.7525702947770335,0.5386437080658899,0.36159596113086345,0.23735518286875668,0.15384923136575185,0.07525430713988523
0.08024024608692507,0.13357218138769292,0.21954510879353376,0.3522703952966275,0.5386437080658899,0.7624633293320426,0.5534097924346736,0.3806589801466295,0.25181171446006545,0.12476536450289685
0.04909629616336851,0.08229909313921188,0.13701629917499586,0.22525755654445026,0.36159596113086345,0.5534097924346736,0.7844157559856184,0.5814534395314553,0.4007548656697123,0.20351918356746695
0.03077556941423856,0.05177904961297508,0.08678373688084207,0.1444449295241198,0.23735518286875668,0.3806589801466295,0.5814534395314553,0.819223776630544,0.6023430747745179,0.32175236939667606
0.019524567243764418,0.032907786718381,0.05533100473408183,0.09262969478308625,0.15384923136575185,0.25181171446006545,0.4007548656697123,0.6023430747745179,0.815131762703789,0.4767360827164934
0.00941733422012722,0.015891175984714515,0.026775782369944136,0.04499625382602195,0.07525430713988523,0.12476536450289685,0.20351918356746695,0.32175236939667606,0.4767360827164934,0.626739753859985
