0.6086510374848011,0.14692605742400844,0.04158072352263718,0.015008514553298125,0.0023749642284415424,0.0026632986876829797,-0.0009713048476733071,0.0014262548148588248,-0.00109556588373422,0.001682815470548008
0.14692605742400844,0.6085885344909949,0.14700048099609409,0.04149124105034859,0.015113233016228463,0.0022429837331231772,0.002797791904186592,-0.001208204180664535,0.0014563748736903688,-0.0019679131181543214
0.04158072352263718,0.14700048099609409,0.6084999137104555,0.1471070229394657,0.04136652423406858,0.015270302680953685,0.002082561618893705,0.003078959029923783,-0.0012471020461253279,0.002485066998254762
0.015008514553298125,0.04149124105034859,0.1471070229394657,0.6083717919974949,0.14725688728685188,0.041177400351871035,0.015462261022137054,0.0017414709698371773,0.0031156614719384267,-0.0025172224047866325
0.0023749642284415424,0.015113233016228463,0.04136652423406858,0.14725688728685188,0.6081961222552681,0.1474773167850495,0.040949722131990454,0.01585146387358072,0.0016654379477175252,0.004492662898825531
0.0026632986876829797,0.0022429837331231772,0.015270302680953685,0.041177400351871035,0.1474773167850495,0.607915281223318,0.14775401844555514,0.04042555019710781,0.015835591949832056,-0.00043936742528523923
-0.0009713048476733071,0.002797791904186592,0.002082561618893705,0.015462261022137054,0.040949722131990454,0.14775401844555514,0.6076011773116087,0.14818268475943935,0.04009152503392534,0.016822576167835543
0.0014262548148588248,-0.001208204180664535,0.003078959029923783,0.0017414709698371773,0.01585146387358072,0.04042555019710781,0.14818268475943935,0.6064370874351034,0.14741311650835381,0.03386319754297955
-0.00109556588373422,0.0014563748736903688,-0.0012471020461253279,0.0031156614719384267,0.0016654379477175252,0.015835591949832056,0.04009152503392534,0.14741311650835381,0.6034886852649912,0.13813293704645774
0.001682815470548008,-0.0019679131181543214,0.002485066998254762,-0.0025172224047866325,0.004492662898825531,-0.00043936742528523923,0.016822576167835543,0.03386319754297955,0.13813293704645774,0.5592396398570149
