11.592215214598147,-9.951741389007648,8.988341871714615,-7.704876079372705,6.644744493426145,-5.4371212933066655,4.3370266215704625,-3.162560280233575,2.0492574555690664,-0.884259294329495
-9.951741389007648,10.645649526914033,-8.987140623539284,7.999557969021385,-6.699948584698145,5.610607278244367,-4.392046179118601,3.252694135482395,-2.0798582711552864,0.9062093265520372
8.988341871714615,-8.987140623539284,9.661970899423089,-7.979841977388936,6.9742713454968825,-5.647163626567086,4.543289969523209,-3.289738662107861,2.1445791807821575,-0.9213288814611379
-7.704876079372705,7.999557969021385,-7.979841977388936,8.628934968520486,-6.930656194796484,5.89351970610545,-4.556558897003471,3.4093476432740273,-2.160968511877294,0.9476245827497912
6.644744493426145,-6.699948584698145,6.9742713454968825,-6.930656194796484,7.559946018202776,-5.834588269528178,4.779969377086184,-3.4100250624434656,2.2515964638568824,-0.9583615137322101
-5.4371212933066655,5.610607278244367,-5.647163626567086,5.89351970610545,-5.834588269528178,6.4285410800559815,-4.696347030588364,3.591265144537409,-2.2343815960536717,0.9932890299186443
4.3370266215704625,-4.392046179118601,4.543289969523209,-4.556558897003471,4.779969377086184,-4.696347030588364,5.266938394194262,-3.5081162168222004,2.3799414114778643,-0.9933645100668962
-3.162560280233575,3.252694135482395,-3.289738662107861,3.4093476432740273,-3.4100250624434656,3.591265144537409,-3.5081162168222004,4.01447716954448,-2.286205490439842,1.0463459994675373
2.0492574555690664,-2.0798582711552864,2.1445791807821575,-2.160968511877294,2.2515964638568824,-2.2343815960536717,2.3799414114778643,-2.286205490439842,2.743324437794358,-1.0218532516806957
-0.884259294329495,0.9062093265520372,-0.9213288814611379,0.9476245827497912,-0.9583615137322101,0.9932890299186443,-0.9933645100668962,1.0463459994675373,-1.0218532516806957,1.3062872952019553
