0.11381094203767478,0.013556452352820795,0.024829476779613918,0.008894924010138769,0.013035797413841428,0.005348111263382117,0.006560160169357771,0.00275473027885377,0.0026772581874071138,0.0007289188202616486
0.013556452352820795,0.11369799020777932,0.013436858409353814,0.024626717271043666,0.008693940715067083,0.012669359298267173,0.005014972201993964,0.005892498835772535,0.0022133826122308744,0.0014489473635885008
0.024829476779613918,0.013436858409353814,0.1135246958744747,0.013230573109897704,0.024319739845650817,0.00833957444911766,0.012123583950582127,0.004409543041406681,0.004917738171242009,0.0011866301675790966
0.008894924010138769,0.024626717271043666,0.013230573109897704,0.11315921180890148,0.012886734609690649,0.023655898164609248,0.007776294449636843,0.01090680403940519,0.0035100320903416844,0.002663534935158566
0.013035797413841428,0.008693940715067083,0.024319739845650817,0.012886734609690649,0.11261154208048998,0.012302550468400418,0.022673553121741526,0.006793091282912875,0.0091331590505616,0.0018769163882067235
0.005348111263382117,0.012669359298267173,0.00833957444911766,0.023655898164609248,0.012302550468400418,0.1113985236894984,0.011360854982933974,0.02043440957868098,0.0053261565148234385,0.004951033205285846
0.006560160169357771,0.005014972201993964,0.012123583950582127,0.007776294449636843,0.022673553121741526,0.011360854982933974,0.10961740975108872,0.009811501734378607,0.01717658695476849,0.0028359468850356847
0.00275473027885377,0.005892498835772535,0.004409543041406681,0.01090680403940519,0.006793091282912875,0.02043440957868098,0.009811501734378607,0.10545011440116378,0.0074849438846112445,0.00932056615881138
0.0026772581874071138,0.0022133826122308744,0.004917738171242009,0.0035100320903416844,0.0091331590505616,0.0053261565148234385,0.01717658695476849,0.0074849438846112445,0.09939996080453536,0.0039539571811060634
0.0007289188202616486,0.0014489473635885008,0.0011866301675790966,0.002663534935158566,0.0018769163882067235,0.004951033205285846,0.0028359468850356847,0.00932056615881138,0.0039539571811060634,0.08443625972349839
