0.39177988199931696,0.008298715381822173,0.0038782096034079864,0.0016930175802863994,0.0007686559541982465,0.00034108866006875635,0.00015327036655116277,6.816200390998796e-05,2.9970989706349267e-05,1.2289202507704008e-05
0.008298715381822173,0.39177987758512584,0.008298705484891991,0.003878187616961964,0.0016929679543461035,0.0007685469813803964,0.00034083774899983175,0.0001527383110988185,6.686259052291587e-05,2.7494291024304012e-05
0.0038782096034079864,0.008298705484891991,0.3917798553958678,0.008298656189126976,0.0038780763561694284,0.0016927236177850297,0.0007679844753969442,0.0003396446527048238,0.00014982571359557192,6.130674554778495e-05
0.0016930175802863994,0.003878187616961964,0.008298656189126976,0.391779745885529,0.00829840900285048,0.00387753359750553,0.0016914737774585975,0.000765334693899585,0.00033317119373488425,0.000137494374801675
0.0007686559541982465,0.0016929679543461035,0.0038780763561694284,0.00829840900285048,0.3917791880188444,0.00829718375818124,0.003874713378532588,0.0016854900715128041,0.0007507350119787297,0.0003052944129690928
0.00034108866006875635,0.0007685469813803964,0.0016927236177850297,0.00387753359750553,0.00829718375818124,0.3917764981959435,0.00829098776916026,0.0038615847283132,0.0016533862730565235,0.0006896872798675504
0.00015327036655116277,0.00034083774899983175,0.0007679844753969442,0.0016914737774585975,0.003874713378532588,0.00829098776916026,0.39176224410805255,0.008260716168301454,0.003787840643716586,0.0015121689906133129
6.816200390998796e-05,0.0001527383110988185,0.0003396446527048238,0.000765334693899585,0.0016854900715128041,0.0038615847283132,0.008260716168301454,0.39169821358256146,0.00810368534050954,0.00349084259846127
2.9970989706349267e-05,6.686259052291587e-05,0.00014982571359557192,0.00033317119373488425,0.0007507350119787297,0.0016533862730565235,0.003787840643716586,0.00810368534050954,0.3913173786151184,0.007368359577310397
1.2289202507704008e-05,2.7494291024304012e-05,6.130674554778495e-05,0.000137494374801675,0.0003052944129690928,0.0006896872798675504,0.0015121689906133129,0.00349084259846127,0.007368359577310397,0.3899511137308041
