0.16791721443692403,-0.017597712848979312,0.0020120233599649545,0.0062310657454918185,-0.007741163072138041,0.005461277749057126,-0.0022577290216255416,-0.0001956079909459646,0.001454157570477847,-0.0017862504346912284
-0.017597712848979312,0.16793767625563488,-0.017605522829805903,0.0019867965428624736,0.006304687505815591,-0.007855238272403689,0.00556555672753299,-0.0022548812477092505,-0.0004209268224981935,0.001959346157180299
0.0020120233599649545,-0.017605522829805903,0.167935821892804,-0.01758492455850432,0.0019439585464195283,0.006358639969356079,-0.007887729152473622,0.005526032396875855,-0.002097024001715392,-0.0006960940227741196
0.0062310657454918185,0.0019867965428624736,-0.01758492455850432,0.16794203745684627,-0.0176422565538255,0.002060978643926175,0.006213491525984787,-0.007804039847109084,0.0056408063504710705,-0.0025330489802100863
-0.007741163072138041,0.006304687505815591,0.0019439585464195283,-0.0176422565538255,0.16816201002003378,-0.01802096621718654,0.002458458092872693,0.006106584061723453,-0.008395726765057912,0.007207500893429226
0.005461277749057126,-0.007855238272403689,0.006358639969356079,0.002060978643926175,-0.01802096621718654,0.16877556369651697,-0.018618066508380757,0.0025253465906237946,0.007208018828669289,-0.011034860530264954
-0.0022577290216255416,0.00556555672753299,-0.007887729152473622,0.006213491525984787,0.002458458092872693,-0.018618066508380757,0.16929594373035523,-0.018545436983961945,0.0012684155077996805,0.009907099291916245
-0.0001956079909459646,-0.0022548812477092505,0.005526032396875855,-0.007804039847109084,0.006106584061723453,0.0025253465906237946,-0.018545436983961945,0.16899079007905193,-0.01800558890621053,0.0006841484310901879
0.001454157570477847,-0.0004209268224981935,-0.002097024001715392,0.0056408063504710705,-0.008395726765057912,0.007208018828669289,0.0012684155077996805,-0.01800558890621053,0.17040409121931183,-0.02234486909697532
-0.0017862504346912284,0.001959346157180299,-0.0006960940227741196,-0.0025330489802100863,0.007207500893429226,-0.011034860530264954,0.009907099291916245,0.0006841484310901879,-0.02234486909697532,0.18147456558794547
