2.907462707978773,0.3411930307260985,-0.4776880379021111,-0.33087158721151283,-0.035384910545204415,0.07211621714909916,0.04554312115347754,0.003250304149156798,-0.010421490468526237,-0.005895581935776018
0.3411930307260985,2.9074562640821027,0.34117218692011875,-0.4777025999024779,-0.3308215557373714,-0.03523932722821528,0.07219941593466446,0.04515966488052958,0.0022391696849693495,-0.010866832066225983
-0.4776880379021111,0.34117218692011875,2.9074004249307857,0.3411463691086174,-0.4775443263687783,-0.3304356038301805,-0.03511320779717468,0.07100929427050705,0.04250811083748404,0.0017512686534911807
-0.33087158721151283,-0.4777025999024779,0.3411463691086174,2.907406630553334,0.3412528869423721,-0.47737145529178443,-0.330510361818801,-0.03588744930546205,0.06986199187543399,0.04325223249077714
-0.035384910545204415,-0.3308215557373714,-0.4775443263687783,0.3412528869423721,2.9070192728095616,0.3401486742827493,-0.4779734604664286,-0.3275485864212909,-0.028227176969209365,0.07302682238166866
0.07211621714909916,-0.03523932722821528,-0.3304356038301805,-0.47737145529178443,0.3401486742827493,2.9043533454751183,0.3393178666691171,-0.4696786574303048,-0.3092456259258646,-0.025153003856517687
0.04554312115347754,0.07219941593466446,-0.03511320779717468,-0.330510361818801,-0.4779734604664286,0.3393178666691171,2.905044514917588,0.3436486860867807,-0.4642668288382939,-0.31525610203612925
0.003250304149156798,0.04515966488052958,0.07100929427050705,-0.03588744930546205,-0.3275485864212909,-0.4696786574303048,0.3436486860867807,2.8824440255294688,0.2861638649922783,-0.4866369145112506
-0.010421490468526237,0.0022391696849693495,0.04250811083748404,0.06986199187543399,-0.028227176969209365,-0.3092456259258646,-0.4642668288382939,0.2861638649922783,2.756874601151565,0.2672004808213455
-0.005895581935776018,-0.010866832066225983,0.0017512686534911807,0.04325223249077714,0.07302682238166866,-0.025153003856517687,-0.31525610203612925,-0.4866369145112506,0.2672004808213455,2.80444118490533
