1.3020358665281986,0.3460361556927633,0.24922171693223788,0.15976664256233955,0.10849197598298899,0.07092584992547407,0.04651267889673216,0.029249056814896396,0.016984156062044932,0.0074605409574345655
0.3460361556927633,1.3018051402097681,0.3456908482704975,0.24870493933680038,0.15899321015371126,0.1073345284962207,0.06919341964095439,0.04392048962737724,0.0253679969606547,0.011180310872115275
0.24922171693223788,0.3456908482704975,1.3012883411354443,0.3449174447920421,0.24754736147832085,0.157261078583359,0.10474138207670952,0.06531492018860488,0.03810912256338707,0.016690098677505205
0.15976664256233955,0.24870493933680038,0.3449174447920421,1.3001308546822745,0.3431851901067665,0.24495476986721926,0.15338130792630877,0.09893408825031791,0.05662612588753548,0.025098710071912774
0.10849197598298899,0.15899321015371126,0.24754736147832085,0.3431851901067665,1.2975378740877515,0.33930594337621955,0.23914511500430768,0.1446979233498772,0.08590634173405584,0.037220441003230006
0.07092584992547407,0.1073345284962207,0.157261078583359,0.24495476986721926,0.33930594337621955,1.2917298745783778,0.33062032918396644,0.22612741608889658,0.12526921690134968,0.056677127594143395
0.04651267889673216,0.06919341964095439,0.10474138207670952,0.15338130792630877,0.23914511500430768,0.33062032918396644,1.2787051311587943,0.3112011110638219,0.196855443490143,0.08205578351518422
0.029249056814896396,0.04392048962737724,0.06531492018860488,0.09893408825031791,0.1446979233498772,0.22612741608889658,0.3112011110638219,1.2494631370739349,0.26794729925253263,0.13067262291501117
0.016984156062044932,0.0253679969606547,0.03810912256338707,0.05662612588753548,0.08590634173405584,0.12526921690134968,0.196855443490143,0.26794729925253263,1.1831527402672752,0.17319113729791766
0.0074605409574345655,0.011180310872115275,0.016690098677505205,0.025098710071912774,0.037220441003230006,0.056677127594143395,0.08205578351518422,0.13067262291501117,0.17319113729791766,1.0291340898878532
