3.1258635450314345,-0.5962254586169635,1.1759160108629145,-0.25998085137240684,0.6252278691235691,-0.10617890430710186,0.3178096381632093,-0.03711438603625281,0.13193655923300285,-0.0035907174369511742
-0.5962254586169635,3.122526836855069,-0.5969640035774876,1.1700027351490359,-0.26065049671017493,0.6146773719617161,-0.10620923974030702,0.2988559367719754,-0.0350618441536567,0.09765247825927678
1.1759160108629145,-0.5969640035774876,3.1127054926182365,-0.5971991960647265,1.152381945201346,-0.2591142181598617,0.5828456507964737,-0.09991018872560528,0.24096062590945577,-0.01730762873406949
-0.25998085137240684,1.1700027351490359,-0.5971991960647265,3.1021066981253043,-0.5964435399430645,1.133254086190607,-0.25563005030470914,0.5480894931469149,-0.08978607693626309,0.17738547905449759
0.6252278691235691,-0.26065049671017493,1.152381945201346,-0.5964435399430645,3.0703617573318294,-0.5915567541159711,1.075671700755416,-0.24044817234879753,0.44293804645636325,-0.05081786978773636
-0.10617890430710186,0.6146773719617161,-0.2591142181598617,1.133254086190607,-0.5915567541159711,3.035449673200293,-0.5788950922120254,1.011534291259598,-0.2105677308891995,0.32437455704840346
0.3178096381632093,-0.10620923974030702,0.5828456507964737,-0.25563005030470914,1.075671700755416,-0.5788950922120254,2.9305783943321058,-0.5444863407808972,0.8192770114098475,-0.12736938942990478
-0.03711438603625281,0.2988559367719754,-0.09991018872560528,0.5480894931469149,-0.24044817234879753,1.011534291259598,-0.5444863407808972,2.8115115009629164,-0.4694244411089098,0.5969937952310481
0.13193655923300285,-0.0350618441536567,0.24096062590945577,-0.08978607693626309,0.44293804645636325,-0.2105677308891995,0.8192770114098475,-0.4694244411089098,2.4577202116324037,-0.295223311198895
-0.0035907174369511742,0.09765247825927678,-0.01730762873406949,0.17738547905449759,-0.05081786978773636,0.32437455704840346,-0.12736938942990478,0.5969937952310481,-0.295223311198895,2.0389573620254278
