2.0154552294014394,0.28104705904770466,0.34066749375518973,0.13897590994908515,0.10717175251324816,0.054754904999259904,0.0357571262200566,0.019291784643980132,0.011129539137001484,0.003697031379309983
0.28104705904770466,2.0153998897319316,0.2809568331802498,0.3405104328295087,0.13872977724666224,0.10671607116671006,0.05411064332422164,0.03436533137419263,0.01780409859137049,0.006399281273248536
0.34066749375518973,0.2809568331802498,2.01525273420478,0.28070081191880913,0.3401088583141699,0.13798734084192754,0.10566391200246941,0.05184547469150798,0.03192796408931303,0.010121634109245936
0.13897590994908515,0.3405104328295087,0.28070081191880913,2.0148069246063756,0.28000253539600783,0.33881507129765387,0.1361605964997975,0.10170981497223675,0.04763505693339485,0.018473195389238223
0.10717175251324816,0.13872977724666224,0.3401088583141699,0.28000253539600783,2.013710680633489,0.277978583840079,0.3359400250582575,0.12999228327135212,0.09502838972489783,0.026758947855490392
0.054754904999259904,0.10671607116671006,0.13798734084192754,0.33881507129765387,0.277978583840079,2.009953455558147,0.272690949713833,0.32443982334024335,0.11785965569089084,0.055783308039881435
0.0357571262200566,0.05411064332422164,0.10566391200246941,0.1361605964997975,0.3359400250582575,0.272690949713833,2.0023928483927573,0.25662542502423313,0.3067142168009116,0.06381043079866554
0.019291784643980132,0.03436533137419263,0.05184547469150798,0.10170981497223675,0.12999228327135212,0.32443982334024335,0.25662542502423313,1.9670739777592734,0.22013955508438746,0.18541263620224496
0.011129539137001484,0.01780409859137049,0.03192796408931303,0.04763505693339485,0.09502838972489783,0.11785965569089084,0.3067142168009116,0.22013955508438746,1.9243396043571914,0.09986432228739112
0.003697031379309983,0.006399281273248536,0.010121634109245936,0.018473195389238223,0.026758947855490392,0.055783308039881435,0.06381043079866554,0.18541263620224496,0.09986432228739112,1.5027072244373925
