2.501497465284453,-0.05078116550293107,-0.8790865268568775,-0.02573969121082307,0.3125456026282126,0.024583951124875054,-0.10741246056293191,-0.012942823885772097,0.028616202283018248,0.0013182545035675993
-0.05078116550293107,2.501176168583988,-0.05086267134090813,-0.8782014015547805,-0.025388718229890167,0.31012486081910223,0.023266744841681522,-0.10084181653826196,-0.008350308268561275,0.010923423819575652
-0.8790865268568775,-0.05086267134090813,2.5002589761127636,-0.050763274969656755,-0.8756283190830083,-0.02530689641209834,0.30295670508092715,0.022037873100175354,-0.08101230885727419,-0.002153530159234561
-0.02573969121082307,-0.8782014015547805,-0.050763274969656755,2.4978031179709643,-0.05138341805981821,-0.8688623916562075,-0.022632111794710346,0.28445134799398797,0.011991449400734789,-0.03077982602346581
0.3125456026282126,-0.025388718229890167,-0.8756283190830083,-0.05138341805981821,2.490536978428672,-0.05066730015879028,-0.8484879919219595,-0.021786307555625543,0.22771947570636059,0.0017125121043822036
0.024583951124875054,0.31012486081910223,-0.02530689641209834,-0.8688623916562075,-0.05066730015879028,2.471758220757612,-0.05528669120555292,-0.7967351169479777,-0.001673064148243939,0.08612285106155498
-0.10741246056293191,0.023266744841681522,0.30295670508092715,-0.022632111794710346,-0.8484879919219595,-0.05528669120555292,2.4142634889334404,-0.050422780041870084,-0.6356307642553468,0.007243102967994037
-0.012942823885772097,-0.10084181653826196,0.022037873100175354,0.28445134799398797,-0.021786307555625543,-0.7967351169479777,-0.050422780041870084,2.2705382855426643,-0.08405626059895456,-0.23929437669419842
0.028616202283018248,-0.008350308268561275,-0.08101230885727419,0.011991449400734789,0.22771947570636059,-0.001673064148243939,-0.6356307642553468,-0.08405626059895456,1.8163200386788327,-0.05361207891244792
0.0013182545035675993,0.010923423819575652,-0.002153530159234561,-0.03077982602346581,0.0017125121043822036,0.08612285106155498,0.007243102967994037,-0.23929437669419842,-0.05361207891244792,0.7146868298077023
