3.0449532637935666,-1.7015213950376065,1.472097018535847,-1.119649488728507,0.8728262643399154,-0.6615292594108753,0.48773025184333074,-0.33915403514467546,0.2088096216129224,-0.08886886247169773
-1.7015213950376065,3.029595324171282,-1.6821996792162026,1.4477883516850762,-1.0890673940980324,0.8343488752103027,-0.6131306723796591,0.42679855281312185,-0.26267698708844667,0.11181017319558201
1.472097018535847,-1.6821996792162026,3.0052868091849465,-1.6516171170603606,1.4093132304278526,-1.0406592744734833,0.7734588963064457,-0.5364731767577929,0.3305822472710835,-0.1406472992970374
-1.119649488728507,1.4477883516850762,-1.6516171170603606,2.966810859365131,-1.60321154822415,1.348410878158097,-0.9640537880677594,0.677014968438239,-0.4154279992791136,0.1770364899447156
0.8728262643399154,-1.0890673940980324,1.4093132304278526,-1.60321154822415,2.9059130276795893,-1.5265921448813036,1.2520344585784475,-0.8427248516507532,0.5247111038840384,-0.22234330711551098
-0.6615292594108753,0.8343488752103027,-1.0406592744734833,1.348410878158097,-1.5265921448813036,2.8095119440832077,-1.4053391383781764,1.0993622731436377,-0.6511883300048591,0.2814001609593041
0.48773025184333074,-0.6131306723796591,0.7734588963064457,-0.9640537880677594,1.2520344585784475,-1.4053391383781764,2.6569743239374324,-1.2133883480055494,0.8580608652551486,-0.34678055455194673
-0.33915403514467546,0.42679855281312185,-0.5364731767577929,0.677014968438239,-0.8427248516507532,1.0993622731436377,-1.2133883480055494,2.4149387364864654,-0.9112407960822235,0.46771280109324387
0.2088096216129224,-0.26267698708844667,0.3305822472710835,-0.4154279992791136,0.5247111038840384,-0.6511883300048591,0.8580608652551486,-0.9112407960822235,2.0285963087990764,-0.452125579096904
-0.08886886247169773,0.11181017319558201,-0.1406472992970374,0.1770364899447156,-0.22234330711551098,0.2814001609593041,-0.34678055455194673,0.46771280109324387,-0.452125579096904,1.3123009306392788
