3.0794809886967767,1.155909187217008,-0.6530839449366991,-0.9259625287290737,-0.2529787048007665,0.27008788959613983,0.2678967588548513,0.03687215242091679,-0.07454299144485468,-0.028456774220050593
1.155909187217008,3.077633500399824,1.1563095918848876,-0.6485890044592044,-0.9210011401395539,-0.25622542089999045,0.25520375009116963,0.2556021815608145,0.05297874200000098,-0.027216300804413396
-0.6530839449366991,1.1563095918848876,3.0754690397197892,1.1526437911299294,-0.6486795959673509,-0.9132288534186533,-0.24596152536560267,0.25177277649700935,0.22906712261743223,0.02598707658785603
-0.9259625287290737,-0.6485890044592044,1.1526437911299294,3.061045883843945,1.1418483802955852,-0.6316229937339609,-0.8678979819845778,-0.2239455575421399,0.18273177734681614,0.09224174949548902
-0.2529787048007665,-0.9210011401395539,-0.6486795959673509,1.1418483802955852,3.0472555080240693,1.1472172920766348,-0.5949875573289621,-0.8319922650528401,-0.256277944013642,0.06356811677596064
0.27008788959613983,-0.25622542089999045,-0.9132288534186533,-0.6316229937339609,1.1472172920766348,3.017501146301719,1.0971156720965891,-0.5958554818301115,-0.7252864325804393,-0.11617360390736396
0.2678967588548513,0.25520375009116963,-0.24596152536560267,-0.8678979819845778,-0.5949875573289621,1.0971156720965891,2.8737470924760307,1.018713915579744,-0.3880323760544614,-0.2873149939316695
0.03687215242091679,0.2556021815608145,0.25177277649700935,-0.2239455575421399,-0.8319922650528401,-0.5958554818301115,1.018713915579744,2.7740463537871136,1.0582912086621152,-0.12218143630024456
-0.07454299144485468,0.05297874200000098,0.22906712261743223,0.18273177734681614,-0.256277944013642,-0.7252864325804393,-0.3880323760544614,1.0582912086621152,2.378035184452583,0.46008314959728724
-0.028456774220050593,-0.027216300804413396,0.02598707658785603,0.09224174949548902,0.06356811677596064,-0.11617360390736396,-0.2873149939316695,-0.12218143630024456,0.46008314959728724,1.0308900452770375
