2.3461112726451585,-0.2828431651563235,-1.3383698719861126,0.5055657867079381,0.8145590825566423,-0.5163904792988114,-0.40411677650648803,0.37878595195056464,0.12796316535608998,-0.14590573307466106
-0.2828431651563235,2.295632465064417,-0.2840119728633775,-1.271890335507523,0.4865186769648899,0.733379220999878,-0.46631399154636755,-0.3132870651369437,0.2850798069913617,0.037999058331119134
-1.3383698719861126,-0.2840119728633775,2.250452494388494,-0.26849607887130883,-1.2175158494363807,0.449364734440791,0.673659474955938,-0.39916370689113845,-0.25585108001326967,0.17934686915550202
0.5055657867079381,-1.271890335507523,-0.26849607887130883,2.158574025452596,-0.26037898663089587,-1.0996848932620213,0.4022595605184887,0.5339039841136648,-0.29420497356962744,-0.10528652128695212
0.8145590825566423,0.4865186769648899,-1.2175158494363807,-0.26037898663089587,2.0848411157871007,-0.24818761895755742,-1.0068823554622002,0.357565130679203,0.4261847943517195,-0.20232035526982695
-0.5163904792988114,0.733379220999878,0.449364734440791,-1.0996848932620213,-0.24818761895755742,1.926731016001286,-0.2152147309744588,-0.8099942639789175,0.25343224992153346,0.20053163967959212
-0.40411677650648803,-0.46631399154636755,0.673659474955938,0.4022595605184887,-1.0068823554622002,-0.2152147309744588,1.7949707404025845,-0.21761803197251003,-0.6366691665159357,0.20292919593202596
0.37878595195056464,-0.3132870651369437,-0.39916370689113845,0.5339039841136648,0.357565130679203,-0.8099942639789175,-0.21761803197251003,1.5378282845969846,-0.1348744683598078,-0.32547329250003315
0.12796316535608998,0.2850798069913617,-0.25585108001326967,-0.29420497356962744,0.4261847943517195,0.25343224992153346,-0.6366691665159357,-0.1348744683598078,1.285192620174683,-0.1650523131218856
-0.14590573307466106,0.037999058331119134,0.17934686915550202,-0.10528652128695212,-0.20232035526982695,0.20053163967959212,0.20292919593202596,-0.32547329250003315,-0.1650523131218856,0.8869257790175069
