1.59851178964358,-0.601334025581868,0.395513214687333,-0.2587929813922445,0.1690483297123823,-0.10996525019219702,0.07082771753454445,-0.044536956371678926,0.026323423329155507,-0.01295130732113267
-0.601334025581868,1.5982855216600842,-0.6009887119294558,0.3949862222392626,-0.2579887240499723,0.16782093096474468,-0.10809208371602777,0.06796904641444726,-0.04017288399960563,0.019765338274944214
0.395513214687333,-0.6009887119294558,1.5977585292120136,-0.6001844545872292,0.3937588234882362,-0.2561155578248364,0.16496224124881465,-0.10372938886951294,0.06130891824733771,-0.030164414096273906
-0.2587929813922445,0.3949862222392626,-0.6001844545872292,1.596531130461058,-0.5983112883569238,0.39090013415541836,-0.2517528345987264,0.15830421536050013,-0.09356518822835727,0.046034723268579894
0.1690483297123823,-0.2579887240499723,0.3937588234882362,-0.5983112883569238,1.593672441120185,-0.5939485657152384,0.3842420649558541,-0.24159184230116582,0.14279235551531338,-0.07025482864593656
-0.10996525019219702,0.16782093096474468,-0.2561155578248364,0.39090013415541836,-0.5939485657152384,1.5870143728312884,-0.5837875073478476,0.368735101493775,-0.21791877604359017,0.10721778958897588
0.07082771753454445,-0.10809208371602777,0.16496224124881465,-0.2517528345987264,0.3842420649558541,-0.5837875073478476,1.5715073064172627,-0.5601219103552438,0.3326069942198302,-0.1636274384253023
-0.044536956371678926,0.06796904641444726,-0.10372938886951294,0.15830421536050013,-0.24159184230116582,0.368735101493775,-0.5601219103552438,1.5353908379709855,-0.5049861643425684,0.24975420602968318
0.026323423329155507,-0.04017288399960563,0.06130891824733771,-0.09356518822835727,0.14279235551531338,-0.21791877604359017,0.3326069942198302,-0.5049861643425684,1.4512222678638405,-0.3783436464094245
-0.01295130732113267,0.019765338274944214,-0.030164414096273906,0.046034723268579894,-0.07025482864593656,0.10721778958897588,-0.1636274384253023,0.24975420602968318,-0.3783436464094245,1.2726651739960622
