3.216574725243898,0.9699335610997638,0.37127316518697356,0.16683906560152495,0.08921207661237064,0.05464711353098008,0.03624917894587188,0.024878019283901646,0.01698996766031405,0.010643284781389109
0.9699335610997638,3.2165275848603097,0.9698679087313593,0.3711813319349594,0.16670931529176408,0.08902456674777062,0.0543627379768643,0.03577600741609117,0.023965866199743745,0.014892441152434849
0.37127316518697356,0.9698679087313593,3.2164361526920953,0.9697400211186845,0.37100065989943376,0.16644827662000033,0.08862886955183365,0.05370490916180714,0.034509432051190655,0.021056966808914713
0.16683906560152495,0.3711813319349594,0.9697400211186845,3.2162572934896265,0.9694874015325554,0.3706358685705643,0.16589592668952685,0.08771246548207055,0.05194551379737623,0.030480515825187
0.08921207661237064,0.16670931529176408,0.37100065989943376,0.9694874015325554,3.2159006958691507,0.9689731044897192,0.3698591539561527,0.16461327860115282,0.085266266136028,0.04638233337939768
0.05464711353098008,0.08902456674777062,0.16644827662000033,0.3706358685705643,0.9689731044897192,3.215161015474176,0.9678624492186632,0.36804432806078285,0.16120491775796114,0.07764001087533803
0.03624917894587188,0.0543627379768643,0.08862886955183365,0.16589592668952685,0.3698591539561527,0.9678624492186632,3.213513578182763,0.9652314677294658,0.36327177734931,0.15093203689450943
0.024878019283901646,0.03577600741609117,0.05370490916180714,0.08771246548207055,0.16461327860115282,0.36804432806078285,0.9652314677294658,3.209497596535273,0.9584722141758059,0.3500323056491882
0.01698996766031405,0.023965866199743745,0.034509432051190655,0.05194551379737623,0.085266266136028,0.16120491775796114,0.36327177734931,0.9584722141758059,3.19967769304377,0.9434177359220832
0.010643284781389109,0.014892441152434849,0.021056966808914713,0.030480515825187,0.04638233337939768,0.07764001087533803,0.15093203689450943,0.3500323056491882,0.9434177359220832,3.189602539610757
