5.313399563161571,1.2659318800067223,-2.909624058085963,-2.4736825541083216,0.5553273248505639,1.8215100924094692,0.5758350992221893,-0.6369082010213493,-0.3894871711864064,0.07469230357077393
1.2659318800067223,5.221152922797842,1.2420685618186889,-2.8024695517152893,-2.3549489373202865,0.5039491058732493,1.6176586135079447,0.4824769257698631,-0.43273757821462644,-0.09767593533115934
-2.909624058085963,1.2420685618186889,5.049262649263322,1.1367006080223625,-2.651710527358932,-2.089586934812921,0.510618072756015,1.2596373928240936,0.18581693431216229,-0.18072471816895813
-2.4736825541083216,-2.8024695517152893,1.1367006080223625,4.817907890479598,1.095186061996127,-2.368242163655416,-1.8050842618679646,0.35093161301287157,0.7418051683651701,-0.01138660259125422
0.5553273248505639,-2.3549489373202865,-2.651710527358932,1.095186061996127,4.578123522792718,0.959463139045741,-2.148889586273391,-1.4430676110466787,0.3412946538153335,0.23833325341094308
1.8215100924094692,0.5039491058732493,-2.089586934812921,-2.368242163655416,0.959463139045741,4.080952821015407,0.7460381267962485,-1.639484259559399,-0.7417064435146777,0.20699844026738107
0.5758350992221893,1.6176586135079447,0.510618072756015,-1.8050842618679646,-2.148889586273391,0.7460381267962485,3.609177202504292,0.6594103882928063,-1.0630228250097444,-0.1601239254562887
-0.6369082010213493,0.4824769257698631,1.2596373928240936,0.35093161301287157,-1.4430676110466787,-1.639484259559399,0.6594103882928063,2.8420450996571653,0.1619495282241556,-0.41205207399549837
-0.3894871711864064,-0.43273757821462644,0.18581693431216229,0.7418051683651701,0.3412946538153335,-0.7417064435146777,-1.0630228250097444,0.1619495282241556,1.653147676998074,-0.11165218008441971
0.07469230357077393,-0.09767593533115934,-0.18072471816895813,-0.01138660259125422,0.23833325341094308,0.20699844026738107,-0.1601239254562887,-0.41205207399549837,-0.11165218008441971,0.5420017561338583
