0.6014940040680972,-0.3991826022484028,0.34729613439327156,-0.302913544124941,0.26429148596556473,-0.2306740952927762,0.20142448789009001,-0.17599921836783072,0.1542972834124214,-0.14985949805774326
-0.3991826022484028,0.6017143758790112,-0.3994354549205364,0.34758625532563114,-0.3032464265715159,0.26467344144206184,-0.23111268117081646,0.20193995068542706,-0.17703934193581514,0.1719474661650774
0.34729613439327156,-0.3994354549205364,0.6020044968048225,-0.39976833711941984,0.34796820170876286,-0.30368467891634954,0.265176671010138,-0.23170411863572435,0.20313337929293263,-0.19729100593567833
-0.302913544124941,0.34758625532563114,-0.39976833711941984,0.6023864429123762,-0.40020657904049795,0.34847104859512945,-0.30426208009722966,0.26585528115576285,-0.23307344811115194,0.22636995997219855
0.26429148596556473,-0.3032464265715159,0.34796820170876286,-0.40020657904049795,0.6028892782014179,-0.40078354155203405,0.34913355410990354,-0.30504071195872184,0.2674264383910354,-0.25973489747048667
-0.2306740952927762,0.26467344144206184,-0.30368467891634954,0.34847104859512945,-0.40078354155203405,0.6035512956588097,-0.40154371262046185,0.3500269702138341,-0.30684346863148637,0.2980176109871627
0.20142448789009001,-0.23111268117081646,0.265176671010138,-0.30426208009722966,0.34913355410990354,-0.40154371262046185,0.6044241725423453,-0.40256957233154594,0.3520963439951075,-0.3419457395334474
-0.17599921836783072,0.20193995068542706,-0.23170411863572435,0.26585528115576285,-0.30504071195872184,0.3500269702138341,-0.40256957233154594,0.6056291816202917,-0.40497720834091155,0.39245414581986915
0.1542972834124214,-0.17703934193581514,0.20313337929293263,-0.23307344811115194,0.2674264383910354,-0.30684346863148637,0.3520963439951075,-0.40497720834091155,0.6096113895333548,-0.45428237299664453
-0.14985949805774326,0.1719474661650774,-0.19729100593567833,0.22636995997219855,-0.25973489747048667,0.2980176109871627,-0.3419457395334474,0.39245414581986915,-0.45428237299664453,0.776179211932851
