5.20785956812553,4.410712394258817,3.7892167622251542,3.2091015519046366,2.6692881787818994,2.164711777761667,1.689342892240496,1.2372356993027969,0.803151617836291,0.3837232910807242
4.410712394258817,5.058803636130347,4.243232940655215,3.6010400522296,2.9976802098968394,2.431782413551587,1.8979988023143395,1.390119892429159,0.9024152219174948,0.4311525908884034
3.7892167622251542,4.243232940655215,4.870623487864779,4.031797326097297,3.3634867364236514,2.7308183990231605,2.132103338428627,1.561791412266424,1.0139151083538411,0.4844365117011832
3.2091015519046366,3.6010400522296,4.031797326097297,4.633058476069725,3.7648869641819456,3.063645908147973,2.3941047143799423,1.7543471195169538,1.1390948307579658,0.5442819734743147
2.6692881787818994,2.9976802098968394,3.3634867364236514,3.7648869641819456,4.3331778614594665,3.4280081230931305,2.6853394523135297,1.9696858667180774,1.2794364570227543,0.6114492391319786
2.164711777761667,2.431782413551587,2.7308183990231605,3.063645908147973,3.4280081230931305,3.954736064149822,3.0030274615013766,2.208557044718294,1.436181629294393,0.6866894895255836
1.689342892240496,1.8979988023143395,2.132103338428627,2.3941047143799423,2.6853394523135297,3.0030274615013766,3.477493264434951,2.467612097383991,1.6094429477569232,0.7705347478722349
1.2372356993027969,1.390119892429159,1.561791412266424,1.7543471195169538,1.9696858667180774,2.208557044718294,2.467612097383991,2.876813048118766,1.7954641218360656,0.8626381900373089
0.803151617836291,0.9024152219174948,1.0139151083538411,1.1390948307579658,1.2794364570227543,1.436181629294393,1.6094429477569232,1.7954641218360656,2.1246808103469967,0.9597503322537868
0.3837232910807242,0.4311525908884034,0.4844365117011832,0.5442819734743147,0.6114492391319786,0.6866894895255836,0.7705347478722349,0.8626381900373089,0.9597503322537868,1.1959734585101367
