1.0405456416273595,0.4680924784960072,0.27763274836215923,0.15586367599336476,0.09067271585304577,0.05125277434155036,0.029101472042069775,0.01577496042440992,0.007416708122344759,0.0017991932281869222
0.4680924784960072,1.0404901055250528,0.46799479741605254,0.2774651185103081,0.1555653649388103,0.0901696259017657,0.050334411471564776,0.027610765133836777,0.012899504714829941,0.003127712731982334
0.27763274836215923,0.46799479741605254,1.0403180479450498,0.4677001640070484,0.2769391407785714,0.15468248582741828,0.0885469250156844,0.047727531813386674,0.022507450604384815,0.005461276776338451
0.15586367599336476,0.2774651185103081,0.4677001640070484,1.0398119033625166,0.4668008115959392,0.2754189612644298,0.15191666355706868,0.08403485190094324,0.039086269560929934,0.009473877257676191
0.09067271585304577,0.1555653649388103,0.2769391407785714,0.4668008115959392,1.038202885104483,0.4641087782755745,0.2704476635549622,0.1439873538982834,0.06835292734785645,0.016593781750265366
0.05125277434155036,0.0901696259017657,0.15468248582741828,0.2754189612644298,0.4641087782755745,1.033629523312062,0.4558489453316342,0.25682274647662606,0.1183058125750936,0.028653695351554535
0.029101472042069775,0.050334411471564776,0.0885469250156844,0.15191666355706868,0.2704476635549622,0.4558489453316342,1.0182221294996041,0.4316479189371971,0.20790954859136573,0.0505290312338635
0.01577496042440992,0.027610765133836777,0.047727531813386674,0.08403485190094324,0.1439873538982834,0.25682274647662606,0.4316479189371971,0.9772931903142547,0.3572394582175176,0.08637954615097196
0.007416708122344759,0.012899504714829941,0.022507450604384815,0.039086269560929934,0.06835292734785645,0.1183058125750936,0.20790954859136573,0.3572394582175176,0.8199992501086295,0.1545886374485677
0.0017991932281869222,0.003127712731982334,0.005461276776338451,0.009473877257676191,0.016593781750265366,0.028653695351554535,0.0505290312338635,0.08637954615097196,0.1545886374485677,0.44394978983740174
