2.153860550595782,-0.12551337307452645,0.04566239481087905,0.01334073823524594,0.009839999217689374,0.0024317016743582074,-0.004373539479851801,-0.01137007699643099,-0.018072667929542107,-0.02798721156749885
-0.12551337307452645,2.1495934709311477,-0.13027608147234027,0.04034645988269345,0.007407526257140156,0.0032163297246884624,-0.00495207124811456,-0.012680835371145834,-0.0201732452063047,-0.031237819988089787
0.04566239481087905,-0.13027608147234027,2.144277565659638,-0.13620947149809842,0.03372409499609941,1.4506060865732748e-05,-0.005025081578580507,-0.014224271895839904,-0.022506522038296933,-0.034867444800073574
0.01334073823524594,0.04034645988269345,-0.13620947149809842,2.1376549650985104,-0.14360107679214051,0.025472316296838167,-0.009184208707252253,-0.015374337354577708,-0.025191182561089015,-0.03890833751654521
0.009839999217689374,0.007407526257140156,0.03372409499609941,-0.14360107679214051,2.129405059248565,-0.1528110354508723,0.015205447744369875,-0.020735094132792193,-0.0276154739858454,-0.04349208359546784
0.0024317016743582074,0.0032163297246884624,1.4506060865732748e-05,0.025472316296838167,-0.1528110354508723,2.1191233076092235,-0.1642725683591529,0.0023095994954636834,-0.03439528701372872,-0.04808498797861617
-0.004373539479851801,-0.00495207124811456,-0.005025081578580507,-0.009184208707252253,0.015205447744369875,-0.1642725683591529,2.1063457317023704,-0.1786428243859171,-0.01295707740788353,-0.05693683552142999
-0.01137007699643099,-0.012680835371145834,-0.014224271895839904,-0.015374337354577708,-0.020735094132792193,0.0023095994954636834,-0.1786428243859171,2.090139172702373,-0.19554167040993523,-0.04029235146780542
-0.018072667929542107,-0.0201732452063047,-0.022506522038296933,-0.025191182561089015,-0.0276154739858454,-0.03439528701372872,-0.01295707740788353,-0.19554167040993523,2.0702729175209855,-0.21056316361173882
-0.02798721156749885,-0.031237819988089787,-0.034867444800073574,-0.03890833751654521,-0.04349208359546784,-0.04808498797861617,-0.05693683552142999,-0.04029235146780542,-0.21056316361173882,1.9432294708689366
