2.9820936117536045,-0.38921406467163366,-1.733200069022157,0.8767544650711734,1.0078804730451627,-0.9390494868431148,-0.3827540455726993,0.6617284829226544,0.025472293956265556,-0.20863414369121214
-0.38921406467163366,2.7620825093288195,-0.3352238262054646,-1.5274023712973352,0.7413763011530636,0.848265500524198,-0.7376972360251607,-0.29629311819786736,0.4207366463704718,0.029754856941949896
-1.733200069022157,-0.3352238262054646,2.557646974865108,-0.3116455362858592,-1.3258710658692607,0.6389902729264241,0.6802632385929438,-0.5670929339444558,-0.18927506886259565,0.20346461625617662
0.8767544650711734,-1.5274023712973352,-0.3116455362858592,2.336439834196611,-0.2502296123062107,-1.1217181624589274,0.4965973869968998,0.5250612511404709,-0.36022206579386656,-0.10949999255144371
1.0078804730451627,0.7413763011530636,-1.3258710658692607,-0.2502296123062107,2.1049678789021424,-0.22382734145660924,-0.8934205112692224,0.3809299171728818,0.33462298979570926,-0.16723799979473059
-0.9390494868431148,0.848265500524198,0.6389902729264241,-1.1217181624589274,-0.22382734145660924,1.884361439929613,-0.16555424116942466,-0.6886688450371645,0.24154365063081262,0.17763898771510422
-0.3827540455726993,-0.7376972360251607,0.6802632385929438,0.4965973869968998,-0.8934205112692224,-0.16555424116942466,1.6265249913246822,-0.12569767570180362,-0.43841627341165995,0.10350470239693942
0.6617284829226544,-0.29629311819786736,-0.5670929339444558,0.5250612511404709,0.3809299171728818,-0.6886688450371645,-0.12569767570180362,1.4000882908361736,-0.07902990021783371,-0.22315980983062728
0.025472293956265556,0.4207366463704718,-0.18927506886259565,-0.36022206579386656,0.33462298979570926,0.24154365063081262,-0.43841627341165995,-0.07902990021783371,1.1241244768952423,-0.020190282978801388
-0.20863414369121214,0.029754856941949896,0.20346461625617662,-0.10949999255144371,-0.16723799979473059,0.17763898771510422,0.10350470239693942,-0.22315980983062728,-0.020190282978801388,0.8795072397869246
