2.8640071935437557,-1.736772947046486,1.2776472488080042,-0.925784828981493,0.6652922994311115,-0.47346756280113,0.3311725064885152,-0.2236642701707357,0.13967561517890803,-0.07035856380127564
-1.736772947046486,2.860804542221118,-1.7323491725118851,1.271536751963491,-0.917344473064517,0.6536336764564221,-0.4573632908692,0.30892615685716995,-0.19292781702898332,0.0971843566352979
1.2776472488080042,-1.7323491725118851,2.8546940483982963,-1.7239088343181674,1.259878214226176,-0.9012405913054751,0.6313890873833132,-0.4266347473692953,0.26647038660594946,-0.13423542892062693
-0.925784828981493,1.271536751963491,-1.7239088343181674,2.84303552937662,-1.707805062332792,1.237634153093189,-0.8705144644440923,0.5889442216131214,-0.3679913497105011,0.18540011607575932
0.6652922994311115,-0.917344473064517,1.259878214226176,-1.707805062332792,2.8207915841638695,-1.6770796153835184,1.1951925572591602,-0.8118860348723373,0.5079414908575677,-0.2560130541776362
-0.47346756280113,0.6536336764564221,-0.9012405913054751,1.237634153093189,-1.6770796153835184,2.778350706312351,-1.618455397026446,1.114210079714277,-0.7000004481279684,0.3532802917028761
0.3311725064885152,-0.4573632908692,0.6313890873833132,-0.8705144644440923,1.1951925572591602,-1.618455397026446,2.6973726757812004,-1.5065958935491173,0.9596743241529802,-0.4864263113731601
-0.2236642701707357,0.30892615685716995,-0.4266347473692953,0.5889442216131214,-0.8118860348723373,1.114210079714277,-1.5065958935491173,2.5428644639704534,-1.2931833103770096,0.6649233224005163
0.13967561517890803,-0.19292781702898332,0.26647038660594946,-0.3679913497105011,0.5079414908575677,-0.7000004481279684,0.9596743241529802,-1.2931833103770096,2.2482840616898834,-0.8871948311828325
-0.07035856380127564,0.0971843566352979,-0.13423542892062693,0.18540011607575932,-0.2560130541776362,0.3532802917028761,-0.4864263113731601,0.6649233224005163,-0.8871948311828325,1.6926397574769962
