1.1965856966455242,-0.2800941917546201,0.09398161782314807,-0.0381367055940064,0.017374569370666594,-0.008294190829644455,0.003883140108495566,-0.0015113499879078963,4.364621472646632e-05,0.0006546228408532642
-0.2800941917546201,1.196569926501907,-0.2800629648223073,0.09391983502615496,-0.0380147264021144,0.017135067073603252,-0.007830726571630784,0.003021307604899572,-9.201203974340067e-05,-0.0012957723952120568
0.09398161782314807,-0.2800629648223073,1.1965080931132883,-0.27994062680828335,0.09367830008710591,-0.037540479167630224,0.016217339445583956,-0.006124144101005181,0.00021061803160202626,0.002561316292204097
-0.0381367055940064,0.09391983502615496,-0.27994062680828335,1.1962660458629701,-0.27946274599572396,0.09273998910400139,-0.03572470391483805,0.012840633229106533,-0.000562061525235708,-0.005044672297029929
0.017374569370666594,-0.0380147264021144,0.09367830008710591,-0.27946274599572396,1.1953225470086921,-0.2776101756613201,0.08915484750660448,-0.02905689105115766,0.0018536293805196042,0.009842515675657384
-0.008294190829644455,0.017135067073603252,-0.037540479167630224,0.09273998910400139,-0.2776101756613201,1.1916848709289538,-0.2705697609151991,0.07605714266494863,-0.00745524161394766,-0.018723849647064732
0.003883140108495566,-0.007830726571630784,0.016217339445583956,-0.03572470391483805,0.08915484750660448,-0.2705697609151991,1.1780551806654427,-0.2451949940743247,0.03410585146359266,0.03312998803135934
-0.0015113499879078963,0.003021307604899572,-0.006124144101005181,0.012840633229106533,-0.02905689105115766,0.07605714266494863,-0.2451949940743247,1.1307167898591406,-0.16640165112432204,-0.04536983608190783
4.364621472646632e-05,-9.201203974340067e-05,0.00021061803160202626,-0.000562061525235708,0.0018536293805196042,-0.00745524161394766,0.03410585146359266,-0.16640165112432204,0.9966891522763679,-0.013701178667901416
0.0006546228408532642,-0.0012957723952120568,0.002561316292204097,-0.005044672297029929,0.009842515675657384,-0.018723849647064732,0.03312998803135934,-0.04536983608190783,-0.013701178667901416,0.7184609168527396
