4.197612105853349,3.1814346875291997,2.20711986371209,1.480119301311234,0.9778710996521309,0.6378641604345096,0.4069928113830974,0.24689081643064884,0.13155009614660063,0.04722505297262622
3.1814346875291997,4.194715552859907,3.177053325178802,2.200494019681981,1.470105290627886,0.9627620021021646,0.6151751589473144,0.3733730635587721,0.19898160988991048,0.0714376568494739
2.20711986371209,3.177053325178802,4.188088249203571,3.1670309900887164,2.1853466998547,1.4472510725978927,0.9284423012697409,0.5643213687438376,0.3009044166867658,0.10805234614655933
1.480119301311234,2.200494019681981,3.1670309900887164,4.172931676658798,3.1441240028069646,2.1507847041611714,1.39534995810863,0.8515365818632586,0.4547260929336187,0.16338376002661992
0.9778710996521309,1.470105290627886,2.1853466998547,3.1441240028069646,4.1383110270582515,3.0918883787221527,2.07234305325498,1.2791155882886922,0.6858888760320699,0.2468406177821848
0.6378641604345096,0.9627620021021646,1.4472510725978927,2.1507847041611714,3.0918883787221527,4.0594975631348085,2.9735335189239507,1.89695892313052,1.0291442283085592,0.37205273345047674
0.4069928113830974,0.6151751589473144,0.9284423012697409,1.39534995810863,2.07234305325498,2.9735335189239507,3.881756472889144,2.7101201596476754,1.5214026074575184,0.5571095971660169
0.24689081643064884,0.3733730635587721,0.5643213687438376,0.8515365818632586,1.2791155882886922,1.89695892313052,2.7101201596476754,3.4912591498947183,2.1528753426850864,0.8187767714771517
0.13155009614660063,0.19898160988991048,0.3009044166867658,0.4547260929336187,0.6858888760320699,1.0291442283085592,1.5214026074575184,2.1528753426850864,2.6939207654199717,1.1379989808353563
0.04722505297262622,0.0714376568494739,0.10805234614655933,0.16338376002661992,0.2468406177821848,0.37205273345047674,0.5571095971660169,0.8187767714771517,1.1379989808353563,1.3599866212800187
