2.6416968643798233,-1.275852041843929,1.1303185743362358,-0.9746530109367331,0.8250552900775247,-0.6800843120071337,0.5389445762116994,-0.4008389150762884,0.26503178270460137,-0.129551654575715
-1.275852041843929,2.5735654037261178,-1.2024119091210674,1.05115612804832,-0.889322379511124,0.733075858456873,-0.5809380744933405,0.4320715114405248,-0.2856825482508893,0.13964606974963473
1.1303185743362358,-1.2024119091210674,2.4944029574406192,-1.1170812776290986,0.9591766983238601,-0.7901760878980933,0.6262043372517968,-0.4657376665468934,0.3079423825125398,-0.150527022261456
-0.9746530109367331,1.05115612804832,-1.1170812776290986,2.40242352764182,-1.01793498805698,0.8523051188009747,-0.674977343785922,0.5020277355997235,-0.33193663518527494,0.16225579853749236
0.8250552900775247,-0.889322379511124,0.9591766983238601,-1.01793498805698,2.2955519504052457,-0.9027361811760934,0.7281303107262962,-0.5411251408252524,0.3578011859792828,-0.17489843217300907
-0.6800843120071337,0.733075858456873,-0.7901760878980933,0.8523051188009747,-0.9027361811760934,2.171377072014553,-0.7688859086814418,0.5838485992278701,-0.38566073190274064,0.18852690518658388
0.5389445762116994,-0.5809380744933405,0.6262043372517968,-0.674977343785922,0.7281303107262962,-0.7688859086814418,2.0270975231010304,-0.6133621278404097,0.4162708344550539,-0.203195890977025
-0.4008389150762884,0.4320715114405248,-0.4657376665468934,0.5020277355997235,-0.5411251408252524,0.5838485992278701,-0.6133621278404097,1.8594532475409222,-0.43272328368237883,0.2196182013949147
0.26503178270460137,-0.2856825482508893,0.3079423825125398,-0.33193663518527494,0.3578011859792828,-0.38566073190274064,0.4162708344550539,-0.43272328368237883,1.6648461687703824,-0.21990568959795573
-0.129551654575715,0.13964606974963473,-0.150527022261456,0.16225579853749236,-0.17489843217300907,0.18852690518658388,-0.203195890977025,0.2196182013949147,-0.21990568959795573,1.4594749986383793
