5.4850536729243755,-4.349504167813147,3.457491134780858,-2.7262250098840437,2.120009476169674,-1.6114289606064809,1.1769654849883076,-0.7966859682992827,0.452951523816288,-0.13053352612002134
-4.349504167813147,5.432437524149281,-4.284326528871935,3.376753214906573,-2.6262114930488454,1.9961206472432098,-1.4579558229170633,0.9868841775295842,-0.5610884566279678,0.16169679797064732
3.457491134780858,-4.284326528871935,5.351699486173254,-4.184313374870301,3.252862640599074,-2.472745655120599,1.8060075927982364,-1.2224948264362951,0.6950405148485946,-0.20030007318287796
-2.7262250098840437,3.376753214906573,-4.184313374870301,5.227809542545211,-4.030845599361165,3.062758906727647,-2.2372456769163427,1.514333463367787,-0.8609774331942082,0.24811876976951835
2.120009476169674,-2.6262114930488454,3.252862640599074,-4.030845599361165,5.037702440759194,-3.795355968103989,2.7710350041591214,-1.875936451411581,1.0665063875334626,-0.30735637566659757
-1.6114289606064809,1.9961206472432098,-2.472745655120599,3.062758906727647,-3.795355968103989,4.745996523315411,-3.433991488486039,2.3234737236926186,-1.3212037496829017,0.3807242842667791
1.1769654849883076,-1.4579558229170633,1.8060075927982364,-2.2372456769163427,2.7710350041591214,-3.433991488486039,4.298339199821864,-2.8795538512822496,1.6362722367927836,-0.47165944776813873
-0.7966859682992827,0.9868841775295842,-1.2224948264362951,1.514333463367787,-1.875936451411581,2.3234737236926186,-2.8795538512822496,3.611650595828094,-2.028433864430669,0.5840820326512863
0.452951523816288,-0.5610884566279678,0.6950405148485946,-0.8609774331942082,1.0665063875334626,-1.3212037496829017,1.6362722367927836,-2.028433864430669,2.556721526790046,-0.7243022520561909
-0.13053352612002134,0.16169679797064732,-0.20030007318287796,0.24811876976951835,-0.30735637566659757,0.3807242842667791,-0.47165944776813873,0.5840820326512863,-0.7243022520561909,0.9444504458226899
