1.382791885746093,0.5707544251085102,0.09384259232752382,0.032744185537313675,0.006582716516798426,0.001961550161079229,0.00043850253509347746,0.00012045681777190073,2.8001312091555946e-05,5.868297724912715e-06
0.5707544251085102,1.382791885635799,0.5707544246623718,0.09384259060084657,0.032744178435534205,0.0065826896620185095,0.001961436162321353,0.0004380902055950767,0.00011859866354039409,2.1832734064094866e-05
0.09384259232752382,0.5707544246623718,1.3827918838173872,0.5707544176987297,0.09384256154316412,0.032744070757970575,0.006582219908764838,0.0019598019417663352,0.0004303356634307328,9.473743256552565e-05
0.032744185537313675,0.09384259060084657,0.5707544176987297,1.382791856754595,0.5707543070171854,0.09384213969497361,0.03274229907459007,0.006575714122982763,0.0019310709734083244,0.00033212282092053887
0.006582716516798426,0.032744178435534205,0.09384256154316412,0.5707543070171854,1.382791391524848,0.570752600659384,0.09383459214950335,0.032716557419275635,0.0064503454023014,0.0015600691763969182
0.001961550161079229,0.0065826896620185095,0.032744070757970575,0.09384213969497361,0.570752600659384,1.3827847873693515,0.5707254384119564,0.09373187788695193,0.03228054901090362,0.004873244211962677
0.00043850253509347746,0.001961436162321353,0.006582219908764838,0.03274229907459007,0.09383459214950335,0.5707254384119564,1.382661557829718,0.570320322679615,0.09166212519649208,0.02658747689726907
0.00012045681777190073,0.0004380902055950767,0.0019598019417663352,0.006575714122982763,0.032716557419275635,0.09373187788695193,0.570320322679615,1.3810379372856065,0.5639554479961773,0.06593879206680378
2.8001312091555946e-05,0.00011859866354039409,0.0004303356634307328,0.0019310709734083244,0.0064503454023014,0.03228054901090362,0.09166212519649208,0.5639554479961773,1.345612863779254,0.47888714121235276
5.868297724912715e-06,2.1832734064094866e-05,9.473743256552565e-05,0.00033212282092053887,0.0015600691763969182,0.004873244211962677,0.02658747689726907,0.06593879206680378,0.47888714121235276,0.9143236278085978
