2.121485350882712,0.14100522867627158,0.14245656344387414,0.08272444632005188,0.050089145082110834,0.030015005791562573,0.01769310431454087,0.009928219366456943,0.004714747692603388,0.000821083911049258
0.14100522867627158,2.121422095809276,0.14090070346351624,0.14228384181077205,0.08243903406240961,0.049617520581331426,0.029235638671104795,0.016405854855337472,0.0077908335530198995,0.0013567921040614007
0.14245656344387414,0.14090070346351624,2.1212493741680225,0.14061529133028172,0.14181221518333703,0.08165970287826696,0.04832966318652601,0.027108536191945178,0.012873953050958141,0.0022420137611757996
0.08272444632005188,0.14228384181077205,0.14061529133028172,2.120777747768421,0.13983595666874632,0.1405244172319088,0.07953159592243733,0.044814754140784785,0.02127228099280849,0.0037048567234719094
0.050089145082110834,0.08243903406240961,0.14181221518333703,0.13983595666874632,2.1194899434486985,0.13770794691152793,0.13700784665004728,0.07372341743003473,0.035170683416046025,0.006120978441841015
0.030015005791562573,0.049617520581331426,0.08165970287826696,0.1405244172319088,0.13770794691152793,2.115973550870704,0.13189705156468373,0.12741021847969786,0.057787326655926334,0.010132732299831134
0.01769310431454087,0.029235638671104795,0.04832966318652601,0.07953159592243733,0.13700784665004728,0.13189705156468373,2.1063709472115892,0.11603690115601588,0.10107412474004303,0.016436163754570916
0.009928219366456943,0.016405854855337472,0.027108536191945178,0.044814754140784785,0.07372341743003473,0.12741021847969786,0.11603690115601588,2.0801739262280234,0.07256308530169145,0.032362393581470306
0.004714747692603388,0.0077908335530198995,0.012873953050958141,0.02127228099280849,0.035170683416046025,0.057787326655926334,0.10107412474004303,0.07256308530169145,2.007574892253923,-0.03452714101795891
0.000821083911049258,0.0013567921040614007,0.0022420137611757996,0.0037048567234719094,0.006120978441841015,0.010132732299831134,0.016436163754570916,0.032362393581470306,-0.03452714101795891,1.7214806062126222
