0.16278711854729444,0.0058668361708524505,0.0035776340574574916,0.00202542177771048,0.0011525800802120183,0.0006532933591841495,0.0003663847044475789,0.0001985571472353503,9.51590797043489e-05,2.478036088172488e-05
0.0058668361708524505,0.16278650781940432,0.005865764154427416,0.0035757523369758367,0.0020221187749170115,0.0011467823103732079,0.0006431160329671973,0.0003485293556286082,0.00016703362349026124,4.3497201204351676e-05
0.0035776340574574916,0.005865764154427416,0.16278462609886374,0.005862461152720274,0.003569954545023267,0.002011941894842703,0.0011289179536862603,0.0006117743708065405,0.0002931958169654429,7.63510439600121e-05
0.00202542177771048,0.0035757523369758367,0.005862461152720274,0.16277882830899956,0.005852284234148191,0.0035520909720141497,0.0019805844220684723,0.001073903640100214,0.0005146468946078245,0.0001340197743114219
0.0011525800802120183,0.0020221187749170115,0.003569954545023267,0.005852284234148191,0.1627609646619803,0.005820928125676275,0.003497048886083252,0.0018840172498562607,0.0009034147484878075,0.000235244817421998
0.0006532933591841495,0.0011467823103732079,0.002011941894842703,0.0035520909720141497,0.005820928125676275,0.1627059251988556,0.005724312604674644,0.0033275442039363253,0.0015847588555310994,0.0004129548165219674
0.0003663847044475789,0.0006431160329671973,0.0011289179536862603,0.0019805844220684723,0.003497048886083252,0.005724312604674644,0.16253632756846542,0.005426767617569743,0.002802205392382233,0.0007243108797665812
0.0001985571472353503,0.0003485293556286082,0.0006117743708065405,0.001073903640100214,0.0018840172498562607,0.0033275442039363253,0.005426767617569743,0.1620142827006275,0.00450559910799898,0.0012825463685542506
9.51590797043489e-05,0.00016703362349026124,0.0002931958169654429,0.0005146468946078245,0.0009034147484878075,0.0015847588555310994,0.002802205392382233,0.00450559910799898,0.16037789134463182,0.0020260206775715417
2.478036088172488e-05,4.3497201204351676e-05,7.63510439600121e-05,0.0001340197743114219,0.000235244817421998,0.0004129548165219674,0.0007243108797665812,0.0012825463685542506,0.0020260206775715417,0.15223202779833395
