1.5993423137451883,0.3181882315980825,0.28654527517379885,0.1894073832394778,0.1300699238810523,0.08712472472170157,0.056223701701941436,0.033021943428377096,0.01396172413533974,3.230792046546305e-05
0.3181882315980825,1.5983945793298813,0.3168197247685869,0.2845691946204607,0.18655388016172317,0.1259503258503692,0.08116919149825158,0.04768477301447499,0.02016018088194242,4.667003608833879e-05
0.28654527517379885,0.3168197247685869,1.5964184867535776,0.3139663096250031,0.2804488014089005,0.1806052747957181,0.11735067192075493,0.06883917459945846,0.02911267389979392,6.723120997317473e-05
0.1894073832394778,0.2845691946204607,0.3139663096250031,1.5922982455855215,0.30801659223555017,0.2718592034083081,0.1681876475874428,0.0995465096899113,0.04202172155457744,9.847446785646104e-05
0.1300699238810523,0.18655388016172317,0.2804488014089005,0.30801659223555017,1.5837067248290753,0.2956130277759953,0.2539278729929663,0.14247812241038355,0.06082091123016413,0.00012998441048146892
0.08712472472170157,0.1259503258503692,0.1806052747957181,0.2718592034083081,0.2956130277759953,1.56579970975751,0.26972566381149554,0.21681045485284728,0.08657542962019193,0.0002946304575460666
0.056223701701941436,0.08116919149825158,0.11735067192075493,0.1681876475874428,0.2539278729929663,0.26972566381149554,1.5283747975890651,0.21607193635140454,0.13594698085344098,-0.0005110885303038035
0.033021943428377096,0.04768477301447499,0.06883917459945846,0.0995465096899113,0.14247812241038355,0.21681045485284728,0.21607193635140454,1.4513999207785553,0.10054479999387944,0.007463948378895859
0.01396172413533974,0.02016018088194242,0.02911267389979392,0.04202172155457744,0.06082091123016413,0.08657542962019193,0.13594698085344098,0.10054479999387944,1.2737413378719458,-0.06105347363730054
3.230792046546305e-05,4.667003608833879e-05,6.723120997317473e-05,9.847446785646104e-05,0.00012998441048146892,0.0002946304575460666,-0.0005110885303038035,0.007463948378895859,-0.06105347363730054,0.8308389347187006
