0.565829701518373,-0.4170633579996017,0.3270712797716796,-0.253795463208509,0.1978051145461914,-0.1528714120070932,0.11804339404373913,-0.08961547858134061,0.06789925520120511,-0.0481429955248222
-0.4170633579996017,0.5651663267404844,-0.4162422728359616,0.3259671161953723,-0.2524849251004344,0.19593142204336347,-0.15085076765061228,0.11473403643896078,-0.0867684995867469,0.06159306852776292
0.3270712797716796,-0.4162422728359616,0.5641520544658233,-0.41487431745841297,0.32435078693946734,-0.25015892945707124,0.19344894689196182,-0.14672596932419785,0.11127409096200452,-0.07885188446982958
-0.253795463208509,0.3259671161953723,-0.41487431745841297,0.5623150367332288,-0.4126892846168321,0.321236469753529,-0.246783786649301,0.18795895595237402,-0.14194647645002786,0.10084869617932009
0.1978051145461914,-0.2524849251004344,0.32435078693946734,-0.4126892846168321,0.559742522845848,-0.40896806977066125,0.31729768848113526,-0.24016384501733518,0.1825174431755561,-0.12916984502912637
-0.1528714120070932,0.19593142204336347,-0.25015892945707124,0.321236469753529,-0.40896806977066125,0.5544735823429808,-0.4031977555173269,0.30804786397437567,-0.23190562444759158,0.16508344037981754
0.11804339404373913,-0.15085076765061228,0.19344894689196182,-0.246783786649301,0.31729768848113526,-0.4031977555173269,0.5484893776342629,-0.3928536493445269,0.29996349233368647,-0.21167405080629223
-0.08961547858134061,0.11473403643896078,-0.14672596932419785,0.18795895595237402,-0.24016384501733518,0.30804786397437567,-0.3928536493445269,0.5323877157165553,-0.3777430485655264,0.27008471925154837
0.06789925520120511,-0.0867684995867469,0.11127409096200452,-0.14194647645002786,0.1825174431755561,-0.23190562444759158,0.29996349233368647,-0.3777430485655264,0.5221918657427717,-0.3471581359881207
-0.0481429955248222,0.06159306852776292,-0.07885188446982958,0.10084869617932009,-0.12916984502912637,0.16508344037981754,-0.21167405080629223,0.27008471925154837,-0.3471581359881207,0.4683735467179696
