1.980770570922897,-0.9380875239602925,0.5873536996593485,-0.3734997663535533,0.2374833293758909,-0.1505955921158825,0.09484764267806496,-0.058711891826899384,0.03472631126861708,-0.018180886782093952
-0.9380875239602925,1.9805909137161684,-0.9378055140001423,0.5869110254198138,-0.37280489560515884,0.23639258384681044,-0.14888346145568276,0.09216072569864324,-0.05451028571657297,0.028538744711961463
0.5873536996593485,-0.9378055140001423,1.980148239475196,-0.9371106432130265,0.5858202789052025,-0.3710927399461079,0.23370503288213534,-0.1446657773221672,0.0855654168142022,-0.044797592145129614
-0.3734997663535533,0.5869110254198138,-0.9371106432130265,1.9790574929033458,-0.9353984860125376,0.583132688708276,-0.36687406065243444,0.22708448616338747,-0.1343130460162924,0.07031929149978132
0.2374833293758909,-0.37280489560515884,0.5858202789052025,-0.9353984860125376,1.9763699004278426,-0.931179745356939,0.5765105802228248,-0.3564817137765728,0.21083368719589043,-0.11038103542668136
-0.1505955921158825,0.23639258384681044,-0.3710927399461079,0.583132688708276,-0.931179745356939,1.9697477012362783,-0.9207849557711099,0.56019761007851,-0.33097267724513646,0.17326748194310693
0.09484764267806496,-0.14888346145568276,0.23370503288213534,-0.36687406065243444,0.5765105802228248,-0.9207849557711099,1.9534311202416514,-0.8951786792658908,0.5201564799740115,-0.2720082268134765
-0.058711891826899384,0.09216072569864324,-0.1446657773221672,0.22708448616338747,-0.3564817137765728,0.56019761007851,-0.8951786792658908,1.913246248557365,-0.8323432770521625,0.4276918537627665
0.03472631126861708,-0.05451028571657297,0.0855654168142022,-0.1343130460162924,0.21083368719589043,-0.33097267724513646,0.5201564799740115,-0.8323432770521625,1.8150595236783276,-0.6895473903031246
-0.018180886782093952,0.028538744711961463,-0.044797592145129614,0.07031929149978132,-0.11038103542668136,0.17326748194310693,-0.2720082268134765,0.4276918537627665,-0.6895473903031246,1.6504288172621728
