5.661514263416564,-4.437715573547326,3.9674675606850514,-3.4177749104501642,2.9167609772750964,-2.420300859451842,1.938951398583817,-1.4668572722629016,1.000555079423649,-0.5449879575666461
-4.437715573547326,5.422696174511065,-4.181409785708416,3.6924023173409144,-3.122549559789402,2.599984625023022,-2.0801282537149497,1.5745086834687962,-1.0737334954897548,0.5849178442069707
3.9674675606850514,-4.181409785708416,5.147622134304728,-3.886202605947334,3.375558797561366,-2.782576907384574,2.2349026204332505,-1.6889985724753298,1.1525988821320323,-0.6276580813725946
-3.4177749104501642,3.6924023173409144,-3.886202605947334,4.830808248033397,-3.546168742227291,3.010703056545146,-2.3907736542991875,1.8151463585601357,-1.2362057578763186,0.6738829798393738
2.9167609772750964,-3.122549559789402,3.375558797561366,-3.546168742227291,4.465852682239963,-3.1545716883492148,2.590184592955792,-1.9402498643107027,1.329175945744998,-0.7223769958627729
-2.420300859451842,2.599984625023022,-2.782576907384574,3.010703056545146,-3.1545716883492148,4.045670492913942,-2.703353286376873,2.1067817673449025,-1.4187775632811896,0.7779224843782103
1.938951398583817,-2.0801282537149497,2.2349026204332505,-2.3907736542991875,2.590184592955792,-2.703353286376873,3.561134878597312,-2.1842208867194897,1.5468790154937693,-0.8265462223749032
-1.4668572722629016,1.5745086834687962,-1.6889985724753298,1.8151463585601357,-1.9402498643107027,2.1067817673449025,-2.1842208867194897,3.005048090058789,-1.5841072481296905,0.9132215172483492
1.000555079423649,-1.0737334954897548,1.1525988821320323,-1.2362057578763186,1.329175945744998,-1.4187775632811896,1.5468790154937693,-1.5841072481296905,2.3585359650595983,-0.8979801567022578
-0.5449879575666461,0.5849178442069707,-0.6276580813725946,0.6738829798393738,-0.7223769958627729,0.7779224843782103,-0.8265462223749032,0.9132215172483492,-0.8979801567022578,1.6412406395846677
