2.1571606088376685,0.6820254059519366,0.39615851549445813,0.24577490701626323,0.1534028160898409,0.09555182860104529,0.05909496628443289,0.035861096645575755,0.02062774528679402,0.009634092173526343
0.6820254059519366,2.157053300123184,0.6818539285808425,0.3958844977406231,0.2453370309801843,0.15270308785782236,0.094433515397391,0.057305432181813984,0.03296276416287422,0.015395103763111356
0.39615851549445813,0.6818539285808425,2.1567792824076744,0.6814160532015092,0.39518477981097966,0.2442188780111237,0.15091604372866751,0.09157387249750637,0.052673949657863976,0.024601098160585647
0.24577490701626323,0.3958844977406231,0.6814160532015092,2.1560795654296325,0.6802979165390679,0.3933979914838773,0.2413632136440711,0.1463463858141831,0.08417284659139726,0.03931215532240189
0.1534028160898409,0.2453370309801843,0.39518477981097966,0.6802979165390679,2.154292800730252,0.6774426570559999,0.3888346849872769,0.23406097242066248,0.1345196609847514,0.06282087169056602
0.09555182860104529,0.15270308785782236,0.2442188780111237,0.3933979914838773,0.6774426570559999,2.149730080896406,0.6701504688691355,0.3771656622120626,0.21516176439352935,0.10039848697359177
0.05909496628443289,0.094433515397391,0.15091604372866751,0.2413632136440711,0.3888346849872769,0.6701504688691355,2.1380756246200585,0.6515008719592426,0.34696013953392424,0.16061954088002858
0.035861096645575755,0.057305432181813984,0.09157387249750637,0.1463463858141831,0.23406097242066248,0.3771656622120626,0.6515008719592426,2.108231779733568,0.603156348969111,0.25953525488607904
0.02062774528679402,0.03296276416287422,0.052673949657863976,0.08417284659139726,0.1345196609847514,0.21516176439352935,0.34696013953392424,0.603156348969111,2.0297871467001793,0.4592980204351316
0.009634092173526343,0.015395103763111356,0.024601098160585647,0.03931215532240189,0.06282087169056602,0.10039848697359177,0.16061954088002858,0.25953525488607904,0.4592980204351316,1.7353444714712944
