2.7536470934472703,0.6612806249427712,0.8207276315530339,0.29216082915618324,0.34672628691979945,0.12721799910905832,0.14292649673920582,0.05172153009714198,0.05033332385960482,0.012758026393227734
0.6612806249427712,2.7531598311123826,0.6606892197683096,0.8195895600310695,0.29080034245100383,0.34406712462712397,0.1240903305322252,0.1367106920592521,0.04453631029316008,0.03579762060177867
0.8207276315530339,0.6606892197683096,2.7517475541713052,0.6593423208037159,0.8162727862281713,0.2877378139448479,0.3362725939457222,0.1171394033983935,0.11838108523411722,0.02879164851377761
0.29216082915618324,0.8195895600310695,0.6593423208037159,2.7490877185633655,0.6562472389446654,0.810053753652923,0.2806308249775613,0.32172528074950224,0.10083342592977952,0.08433681174391697
0.34672628691979945,0.29080034245100383,0.8162727862281713,0.6562472389446654,2.741294801002943,0.6492182409264982,0.7917318801822751,0.26469873865779225,0.2786194316076632,0.06479954678572525
0.12721799910905832,0.34406712462712397,0.2877378139448479,0.810053753652923,0.6492182409264982,2.7267436231100004,0.6330993047862431,0.7576690792101812,0.2277690953919796,0.19884214403991385
0.14292649673920582,0.1240903305322252,0.3362725939457222,0.2806308249775613,0.7917318801822751,0.6330993047862431,2.6836470329641995,0.5966173141751283,0.6562265606605987,0.14539275685277053
0.05172153009714198,0.1367106920592521,0.1171394033983935,0.32172528074950224,0.26469873865779225,0.7576690792101812,0.5966173141751283,2.6038475628000444,0.5131684945452947,0.46917905758473977
0.05033332385960482,0.04453631029316008,0.11838108523411722,0.10083342592977952,0.2786194316076632,0.2277690953919796,0.6562265606605987,0.5131684945452947,2.3649478928862324,0.3250810002679917
0.012758026393227734,0.03579762060177867,0.02879164851377761,0.08433681174391697,0.06479954678572525,0.19884214403991385,0.14539275685277053,0.46917905758473977,0.3250810002679917,1.926141959175371
