5.380470996564774,4.198926635067893,3.1516630578082707,2.335087808708995,1.7142357956078844,1.2390622912808413,0.8693519534672277,0.5737305055785268,0.3280091430723059,0.12327420529018654
4.198926635067893,5.362618087584583,4.17504989367892,3.1197299593838714,2.2923800771450753,1.6571186100339155,1.1626822873788316,0.76731543511218,0.43868421802890323,0.16486872591663795
3.1516630578082707,4.17504989367892,5.330684984694267,4.132342101146397,3.062612015020133,2.2159907183952163,1.5549668765270623,1.026217156468465,0.5867025563710105,0.2204978388381194
2.335087808708995,3.1197299593838714,4.132342101146397,5.273566966778315,4.055951738263379,2.9604477844909485,2.079371516163474,1.3724564414634537,0.7846628855764943,0.29489693253015214
1.7142357956078844,2.2923800771450753,3.062612015020133,4.055951738263379,5.171401524867962,3.9193159982829413,2.7777315275075236,1.835279740391268,1.0493986781218463,0.39439818465780796
1.2390622912808413,1.6571186100339155,2.2159907183952163,2.9604477844909485,3.9193159982829413,4.988665316828099,3.674951851133318,2.4512839436507976,1.403223154002213,0.5274580253258079
0.8693519534672277,1.1626822873788316,1.5549668765270623,2.079371516163474,2.7777315275075236,3.674951851133318,4.66188914551832,3.2384093961656153,1.8735140422742371,0.705234529550506
0.5737305055785268,0.76731543511218,1.026217156468465,1.3724564414634537,1.835279740391268,2.4512839436507976,3.2384093961656153,4.07870751496165,2.4665399656771445,0.940782817108788
0.3280091430723059,0.43868421802890323,0.5867025563710105,0.7846628855764943,1.0493986781218463,1.403223154002213,1.8735140422742371,2.4665399656771445,3.0568468588132918,1.2285612017759064
0.12327420529018654,0.16486872591663795,0.2204978388381194,0.29489693253015214,0.39439818465780796,0.5274580253258079,0.705234529550506,0.940782817108788,1.2285612017759064,1.5177702906346406
