1.7440774693726748,0.828901690723939,0.6201413811724942,0.4212780325594424,0.3158859063192646,0.20986568900548874,0.15493279088361878,0.09644331623772767,0.06408969958642163,0.028195732138210763
0.828901690723939,1.7429933117707122,0.8271072332231334,0.6179967388179545,0.4178306432944121,0.31165613901058764,0.20322920844309988,0.14661080200380075,0.08364535916392166,0.0477484757903177
0.6201413811724942,0.8271072332231334,1.7397794711987138,0.8235272839254374,0.6118548948406417,0.41072207881659883,0.29988559232058654,0.1891667122933534,0.12399865718516334,0.05590969585037278
0.4212780325594424,0.6179967388179545,0.8235272839254374,1.7355332689933323,0.8166537425996516,0.6034743766271344,0.39749656684370827,0.2833875899791424,0.16367302156772176,0.09158769137792014
0.3158859063192646,0.4178306432944121,0.6118548948406417,0.8166537425996516,1.7237918606578488,0.803011544836344,0.5809660017624801,0.37051893970461625,0.24013651642568912,0.11048056416660688
0.20986568900548874,0.31165613901058764,0.41072207881659883,0.6034743766271344,0.803011544836344,1.7072421972856557,0.7767726834164491,0.5483710563561038,0.31995743679473854,0.17607844615851728
0.15493279088361878,0.20322920844309988,0.29988559232058654,0.39749656684370827,0.5809660017624801,0.7767726834164491,1.6640827164848555,0.7249013811315691,0.46542013599546095,0.21770756179196016
0.09644331623772767,0.14661080200380075,0.1891667122933534,0.2833875899791424,0.37051893970461625,0.5483710563561038,0.7249013811315691,1.5998622562650069,0.6249737232514544,0.33917095376335465
0.06408969958642163,0.08364535916392166,0.12399865718516334,0.16367302156772176,0.24013651642568912,0.31995743679473854,0.46542013599546095,0.6249737232514544,1.440404785737416,0.42803668527995636
0.028195732138210763,0.0477484757903177,0.05590969585037278,0.09158769137792014,0.11048056416660688,0.17607844615851728,0.21770756179196016,0.33917095376335465,0.42803668527995636,1.1921540878183692
