1.0606182211536357,-0.4793169471003452,0.35832004210039636,-0.2664823740182141,0.19679354517014774,-0.14358906141114364,0.10244938197709068,-0.06993627594372233,0.043347933580730226,-0.020555808459828826
-0.4793169471003452,1.0590126071521617,-0.47717316640234064,0.35545777018618147,-0.26266101358954597,0.19169246800084527,-0.1367823857415516,0.0933764696252093,-0.057877382066487154,0.02744589830817252
0.35832004210039636,-0.47717316640234064,1.056150278046232,-0.47335152351877563,0.350355573220068,-0.2558501665488129,0.18260434216360727,-0.124668426705737,0.07727568057922912,-0.036645268604114496
-0.2664823740182141,0.35545777018618147,-0.47335152351877563,1.0510478059061872,-0.4665393174660811,0.3412620595588709,-0.2437161372527898,0.1664303544979262,-0.10317137108795857,0.048927363658354164
0.19679354517014774,-0.26266101358954597,0.350355573220068,-0.4665393174660811,1.041952968264884,-0.4543987493791498,0.3250621487554112,-0.2221225149831329,0.13772984754297932,-0.06532328752886232
-0.14358906141114364,0.19169246800084527,-0.2558501665488129,0.3412620595588709,-0.4543987493791498,1.0257466872238354,-0.4327736661748163,0.29623691443791467,-0.18380980773913277,0.08720401989333086
0.10244938197709068,-0.1367823857415516,0.18260434216360727,-0.2437161372527898,0.3250621487554112,-0.4327736661748163,0.9968908029541597,-0.3943095868461928,0.2451109698154938,-0.11637938524471153
-0.06993627594372233,0.0933764696252093,-0.124668426705737,0.1664303544979262,-0.2221225149831329,0.29623691443791467,-0.3943095868461928,0.945617388232624,-0.32615084816413104,0.1551912599072175
0.043347933580730226,-0.057877382066487154,0.07727568057922912,-0.10317137108795857,0.13772984754297932,-0.18380980773913277,0.2451109698154938,-0.32615084816413104,0.854988136266805,-0.20649771371592973
-0.020555808459828826,0.02744589830817252,-0.036645268604114496,0.048927363658354164,-0.06532328752886232,0.08720401989333086,-0.11637938524471153,0.1551912599072175,-0.20649771371592973,0.6966950390307316
