6.054622883236803,-4.643804809275254,3.7440161719216394,-2.9841928054593265,2.3489042060164906,-1.8126971691482496,1.3530391464714966,-0.9505274295330248,0.5881807688674221,-0.25091349831106646
-4.643804809275254,6.000285859292179,-4.577094646792995,3.6621153711272845,-2.8836422918127353,2.225457247116482,-1.6611401438065476,1.1669729141143403,-0.7221159989561226,0.30804926372649616
3.7440161719216394,-4.577094646792995,5.918385058413854,-4.476544132028208,3.538668398582847,-2.7320851013683205,2.0393890186439303,-1.432704581981454,0.8865496863290784,-0.3781954670268576
-2.9841928054593265,3.6621153711272845,-4.476544132028208,5.794938084623159,-4.324986924987764,3.352599967602646,-2.503647089124589,1.7589361649471447,-1.0884258993031954,0.4643146737635471
2.3489042060164906,-2.8836422918127353,3.538668398582847,-4.324986924987764,5.608869635146281,-4.096548666429355,3.0721441083312633,-2.159332037864672,1.3362614510318216,-0.5700434551912168
-1.8126971691482496,2.225457247116482,-2.7320851013683205,3.352599967602646,-4.096548666429355,5.328413501351226,-3.75222995942047,2.6494247863300133,-1.6404098191559697,0.6998391791566461
1.3530391464714966,-1.6611401438065476,2.0393890186439303,-2.503647089124589,3.0721441083312633,-3.75222995942047,4.905690104929203,-3.233253482878896,2.012340450923803,-0.859086067845483
-0.9505274295330248,1.1669729141143403,-1.432704581981454,1.7589361649471447,-2.159332037864672,2.6494247863300133,-3.233253482878896,4.26854529785406,-2.4511244485872883,1.0533288982980427
0.5881807688674221,-0.7221159989561226,0.8865496863290784,-1.0884258993031954,1.3362614510318216,-1.6404098191559697,2.012340450923803,-2.4511244485872883,3.3086362378408203,-1.276494337178983
-0.25091349831106646,0.30804926372649616,-0.3781954670268576,0.4643146737635471,-0.5700434551912168,0.6998391791566461,-0.859086067845483,1.0533288982980427,-1.276494337178983,1.8998825821968244
