1.2430048559619333,-0.16393914886284958,0.061493200394327624,-0.031079864083584503,0.01668563031036191,-0.009043595096708493,0.004903631078598548,-0.0026492902790423278,0.0014128741385744748,-0.0007227128514912255
-0.16393914886284958,1.2430041697395957,-0.16393788567550913,0.061490875140882,-0.03107558382140753,0.0166777516093696,-0.009029096135177698,0.004876989399746427,-0.0026008152915738612,0.001330360327416843
0.061493200394327624,-0.16393788567550913,1.2430018444841076,-0.16393360538535562,0.0614829961012536,-0.031061080831956023,0.01665106214833211,-0.008980054554980688,0.004787757464336257,-0.0024489259052635688
-0.031079864083584503,0.061490875140882,-0.16393360538535562,1.2429939653999011,-0.16391910178528757,0.06145629924913232,-0.03101195133821365,0.016560787317188526,-0.008815798694958885,0.004508170949524907
0.01668563031036191,-0.03107558382140753,0.0614829961012536,-0.16391910178528757,1.2429672675748185,-0.16386995896420598,0.06136586309992231,-0.030845776673920553,0.016258438521780577,-0.008301248451542249
-0.009043595096708493,0.0166777516093696,-0.031061080831956023,0.06145629924913232,-0.16386995896420598,1.2428768101897154,-0.1637034934169176,0.06105999337046926,-0.030289346537975752,0.015312546683733478
0.004903631078598548,-0.009029096135177698,0.01665106214833211,-0.03101195133821365,0.06136586309992231,-0.1637034934169176,1.2425704769648815,-0.16314071445802925,0.06003725349658405,-0.02856339180558081
-0.0026492902790423278,0.004876989399746427,-0.008980054554980688,0.016560787317188526,-0.030845776673920553,0.06105999337046926,-0.16314071445802925,1.2415376208237823,-0.16127619008279362,0.05704070493834587
0.0014128741385744748,-0.0026008152915738612,0.004787757464336257,-0.008815798694958885,0.016258438521780577,-0.030289346537975752,0.06003725349658405,-0.16127619008279362,1.2383202742456312,-0.15790110366250418
-0.0007227128514912255,0.001330360327416843,-0.0024489259052635688,0.004508170949524907,-0.008301248451542249,0.015312546683733478,-0.02856339180558081,0.05704070493834587,-0.15790110366250418,1.2574921154312841
