6.293541809966504,4.2226222044075845,3.142766100016458,2.332047002450806,1.7212117411288692,1.2579450463400283,0.9025380081061987,0.6245194066136779,0.40005189400710867,0.20989226238354128
4.2226222044075845,6.282008151906583,4.207180718139368,3.122092737913194,2.3043691064689584,1.684156053885664,1.2083342549827045,0.8361184798027432,0.5355972162892162,0.2810078423952893
3.142766100016458,4.207180718139368,6.261334789046968,4.179502817912333,3.0850370311707573,2.2547582299587576,1.6177361592170443,1.119410495595704,0.7170677178141833,0.376218719241268
2.332047002450806,3.122092737913194,4.179502817912333,6.2242790779767025,4.129891917111233,3.018617024927832,2.1658339833282945,1.4986833008926073,0.9600230203958648,0.5036886870185029
1.7212117411288692,2.3043691064689584,3.0850370311707573,4.129891917111233,6.157859046970011,4.040967531488621,2.899563528176926,2.006443720128802,1.285292274895048,0.6743470597283927
1.2579450463400283,1.684156053885664,2.2547582299587576,3.018617024927832,4.040967531488621,6.038805408521211,3.8815764729781734,2.6861688491128577,1.7207518065698792,0.9028239388085275
0.9025380081061987,1.2083342549827045,1.6177361592170443,2.1658339833282945,2.899563528176926,3.8815764729781734,5.825409918663959,3.59588000866211,2.30367961023555,1.208696655942104
0.6245194066136779,0.8361184798027432,1.119410495595704,1.4986833008926073,2.006443720128802,2.6861688491128577,3.59588000866211,5.442916040440437,3.0837988186714576,1.6181341241231189
0.40005189400710867,0.5355972162892162,0.7170677178141833,0.9600230203958648,1.285292274895048,1.7207518065698792,2.30367961023555,3.0837988186714576,4.757344008059812,2.1659939971547204
0.20989226238354128,0.2810078423952893,0.376218719241268,0.5036886870185029,0.6743470597283927,0.9028239388085275,1.208696655942104,1.6181341241231189,2.1659939971547204,3.528641039448636
