6.028060794125947,-3.5821045306957884,1.3558657467353707,0.2151770337300185,-0.9438968476319175,1.0014066250764104,-0.6947821187715473,0.3101488975286867,-0.03619282001896764,-0.05097221741024123
-3.5821045306957884,6.017632305317228,-3.5689226530130607,1.3454213279324465,0.21392133477380554,-0.9207400231865588,0.9499952148124879,-0.6201084322454729,0.2361315341627814,-0.00877443464624738
1.3558657467353707,-3.5689226530130607,5.996493368784647,-3.545311367376062,1.3314788790305645,0.20059130800924596,-0.8627300993159195,0.8409382453873406,-0.47892801632229154,0.11916594735494179
0.2151770337300185,1.3454213279324465,-3.545311367376062,5.961829266808591,-3.510459228215324,1.317605405160542,0.16532066887088817,-0.7538373206088379,0.6560800636098494,-0.2600843774877215
-0.9438968476319175,0.21392133477380554,1.3314788790305645,-3.510459228215324,5.907805604124003,-3.4523723030478473,1.2872172113704488,0.12343057377759711,-0.597554073358965,0.37385498716695836
1.0014066250764104,-0.9207400231865588,0.20059130800924596,1.317605405160542,-3.4523723030478473,5.7996225714726055,-3.3133731698189655,1.1736302255833917,0.11821986748560202,-0.3653524230295644
-0.6947821187715473,0.9499952148124879,-0.8627300993159195,0.16532066887088817,1.2872172113704488,-3.3133731698189655,5.53530062945887,-2.968093659637455,0.8829324347785472,0.12514072763970166
0.3101488975286867,-0.6201084322454729,0.8409382453873406,-0.7538373206088379,0.12343057377759711,1.1736302255833917,-2.968093659637455,4.95253941438026,-2.2820644137432455,0.4169270392869773
-0.03619282001896764,0.2361315341627814,-0.47892801632229154,0.6560800636098494,-0.597554073358965,0.11821986748560202,0.8829324347785472,-2.2820644137432455,3.9206331427160763,-1.2119144905525285
-0.05097221741024123,-0.00877443464624738,0.11916594735494179,-0.2600843774877215,0.37385498716695836,-0.3653524230295644,0.12514072763970166,0.4169270392869773,-1.2119144905525285,2.33524145466246
