2.973357637461341,0.02337777305798227,0.6738570077016344,-0.16680947996871864,0.24329141279534844,-0.11022076557058236,0.09807909846163834,-0.05157874600889522,0.037410514462922206,-0.006733945468472008
0.02337777305798227,2.9726299626019888,0.02437413173050061,0.6722912963760773,-0.1648405839209284,0.23977063208185712,-0.10670063763743795,0.08937418335290317,-0.04737805837891339,0.011978441165328962
0.6738570077016344,0.02437413173050061,2.971267879809241,0.026519842207524003,0.6696042876558573,-0.16000581066348407,0.23499254360834854,-0.0946985141971293,0.08383418435575404,-0.012094291625599662
-0.16680947996871864,0.6722912963760773,0.026519842207524003,2.967900630341856,0.03076394981614363,0.6620409034487748,-0.15239538668356262,0.2163346016221716,-0.08547619596165214,0.029513440059200403
0.24329141279534844,-0.1648405839209284,0.6696042876558573,0.03076394981614363,2.96260965593766,0.040347549346355864,0.6526875104113186,-0.12850217296482225,0.20583561067721562,-0.014775080248055123
-0.11022076557058236,0.23977063208185712,-0.16000581066348407,0.6620409034487748,0.040347549346355864,2.9456650588540265,0.05764917989107498,0.6111057765835989,-0.10681059814131527,0.08576301609306436
0.09807909846163834,-0.10670063763743795,0.23499254360834854,-0.15239538668356262,0.6526875104113186,0.05764917989107498,2.9294424740660197,0.10136057385010544,0.5948680815137157,0.02511203632369921
-0.05157874600889522,0.08937418335290317,-0.0946985141971293,0.2163346016221716,-0.12850217296482225,0.6111057765835989,0.10136057385010544,2.82849009656809,0.15972387940121882,0.3083048708820715
0.037410514462922206,-0.04737805837891339,0.08383418435575404,-0.08547619596165214,0.20583561067721562,-0.10681059814131527,0.5948680815137157,0.15972387940121882,2.8249244505489672,0.351596012300923
-0.006733945468472008,0.011978441165328962,-0.012094291625599662,0.029513440059200403,-0.014775080248055123,0.08576301609306436,0.02511203632369921,0.3083048708820715,0.351596012300923,2.0342385450707523
