1.4773362378902315,0.13507186258610407,0.34478263105636064,0.17509538161153276,0.15001840080085346,0.10040884827303152,0.07276243234131187,0.04857070244425635,0.03017978439137564,0.014797230544552793
0.13507186258610407,1.4764926001499734,0.13391895852918007,0.3432077197508408,0.17294194245741717,0.14708056807150038,0.09637934657001596,0.0673056517870332,0.04095474157872128,0.020291130806002422
0.34478263105636064,0.13391895852918007,1.474917037217072,0.1317667427076976,0.34026470214354504,0.16892759684916708,0.1415723529194361,0.08892712388308496,0.05688162710668199,0.02749326608330869
0.17509538161153276,0.3432077197508408,0.1317667427076976,1.4719769078642602,0.12774697483503375,0.3347794682955007,0.16140819672326595,0.13137630547247914,0.07473989998939053,0.038323343440009955
0.15001840080085346,0.17294194245741717,0.34026470214354504,0.12774697483503375,1.4664788722000275,0.12025160819812653,0.3244815591769103,0.14751872817990516,0.11180754206680457,0.04991403571451007
0.10040884827303152,0.14708056807150038,0.16892759684916708,0.3347794682955007,0.12025160819812653,1.456237705483685,0.10625561430868483,0.30536428451787095,0.12137310164538068,0.07615717384417713
0.07276243234131187,0.09637934657001596,0.1415723529194361,0.16140819672326595,0.3244815591769103,0.10625561430868483,1.4368689274312583,0.08058214765741886,0.26771275054693516,0.07826387117269627
0.04857070244425635,0.0673056517870332,0.08892712388308496,0.13137630547247914,0.14751872817990516,0.30536428451787095,0.08058214765741886,1.4003321498749182,0.035380129284385275,0.19062819446825216
0.03017978439137564,0.04095474157872128,0.05688162710668199,0.07473989998939053,0.11180754206680457,0.12137310164538068,0.26771275054693516,0.035380129284385275,1.3183065794936182,-0.010981297659131516
0.014797230544552793,0.020291130806002422,0.02749326608330869,0.038323343440009955,0.04991403571451007,0.07615717384417713,0.07826387117269627,0.19062819446825216,-0.010981297659131516,1.063675830543578
