18.63326837562978,16.143513778036798,14.406485072630533,12.606400042734522,10.837337334701166,9.05913668604158,7.286671763623771,5.517160598828692,3.7415201217859346,1.9857160715081257
16.143513778036798,17.089968065613274,14.576906119854051,12.816394253908511,10.99206337604389,9.199342515824933,7.394905629627595,5.600987859639277,3.797628593218785,2.0157707449814266
14.406485072630533,14.576906119854051,15.499701000561007,12.962801394886014,11.17767716326242,9.329331656608904,7.509976430261227,5.683767141570519,3.8554797543779054,2.045833304356927
12.606400042734522,12.816394253908511,12.962801394886014,13.861400944335404,11.299520854481344,9.490020118610692,7.614645434381815,5.7731811104455115,3.912111094623011,2.07738614020872
10.837337334701166,10.99206337604389,11.17767716326242,11.299520854481344,12.172757112000614,9.586133253534623,7.749180862757717,5.8513840431503805,3.974471285861661,2.106996418732243
9.05913668604158,9.199342515824933,9.329331656608904,9.490020118610692,9.586133253534623,10.434252795144527,7.8197990620222635,5.960039807744473,4.0264059160498125,2.1426894149958677
7.286671763623771,7.394905629627595,7.509976430261227,7.614645434381815,7.749180862757717,7.8197990620222635,8.639586802788855,6.002091801115855,4.105616295108948,2.1657810180999575
5.517160598828692,5.600987859639277,5.683767141570519,5.7731811104455115,5.8513840431503805,5.960039807744473,6.002091801115855,6.798236407985714,4.12426256497925,2.2198491044966535
3.7415201217859346,3.797628593218785,3.8554797543779054,3.912111094623011,3.974471285861661,4.0264059160498125,4.105616295108948,4.12426256497925,4.881535579710789,2.203334424312774
1.9857160715081257,2.0157707449814266,2.045833304356927,2.07738614020872,2.106996418732243,2.1426894149958677,2.1657810180999575,2.2198491044966535,2.203334424312774,2.9473878155586264
