0.5533880902892772,-0.2758029779151816,0.2214046160703008,-0.16719271733058633,0.1302851793999505,-0.09649692355226985,0.07098367045761594,-0.04805935273552399,0.028822569108865326,-0.010802392011216914
-0.2758029779151816,0.5512159570333597,-0.27304107382366605,0.21788708875008997,-0.16272247428722436,0.1245879691615159,-0.08926330124613657,0.06175336578752147,-0.0363587293317204,0.01386037114530058
0.2214046160703008,-0.27304107382366605,0.5476986249787803,-0.26857075047403267,0.21219032986062958,-0.15548849431442777,0.11535877852224977,-0.07756145344162055,0.046794057991003606,-0.01744188121015178
-0.16719271733058633,0.21788708875008997,-0.26857075047403267,0.5420014477676489,-0.26133694254305107,0.2029601722869592,-0.1437874127467302,0.10039708411404803,-0.058647228379460827,0.022520098068277733
0.1302851793999505,-0.16272247428722436,0.21219032986062958,-0.26133694254305107,0.5327721863732962,-0.24963549240655336,0.1880005493626769,-0.12487154615931186,0.07612823707974924,-0.028104340441491665
-0.09649692355226985,0.1245879691615159,-0.15548849431442777,0.2029601722869592,-0.24963549240655336,0.5178106435452055,-0.2307204154118307,0.16372726454479136,-0.09433217489544367,0.036686897775818246
0.07098367045761594,-0.08926330124613657,0.11535877852224977,-0.1437874127467302,0.1880005493626769,-0.2307204154118307,0.4935414717776453,-0.20017935258691666,0.12429543239801366,-0.04512041681874264
-0.04805935273552399,0.06175336578752147,-0.07756145344162055,0.10039708411404803,-0.12487154615931186,0.16372726454479136,-0.20017935258691666,0.45410082815661273,-0.1509712183770363,0.06003858359163171
0.028822569108865326,-0.0363587293317204,0.046794057991003606,-0.058647228379460827,0.07612823707974924,-0.09433217489544367,0.12429543239801366,-0.1509712183770363,0.3898628563569292,-0.07197054217543863
-0.010802392011216914,0.01386037114530058,-0.01744188121015178,0.022520098068277733,-0.028104340441491665,0.036686897775818246,-0.04512041681874264,0.06003858359163171,-0.07197054217543863,0.2846944124348473
