0.3906573904442149,0.09155826346839092,0.10342401679401908,0.011091881198457417,0.03349924983957993,-0.002603653018223807,0.012362720865352818,-0.0025329836486964598,0.006110292759102281,0.0010629495768754854
0.09155826346839092,0.39060401889119667,0.0915721170242474,0.1032771164412418,0.011047488112532007,0.033047397571885795,-0.00299268175055702,0.010827470231860257,-0.004545994652790656,0.0004959530490271497
0.10342401679401908,0.0915721170242474,0.39068830639544017,0.09166085652353617,0.10357281089513976,0.011475279491672917,0.03415181817946571,-0.0011152851739855076,0.0151134954145066,0.00337015849637226
0.011091881198457417,0.1032771164412418,0.09166085652353617,0.39031312028778664,0.09170231245807267,0.10250793692630775,0.010982358084705907,0.030777821130225858,-0.004488647209634079,0.0033799490306603694
0.03349924983957993,0.011047488112532007,0.10357281089513976,0.09170231245807267,0.39119506451982144,0.09233049206118182,0.10542898314771174,0.014487386118256949,0.04127277793268975,0.011726200553271369
-0.002603653018223807,0.033047397571885795,0.011475279491672917,0.10250793692630775,0.09233049206118182,0.3884666683151978,0.09258221395275874,0.0976564486605308,0.010741937299589867,0.016560910886233796
0.012362720865352818,-0.00299268175055702,0.03415181817946571,0.010982358084705907,0.10542898314771174,0.09258221395275874,0.39708816574676076,0.09827748524608892,0.12595473955427908,0.04356490440984114
-0.0025329836486964598,0.010827470231860257,-0.0011152851739855076,0.030777821130225858,0.014487386118256949,0.0976564486605308,0.09827748524608892,0.3778128622421366,0.10370456880171518,0.07314528436640849
0.006110292759102281,-0.004545994652790656,0.0151134954145066,-0.004488647209634079,0.04127277793268975,0.010741937299589867,0.12595473955427908,0.10370456880171518,0.4630565043764201,0.1685420196391237
0.0010629495768754854,0.0004959530490271497,0.00337015849637226,0.0033799490306603694,0.011726200553271369,0.016560910886233796,0.04356490440984114,0.07314528436640849,0.1685420196391237,0.34714704508088057
