5.700177169222889,-4.47944403930765,3.7896456031289665,-3.1674814138113883,2.6064387745776023,-2.0958961972331993,1.6259708491355307,-1.1875547948401297,0.7721199231177347,-0.37091455814366
-4.47944403930765,5.586808950551065,-4.349157012372992,3.639914844481372,-2.9954051861730777,2.40868228892796,-1.8686269168093081,1.3647826985619034,-0.8873492976459509,0.4262689807874432
3.7896456031289665,-4.349157012372992,5.43707819191041,-4.177080784895722,3.4421583623933394,-2.7681359843262854,2.1474958717211883,-1.5684596564653241,1.0197752338853365,-0.4898843681749778
-3.1674814138113883,3.639914844481372,-4.177080784895722,5.239321709998287,-3.9498115871315345,3.1809720354782254,-2.4679707160188693,1.8025323502570774,-1.1719640832653941,0.5629935663414798
2.6064387745776023,-2.9954051861730777,3.4421583623933394,-3.9498115871315345,4.978135387542722,-3.6496464223236877,2.836010803030717,-2.071525643661178,1.346864703045627,-0.6470133861591247
-2.0958961972331993,2.40868228892796,-2.7681359843262854,3.1809720354782254,-3.6496464223236877,4.63317426815088,-3.2532039738211527,2.3804011855101725,-1.5478552117406528,0.7435715897373979
1.6259708491355307,-1.8686269168093081,2.1474958717211883,-2.4679707160188693,2.836010803030717,-3.2532039738211527,4.1775675167455555,-2.7296000602052986,1.7785792039635724,-0.8545280467294781
-1.1875547948401297,1.3647826985619034,-1.5684596564653241,1.8025323502570774,-2.071525643661178,2.3804011855101725,-2.7296000602052986,3.5758181951264247,-2.0379592248850775,0.9817815989500465
0.7721199231177347,-0.8873492976459509,1.0197752338853365,-1.1719640832653941,1.346864703045627,-1.5478552117406528,1.7785792039635724,-2.0379592248850775,2.780862618313123,-1.1222513319642733
-0.37091455814366,0.4262689807874432,-0.4898843681749778,0.5629935663414798,-0.6470133861591247,0.7435715897373979,-0.8545280467294781,0.9817815989500465,-1.1222513319642733,1.728539110298255
