1.0746880463257977,-0.3520725097803341,0.13810341010161004,-0.04815648503079564,0.013642823023593535,-0.0020103112729185878,-0.0010468027079008084,0.0013180588076424473,-0.0009071361636192009,0.0004410104617115645
-0.3520725097803341,1.0746875506567184,-0.3520714314782337,0.13810124397897178,-0.048152535926951866,0.013636598669730125,-0.0020031065342498273,-0.0010470898721840023,0.001284186641377819,-0.0007618566706810984
0.13810341010161004,-0.3520714314782337,1.0746850464026814,-0.35206604607361114,0.13809056549475937,-0.048133406875232806,0.013607354534484466,-0.0019720559629664985,-0.0010365464216051821,0.001088163228877647
-0.04815648503079564,0.13810124397897178,-0.35206604607361114,1.0746727209888882,-0.35203992126151756,0.1380396267193255,-0.0480442768000177,0.013476857867970298,-0.001851861545997187,-0.0009114959655501705
0.013642823023593535,-0.048152535926951866,0.13809056549475937,-0.35203992126151756,1.0746137605477468,-0.35191671708153305,0.13780346241939753,-0.04764119574943402,0.01291494715479978,-0.0014282786140993125
-0.0020103112729185878,0.013636598669730125,-0.048133406875232806,0.1380396267193255,-0.35191671708153305,1.074338525287252,-0.35134767199649475,0.13672687855864749,-0.045839762766136376,0.010506588175163166
-0.0010468027079008084,-0.0020031065342498273,0.013607354534484466,-0.0480442768000177,0.13780346241939753,-0.35134767199649475,1.0730716393102877,-0.3487378814372945,0.13181171176774742,-0.03767277020409532
0.0013180588076424473,-0.0010470898721840023,-0.0019720559629664985,0.013476857867970298,-0.04764119574943402,0.13672687855864749,-0.3487378814372945,1.0672295719541074,-0.33663363841814936,0.1088506375707487
-0.0009071361636192009,0.001284186641377819,-0.0010365464216051821,-0.001851861545997187,0.01291494715479978,-0.045839762766136376,0.13181171176774742,-0.33663363841814936,1.0397538624235252,-0.2788793239930194
0.0004410104617115645,-0.0007618566706810984,0.001088163228877647,-0.0009114959655501705,-0.0014282786140993125,0.010506588175163166,-0.03767277020409532,0.1088506375707487,-0.2788793239930194,0.9062634658933926
