5.038389905579128,3.161147942732045,2.938855958683248,2.43712679428505,2.078723360471501,1.6872666055528611,1.3298191966621256,0.9754822149667405,0.6312568309065971,0.293906744304298
3.161147942732045,4.887376083113992,2.9958277777937994,2.7578950574604133,2.2389939443498283,1.8619156558008416,1.4497125258368804,1.0702996432358738,0.6900833610483104,0.32203867233085826
2.938855958683248,2.9958277777937994,4.706393661543834,2.7977243047382725,2.54098930326939,2.0016528127347395,1.6018413941643204,1.1656442958433832,0.7577714196767877,0.35179653930441074
2.43712679428505,2.7578950574604133,2.7977243047382725,4.489545855240626,2.560304069932913,2.281179059797687,1.7170111769092626,1.2908068346552215,0.8237745000530748,0.3869257367982871
2.078723360471501,2.2389939443498283,2.54098930326939,2.560304069932913,4.229579575360593,2.275875435446446,1.96943357798019,1.3766853922971283,0.9159391592175323,0.41910083685807387
1.6872666055528611,1.8619156558008416,2.0016528127347395,2.281179059797687,2.275875435446446,3.9182542531320417,1.934976101647933,1.5964802046471567,0.9678541667172174,0.4697718941333908
1.3298191966621256,1.4497125258368804,1.6018413941643204,1.7170111769092626,1.96943357798019,1.934976101647933,3.5441695151253905,1.5276892732569085,1.1451582939644733,0.4872400850249497
0.9754822149667405,1.0702996432358738,1.1656442958433832,1.2908068346552215,1.3766853922971283,1.5964802046471567,1.5276892732569085,3.095894032653295,1.042916589767815,0.5998367714925936
0.6312568309065971,0.6900833610483104,0.7577714196767877,0.8237745000530748,0.9159391592175323,0.9678541667172174,1.1451582939644733,1.042916589767815,2.5423693860617775,0.49317053084308404
0.293906744304298,0.32203867233085826,0.35179653930441074,0.3869257367982871,0.41910083685807387,0.4697718941333908,0.4872400850249497,0.5998367714925936,0.49317053084308404,1.8244252776456973
