6.461237401887831,1.866774766552693,-0.9238754426801127,-0.9065747398072008,-0.1080084247934382,0.21263921971941085,0.1168896901883905,-0.011821354521502094,-0.03491725794308522,-0.00925407634791227
1.866774766552693,6.461159851661499,1.866714822831208,-0.9236883253657673,-0.9060941766986731,-0.10797652501313906,0.2109910792555228,0.11440563207351079,-0.009585919730825367,-0.022943952928278437
-0.9238754426801127,1.866714822831208,6.460957666372541,1.866635195222225,-0.9230901787317248,-0.9049527709263827,-0.10844262730006016,0.2062967837873479,0.10929379737162848,-0.00039368523665215594
-0.9065747398072008,-0.9236883253657673,1.866635195222225,6.460183474343225,1.8658018611033105,-0.9215601925162771,-0.899813579228932,-0.1064409241520679,0.19106088273822247,0.08031370613299169
-0.1080084247934382,-0.9060941766986731,-0.9230901787317248,1.8658018611033105,6.456875801136503,1.863979856343872,-0.9125220364803815,-0.8803852511706755,-0.11034493590447124,0.11695596625765023
0.21263921971941085,-0.10797652501313906,-0.9049527709263827,-0.9215601925162771,1.863979856343872,6.448860623830006,1.8588691267129478,-0.891621702541237,-0.8322945762633358,-0.11482059736959302
0.1168896901883905,0.2109910792555228,-0.10844262730006016,-0.899813579228932,-0.9125220364803815,1.8588691267129478,6.409645899492398,1.8204566615347937,-0.8086590516936971,-0.577506097630115
-0.011821354521502094,0.11440563207351079,0.2062967837873479,-0.1064409241520679,-0.8803852511706755,-0.891621702541237,1.8204566615347937,6.280695714352992,1.7703111309069421,-0.4262514780781377
-0.03491725794308522,-0.009585919730825367,0.10929379737162848,0.19106088273822247,-0.11034493590447124,-0.8322945762633358,-0.8086590516936971,1.7703111309069421,5.916084964384948,1.4224200405005267
-0.00925407634791227,-0.022943952928278437,-0.00039368523665215594,0.08031370613299169,0.11695596625765023,-0.11482059736959302,-0.577506097630115,-0.4262514780781377,1.4224200405005267,4.067450889307327
