1.1671926874353222,0.26103040084361984,-0.2776128130935392,-0.3737450086839378,-0.1964803635562563,0.006911423099363512,0.09743541875034017,0.07447272352099943,0.011392628792963773,-0.021100537808488452
0.26103040084361984,1.1660652711306778,0.2608851025765484,-0.2755689124822573,-0.3696973592674353,-0.19324294061708291,0.00455595809676884,0.08647929422781116,0.059199038536696634,0.005823442150110846
-0.2776128130935392,0.2608851025765484,1.165615620737164,0.26035791032572375,-0.2756146432160828,-0.36870085659981233,-0.19132096923584557,0.006039953600153797,0.0852631359719345,0.05392655839799761
-0.3737450086839378,-0.2755689124822573,0.26035791032572375,1.1604597217667958,0.2519789438208192,-0.2804210153029279,-0.36034749340139305,-0.16614535266617814,0.03510988971105912,0.08700311195344287
-0.1964803635562563,-0.3696973592674353,-0.2756146432160828,0.2519789438208192,1.1451808069665481,0.24111865360850349,-0.2690341550125656,-0.31719979247525665,-0.11031929255801602,0.04910734758772057
0.006911423099363512,-0.19324294061708291,-0.36870085659981233,-0.2804210153029279,0.24111865360850349,1.1351057220121807,0.24489078083326177,-0.24146613503448966,-0.27435201372609064,-0.0882044116385172
0.09743541875034017,0.00455595809676884,-0.19132096923584557,-0.36034749340139305,-0.2690341550125656,0.24489078083326177,1.1186906228669242,0.20704407784235446,-0.27726197614232956,-0.2624642624798447
0.07447272352099943,0.08647929422781116,0.006039953600153797,-0.16614535266617814,-0.31719979247525665,-0.24146613503448966,0.20704407784235446,0.9927578092825408,0.05356028599229998,-0.30077309830700566
0.011392628792963773,0.059199038536696634,0.0852631359719345,0.03510988971105912,-0.11031929255801602,-0.27435201372609064,-0.27726197614232956,0.05356028599229998,0.7845241397138291,-0.013937058085829864
-0.021100537808488452,0.005823442150110846,0.05392655839799761,0.08700311195344287,0.04910734758772057,-0.0882044116385172,-0.2624642624798447,-0.30077309830700566,-0.013937058085829864,0.7088714371750306
