3.1559192113067214,2.2580587019046434,1.0798376133322276,-0.039218936079796325,-0.7877673949341428,-1.0546962306467083,-0.91326117450128,-0.5531949542040988,-0.19067391516978355,0.013768668540628077
2.2580587019046434,3.106322588466041,2.2025870457420407,1.0371527220583883,-0.04840640440540935,-0.7477184746406825,-0.962374438561646,-0.7841329181616821,-0.4222144633930276,-0.10631614620340461
1.0798376133322276,2.2025870457420407,3.0264066909159753,2.119248657219402,0.9804114188141742,-0.04749748324832546,-0.6683470627275431,-0.8055372490650499,-0.5802638777521186,-0.23056469446112993
-0.039218936079796325,1.0371527220583883,2.119248657219402,2.918773356121513,2.018798755513924,0.9274777548588637,-0.015614926372982094,-0.5324919480659127,-0.5785432856860296,-0.31387654434192525
-0.7877673949341428,-0.04840640440540935,0.9804114188141742,2.018798755513924,2.7962740495914207,1.9121312991893475,0.8824816175989313,0.04057529728087669,-0.3590746200683925,-0.3099655378827695
-1.0546962306467083,-0.7477184746406825,-0.04749748324832546,0.9274777548588637,1.9121312991893475,2.6561868247991667,1.7789339035362302,0.8086886620384943,0.07567696747019856,-0.1882950681974409
-0.91326117450128,-0.962374438561646,-0.6683470627275431,-0.015614926372982094,0.8824816175989313,1.7789339035362302,2.452411386602141,1.5551567073987118,0.6415500427744683,0.04868316866242879
-0.5531949542040988,-0.7841329181616821,-0.8055372490650499,-0.5324919480659127,0.04057529728087669,0.8086886620384943,1.5551567073987118,2.1075963285590538,1.1742946479522087,0.3543449835335345
-0.19067391516978355,-0.4222144633930276,-0.5802638777521186,-0.5785432856860296,-0.3590746200683925,0.07567696747019856,0.6415500427744683,1.1742946479522087,1.577520720480614,0.639182864522061
0.013768668540628077,-0.10631614620340461,-0.23056469446112993,-0.31387654434192525,-0.3099655378827695,-0.1882950681974409,0.04868316866242879,0.3543449835335345,0.639182864522061,0.9043564759423133
