2.4417756320791915,1.2198137510510645,0.5413664303099944,0.19087905937094252,0.030744995229412382,-0.02904509407041257,-0.041490840839878584,-0.034701288903242415,-0.021608457089303246,-0.00657101124409769
1.2198137510510645,2.4415761237739972,1.2194572775478745,0.5407881909758135,0.19004132093027554,0.029719834543185476,-0.029902543647433943,-0.041217981368453706,-0.03117645876241682,-0.010704060436111797
0.5413664303099944,1.2194572775478745,2.4409014873943464,1.2182985570244573,0.5389883551391994,0.18758375052642828,0.02702832712981417,-0.03136612152199606,-0.03787901700833374,-0.01559270887163366
0.19087905937094252,0.5407881909758135,1.2182985570244573,2.4388075232303295,1.2148616005547226,0.5339331455485039,0.1812378563926456,0.021322364133638704,-0.031003088187640828,-0.01926005893431511
0.030744995229412382,0.19004132093027554,0.5389883551391994,1.2148616005547226,2.432854864215126,1.2055273867682155,0.5210150137093064,0.1667038821664316,0.012343283887819993,-0.016555242359926073
-0.02904509407041257,0.029719834543185476,0.18758375052642828,0.5339331455485039,1.2055273867682155,2.417198419216294,1.181875400087163,0.49003003952335294,0.1356977216420285,0.0036411151939603455
-0.041490840839878584,-0.029902543647433943,0.02702832712981417,0.1812378563926456,0.5210150137093064,1.181875400087163,2.377858256698319,1.1230482027299726,0.4141831077707377,0.06263779614979507
-0.034701288903242415,-0.041217981368453706,-0.03136612152199606,0.021322364133638704,0.1667038821664316,0.49003003952335294,1.1230482027299726,2.276517830230558,0.9651002499088672,0.1974609808052548
-0.021608457089303246,-0.03117645876241682,-0.03787901700833374,-0.031003088187640828,0.012343283887819993,0.1356977216420285,0.4141831077707377,0.9651002499088672,1.9820095125815815,0.4663824129461978
-0.00657101124409769,-0.010704060436111797,-0.01559270887163366,-0.01926005893431511,-0.016555242359926073,0.0036411151939603455,0.06263779614979507,0.1974609808052548,0.4663824129461978,0.9826492850142692
