0.6640509042946169,-0.22375866616152196,-0.10169112140745126,0.23038773489273873,-0.15043008141491385,0.0007964618065640365,0.08409348109066098,-0.0706719480238826,0.014744360236159033,0.014892924499270505
-0.22375866616152196,0.6621950321380928,-0.22328416463392015,-0.09942477175675435,0.22619967469004554,-0.14774381411079893,0.0034692641120025822,0.07573550602105711,-0.062336878148696664,0.015583357892694362
-0.10169112140745126,-0.22328416463392015,0.6595861405093395,-0.22010401420797787,-0.10003706314333269,0.22201267234167593,-0.14043145950170438,-0.0008512851998273235,0.07051008378102405,-0.04749373126252482
0.23038773489273873,-0.09942477175675435,-0.22010401420797787,0.6511364404313313,-0.21244592526526232,-0.09802745173601599,0.20666434213992657,-0.12046535357284771,-0.006353235946019499,0.04672808130594139
-0.15043008141491385,0.22619967469004554,-0.10003706314333269,-0.21244592526526232,0.6405466805510328,-0.20875215762729182,-0.08658600402935121,0.1834341968614656,-0.10374960619225049,0.005728011240976998
0.0007964618065640365,-0.14774381411079893,0.22201267234167593,-0.09802745173601599,-0.20875215762729182,0.6317334544116384,-0.2013703404289109,-0.08357444616726978,0.16701570466197707,-0.08377683081847426
0.08409348109066098,0.0034692641120025822,-0.14043145950170438,0.20666434213992657,-0.08658600402935121,-0.2013703404289109,0.6021837198691139,-0.16857722503289077,-0.08563244381269706,0.11740804964836443
-0.0706719480238826,0.07573550602105711,-0.0008512851998273235,-0.12046535357284771,0.1834341968614656,-0.08357444616726978,-0.16857722503289077,0.5477803835074804,-0.13907259431943156,-0.0427658787244265
0.014744360236159033,-0.062336878148696664,0.07051008378102405,-0.006353235946019499,-0.10374960619225049,0.16701570466197707,-0.08563244381269706,-0.13907259431943156,0.5064968954815583,-0.1241101377173085
0.014892924499270505,0.015583357892694362,-0.04749373126252482,0.04672808130594139,0.005728011240976998,-0.08377683081847426,0.11740804964836443,-0.0427658787244265,-0.1241101377173085,0.41497130813439376
