2.3398494291864695,0.11236528025457705,-0.00620335889969101,0.012072053280338084,-0.011468963383314488,0.01153611334021725,-0.011843816639665546,0.01241857805416919,-0.013381288145431689,0.01294253248065784
0.11236528025457705,2.3387965660979546,0.1135901751629369,-0.0076283945430131546,0.013729933194083862,-0.013397705093837699,0.013780436625374256,-0.01444761783772812,0.015567719305435457,-0.015057268085207132
-0.00620335889969101,0.1135901751629369,2.3373715303521934,0.11524805349752579,-0.009557162572942866,0.01597382029253336,-0.01600873799531613,0.016809684076449113,-0.018111310839036016,0.017517544104083564
0.012072053280338084,-0.0076283945430131546,0.11524805349752579,2.3354427642980964,0.11749197105451778,-0.012167687829636582,0.019011480847726664,-0.019532946980390806,0.021072002600365035,-0.02037973729532568
-0.011468963383314488,0.013729933194083862,-0.009557162572942866,0.11749197105451778,2.332832200931846,0.1205290441298893,-0.01570168819155842,0.023111528674968674,-0.02449172032533937,0.023710887581076624
0.01153611334021725,-0.013397705093837699,0.01597382029253336,-0.012167687829636582,0.1205290441298893,2.3292989356213534,0.1246404231802586,-0.020471606921133666,0.028880266636019215,-0.027564924087819742
-0.011843816639665546,0.013780436625374256,-0.01600873799531613,0.019011480847726664,-0.01570168819155842,0.1246404231802586,2.324514839329507,0.13019060620068967,-0.027187410320471207,0.03240355560496937
0.01241857805416919,-0.01444761783772812,0.016809684076449113,-0.019532946980390806,0.023111528674968674,-0.020471606921133666,0.13019060620068967,2.3180724906354153,0.13792935024739944,-0.032149463478011286
-0.013381288145431689,0.015567719305435457,-0.018111310839036016,0.021072002600365035,-0.02449172032533937,0.028880266636019215,-0.027187410320471207,0.13792935024739944,2.3078360839331884,0.12939323632451205
0.01294253248065784,-0.015057268085207132,0.017517544104083564,-0.02037973729532568,0.023710887581076624,-0.027564924087819742,0.03240355560496937,-0.032149463478011286,0.12939323632451205,2.0805398398070287
