1.2554048278387127,0.1607743351875982,0.07886879275421531,0.038035079162460114,0.01815000738006781,0.008599849283425273,0.0040481020137288016,0.0018805249888279316,0.000832747704555492,0.0002942310024146689
0.1607743351875982,1.255404173459677,0.16077294557210065,0.07886584956190651,0.03802887101364979,0.018136996588555783,0.008572860979087141,0.0039930517727081605,0.0017713754522047584,0.0006271025771868097
0.07886879275421531,0.16077294557210065,1.2554012226155724,0.16076669601809618,0.07885266823088721,0.03800124944872775,0.01807971229583173,0.00845605117210865,0.00376157895108316,0.0013357199719957035
0.038035079162460114,0.07886584956190651,0.16076669601809618,1.2553879877733756,0.16073878489491417,0.07879419130704492,0.03788001107097127,0.017832616117342735,0.007966825249795232,0.002842306279936287
0.01815000738006781,0.03802887101364979,0.07885266823088721,0.16073878489491417,1.2553291366306998,0.16061552155416242,0.07853875472106263,0.037359814897809956,0.016804084882785342,0.00603914370328507
0.008599849283425273,0.018136996588555783,0.03800124944872775,0.07879419130704492,0.16061552155416242,1.2550710830263312,0.16008116424074492,0.07745189665259182,0.0352155496077701,0.012801800172430405
0.0040481020137288016,0.008572860979087141,0.01807971229583173,0.03788001107097127,0.07853875472106263,0.16008116424074492,1.2539659234064229,0.15783786608253758,0.07304171585837099,0.027039316584805663
0.0018805249888279316,0.0039930517727081605,0.00845605117210865,0.017832616117342735,0.037359814897809956,0.07745189665259182,0.15783786608253758,1.249427754674931,0.14896906813894822,0.056787812814494396
0.000832747704555492,0.0017713754522047584,0.00376157895108316,0.007966825249795232,0.016804084882785342,0.0352155496077701,0.07304171585837099,0.14896906813894822,1.2322787957040973,0.11819509577854143
0.0002942310024146689,0.0006271025771868097,0.0013357199719957035,0.002842306279936287,0.00603914370328507,0.012801800172430405,0.027039316584805663,0.056787812814494396,0.11819509577854143,1.1794236469007338
