1.0597851001062708,-0.178465304554237,0.13266857908007101,-0.09631389319548764,0.06980421034331455,-0.05008541899980373,0.03527858087859248,-0.0239268022958864,0.01492139240365042,-0.007357088078338117
-0.178465304554237,1.0593846030067595,-0.17791831388097587,0.13192151043038924,-0.09529356281136794,0.06841065916265548,-0.04818217871131673,0.03267880008431166,-0.020379322368033092,0.010048160133834295
0.13266857908007101,-0.17791831388097587,1.0586375344337293,-0.17689798293685466,0.13052796424881616,-0.09339027936813607,0.06581125285536661,-0.04463145174985565,0.02783372525810904,-0.013723561887105794
-0.09631389319548764,0.13192151043038924,-0.17689798293685466,1.0572439873443353,-0.17499470612598927,0.1279284987349543,-0.08984006350901719,0.0609617428000986,-0.03801414744536144,0.01874342764386877
0.06980421034331455,-0.09529356281136794,0.13052796424881616,-0.17499470612598927,1.0546445325822291,-0.17144441171657313,0.12307968989152815,-0.08321670597433822,0.05192397373100537,-0.025598781942751198
-0.05008541899980373,0.06841065916265548,-0.09339027936813607,0.1279284987349543,-0.17144441171657313,1.0497955964006036,-0.1648219844907402,0.11403361603426036,-0.07087303178019407,0.03496753552087652
0.03527858087859248,-0.04818217871131673,0.06581125285536661,-0.08984006350901719,0.12307968989152815,-0.1648219844907402,1.0407510306707093,-0.1524672922027165,0.09717553541381484,-0.04771243963934628
-0.0239268022958864,0.03267880008431166,-0.04463145174985565,0.0609617428000986,-0.08321670597433822,0.11403361603426036,-0.1524672922027165,1.0238750885744168,-0.12943719263243336,0.06555921847353985
0.01492139240365042,-0.020379322368033092,0.02783372525810904,-0.03801414744536144,0.05192397373100537,-0.07087303178019407,0.09717553541381484,-0.12943719263243336,0.9924703136597257,-0.08611803398610549
-0.007357088078338117,0.010048160133834295,-0.013723561887105794,0.01874342764386877,-0.025598781942751198,0.03496753552087652,-0.04771243963934628,0.06555921847353985,-0.08611803398610549,0.9345047026733171
