1.302570826810208,-0.984226120713798,0.7996845060993021,-0.6419012902377228,0.5089833171573546,-0.39506207041649877,0.2960456085651331,-0.20812567095908652,0.12820375267747985,-0.05233150265254223
-0.984226120713798,1.288990331381344,-0.9677435349979238,0.779679552791088,-0.617621762587806,0.4795133587065651,-0.35930368345155594,0.25260273662963784,-0.15560022478082564,0.06351455390541078
0.7996845060993021,-0.9677435349979238,1.2689854918367705,-0.9434636139159139,0.7502116000458929,-0.5818542083066226,0.43611356356598785,-0.30657728098258025,0.18885277447779042,-0.07708754742036808
-0.6419012902377228,0.779679552791088,-0.9434636139159139,1.2395168940035846,-0.9076982905612153,0.7068004317056937,-0.5291797884007294,0.37211933775502054,-0.229204110843739,0.09356030453818792
0.5089833171573546,-0.617621762587806,0.7502116000458929,-0.9076982905612153,1.1961093835853231,-0.8550112203579294,0.6428706967502051,-0.4515118551279748,0.27821194614541406,-0.11355670934477005
-0.39506207041649877,0.4795133587065651,-0.5818542083066226,0.7068004317056937,-0.8550112203579294,1.1321589066642594,-0.777415019625537,0.5485976146947573,-0.33753588535460993,0.1378100682146477
0.2960456085651331,-0.35930368345155594,0.43611356356598785,-0.5291797884007294,0.6428706967502051,-0.777415019625537,1.0380034403325056,-0.6630322959880516,0.41026935636768624,-0.16732205329311176
-0.20812567095908652,0.25260273662963784,-0.30657728098258025,0.37211933775502054,-0.4515118551279748,0.5485976146947573,-0.6630322959880516,0.8990082510721056,-0.4951249304916803,0.2027867102956552
0.12820375267747985,-0.15560022478082564,0.18885277447779042,-0.229204110843739,0.27821194614541406,-0.33753588535460993,0.41026935636768624,-0.4951249304916803,0.6953073856656304,-0.24748370583470422
-0.05233150265254223,0.06351455390541078,-0.07708754742036808,0.09356030453818792,-0.11355670934477005,0.1378100682146477,-0.16732205329311176,0.2027867102956552,-0.24748370583470422,0.37521778737741224
