5.658163312069604,4.042230360045744,1.8024273405922315,0.15701855135177203,-0.5755061532034007,-0.6374347664956204,-0.40395837400272894,-0.15374637105190309,-0.011424598855154393,0.019260968876764546
4.042230360045744,5.657939373843228,4.0424467077883985,1.8035059597189362,0.1591347875117784,-0.5729547872002704,-0.6363551056119334,-0.4075532336453263,-0.1652056730001054,-0.03073545234447933
1.8024273405922315,4.0424467077883985,5.656915660252818,4.039406363224222,1.7985535992505821,0.15442722973139839,-0.5723833060200423,-0.6234342679508231,-0.3772595123855909,-0.1225180580091288
0.15701855135177203,1.8035059597189362,4.039406363224222,5.64681901647684,4.022080958645438,1.7807639073786172,0.15318708700687966,-0.5318947961931825,-0.5210898991983172,-0.22530324433906426
-0.5755061532034007,0.1591347875117784,1.7985535992505821,4.022080958645438,5.6164415688544835,3.9899656941408317,1.7763237171610724,0.2208803777333752,-0.3549924859604382,-0.25282713902922027
-0.6374347664956204,-0.5729547872002704,0.15442722973139839,1.7807639073786172,3.9899656941408317,5.581199887864321,3.9821093954511806,1.8432881665642242,0.40435400779512737,-0.06882822660907542
-0.40395837400272894,-0.6363551056119334,-0.5723833060200423,0.15318708700687966,1.7763237171610724,3.9821093954511806,5.572794918553882,3.980717666872323,1.860441009341292,0.44983180669335576
-0.15374637105190309,-0.4075532336453263,-0.6234342679508231,-0.5318947961931825,0.2208803777333752,1.8432881665642242,3.980717666872323,5.405523269699702,3.5738409117692678,1.2717615527701338
-0.011424598855154393,-0.1652056730001054,-0.3772595123855909,-0.5210898991983172,-0.3549924859604382,0.40435400779512737,1.860441009341292,3.5738409117692678,4.365568034517417,2.0186523378581525
0.019260968876764546,-0.03073545234447933,-0.1225180580091288,-0.22530324433906426,-0.25282713902922027,-0.06882822660907542,0.44983180669335576,1.2717615527701338,2.0186523378581525,1.9914806790354778
