3.1507296042272657,-0.22153703848425788,1.2673533114584132,-0.18558530696306297,0.5292936594849718,-0.11215974906177856,0.217220811290002,-0.05354801513618071,0.07516763604778832,-0.009076763481822115
-0.22153703848425788,3.1491297392309,-0.22018145593112948,1.263697624807169,-0.18295638137618736,0.5208528493292268,-0.10731393120488845,0.19750256090575247,-0.04539329334447934,0.028512976704143888
1.2673533114584132,-0.22018145593112948,3.1470087470486128,-0.21726569482964375,1.2590602353813993,-0.17669885901164123,0.5106915733374725,-0.09392370171428023,0.17517755000550045,-0.01684870402037368
-0.18558530696306297,1.263697624807169,-0.21726569482964375,3.1386215466595715,-0.21170901486669402,1.2396058335983673,-0.16675793174162787,0.465015434197971,-0.07817134209110957,0.06651842957502949
0.5292936594849718,-0.18295638137618736,1.2590602353813993,-0.21170901486669402,3.1283292827122406,-0.20005567735855856,1.216636145599512,-0.142577685301863,0.41341152472150944,-0.02873510523842461
-0.11215974906177856,0.5208528493292268,-0.17669885901164123,1.2396058335983673,-0.20005567735855856,3.0829731942941114,-0.18005946547056495,1.109552203356629,-0.11373380935313893,0.1571578530191208
0.217220811290002,-0.10731393120488845,0.5106915733374725,-0.16675793174162787,1.216636145599512,-0.18005946547056495,3.030587285710936,-0.1409924871713119,0.9888562203788032,-0.04083728734009778
-0.05354801513618071,0.19750256090575247,-0.09392370171428023,0.465015434197971,-0.142577685301863,1.109552203356629,-0.1409924871713119,2.7762443192876365,-0.09307468375540713,0.3763606812751178
0.07516763604778832,-0.04539329334447934,0.17517755000550045,-0.07817134209110957,0.41341152472150944,-0.11373380935313893,0.9888562203788032,-0.09307468375540713,2.49029646369295,-0.02943810575947442
-0.009076763481822115,0.028512976704143888,-0.01684870402037368,0.06651842957502949,-0.02873510523842461,0.1571578530191208,-0.04083728734009778,0.3763606812751178,-0.02943810575947442,1.0056431317259682
