1.6840864667138131,-0.6684003932046292,0.6223855374683367,-0.52262843635726,0.441280634539546,-0.3610524272627757,0.28498169120375005,-0.21119936260638864,0.14056242060864002,-0.06631671036334816
-0.6684003932046292,1.6550816245753972,-0.6364347392723209,0.5871559327672367,-0.4838055889480107,0.3984804101426205,-0.31394547815672524,0.23278876417302843,-0.1549051668618861,0.07308819383064098
0.6223855374683367,-0.6364347392723209,1.619852919451038,-0.5976088994983586,0.544370052675332,-0.43663632025302335,0.3465647924720792,-0.2564246805918192,0.17074815490581738,-0.08054276435705413
-0.52262843635726,0.5871559327672367,-0.5976088994983586,1.577062648898147,-0.5504542352944983,0.49238442640106045,-0.37941967875564103,0.2831707512275585,-0.18804881285840966,0.08879457863168669
0.441280634539546,-0.4838055889480107,0.544370052675332,-0.5504542352944983,1.5250984506430756,-0.49316631533290917,0.4293320681163715,-0.30955935140063173,0.20782271511988046,-0.09772829473401784
-0.3610524272627757,0.3984804101426205,-0.43663632025302335,0.49238442640106045,-0.49316631533290917,1.461941511083607,-0.42365386860006293,0.35231641918943135,-0.22648386503280157,0.10828473910421633
0.28498169120375005,-0.31394547815672524,0.3465647924720792,-0.37941967875564103,0.4293320681163715,-0.42365386860006293,1.3854362799854139,-0.3388805211935149,0.2609173697281874,-0.11677139737197009
-0.21119936260638864,0.23278876417302843,-0.2564246805918192,0.2831707512275585,-0.30955935140063173,0.35231641918943135,-0.3388805211935149,1.2915460927898859,-0.2374546091012906,0.1400628848929318
0.14056242060864002,-0.1549051668618861,0.17074815490581738,-0.18804881285840966,0.20782271511988046,-0.22648386503280157,0.2609173697281874,-0.2374546091012906,1.1828498180751639,-0.104005612771337
-0.06631671036334816,0.07308819383064098,-0.08054276435705413,0.08879457863168669,-0.09772829473401784,0.10828473910421633,-0.11677139737197009,0.1400628848929318,-0.104005612771337,1.0369158169279626
