2.634892456749949,-0.00986676300933475,-0.0056503684388345314,-0.012685919568450268,-0.020029793999691334,-0.027959405389679514,-0.03670615182313351,-0.04652514554663203,-0.05779566439589615,-0.05445438739096905
-0.00986676300933475,2.6282577086446524,-0.017736845613223695,-0.01498579447295673,-0.023759523700174284,-0.03316521040545603,-0.04354052970932505,-0.05518773777066427,-0.06855673278375292,-0.0645933380001198
-0.0056503684388345314,-0.017736845613223695,2.6189222826105296,-0.02881044974483823,-0.028121210898164703,-0.039340644567041116,-0.05164740950494792,-0.06546323208619728,-0.08132142192854513,-0.07662007624916715
-0.012685919568450268,-0.01498579447295673,-0.02881044974483823,2.605786866185452,-0.04439157063476748,-0.0466034059019982,-0.061264074259630034,-0.0776519353540458,-0.09646278923626476,-0.09088609237711096
-0.020029793999691334,-0.023759523700174284,-0.028121210898164703,-0.04439157063476748,2.587304671154078,-0.06631499546933896,-0.0726087944871632,-0.09211042490646161,-0.11442335027222833,-0.10780832116929692
-0.027959405389679514,-0.03316521040545603,-0.039340644567041116,-0.0466034059019982,-0.06631499546933896,2.5612992883702037,-0.09716236944049789,-0.10919847708054026,-0.13572836907451574,-0.12788132552238116
-0.03670615182313351,-0.04354052970932505,-0.05164740950494792,-0.061264074259630034,-0.0726087944871632,-0.09716236944049789,2.524708383755376,-0.14056475393030574,-0.16093772876920212,-0.15169204513795825
-0.04652514554663203,-0.05518773777066427,-0.06546323208619728,-0.0776519353540458,-0.09211042490646161,-0.10919847708054026,-0.14056475393030574,2.4732265465966443,-0.20193531971893242,-0.17988461137522482
-0.05779566439589615,-0.06855673278375292,-0.08132142192854513,-0.09646278923626476,-0.11442335027222833,-0.13572836907451574,-0.16093772876920212,-0.20193531971893242,2.400056196646031,-0.22247362654816816
-0.05445438739096905,-0.0645933380001198,-0.07662007624916715,-0.09088609237711096,-0.10780832116929692,-0.12788132552238116,-0.15169204513795825,-0.17988461137522482,-0.22247362654816816,2.0318367454827295
