2.4828243692397454,-1.4358686870958368,-0.05659043951048631,1.0111858282003918,-1.0450199502017414,0.46001106921190876,0.16822231420302713,-0.4425452682954628,0.3415960670298561,-0.10759041898762466
-1.4358686870958368,2.461780947761555,-1.4064938178685993,-0.07276332332956392,0.993902254710813,-0.9934681889133838,0.40270549267025124,0.18431630884901387,-0.3840172633508147,0.22395611142604666
-0.05659043951048631,-1.4064938178685993,2.4132303106894613,-1.3718055885595999,-0.05697069062281321,0.9174865996294268,-0.8940569647696861,0.35562780386018034,0.11353716327939456,-0.20109992971956786
1.0111858282003918,-0.07276332332956392,-1.3718055885595999,2.3813584858807,-1.3717116795850994,-0.010201768486618669,0.8422762754398414,-0.842181813894761,0.38307918949829445,-0.006894260589002673
-1.0450199502017414,0.993902254710813,-0.05697069062281321,-1.3717116795850994,2.3579588421965854,-1.334289516987406,-0.0358232477190224,0.8283125945856162,-0.7820494272884061,0.3071129157900411
0.46001106921190876,-0.9934681889133838,0.9174865996294268,-0.010201768486618669,-1.334289516987406,2.2290396882203387,-1.1824428545671641,-0.0897764434098875,0.6913777088214198,-0.4828191932661205
0.16822231420302713,0.40270549267025124,-0.8940569647696861,0.8422762754398414,-0.0358232477190224,-1.1824428545671641,2.0230182625073567,-1.0752823578976844,0.04150429306560237,0.322894960961567
-0.4425452682954628,0.18431630884901387,0.35562780386018034,-0.842181813894761,0.8283125945856162,-0.0897764434098875,-1.0752823578976844,1.93043387675813,-1.0844234956457055,0.1924741856131393
0.3415960670298561,-0.3840172633508147,0.11353716327939456,0.38307918949829445,-0.7820494272884061,0.6913777088214198,0.04150429306560237,-1.0844234956457055,1.7518438543819614,-0.7842991256616165
-0.10759041898762466,0.22395611142604666,-0.20109992971956786,-0.006894260589002673,0.3071129157900411,-0.4828191932661205,0.322894960961567,0.1924741856131393,-0.7842991256616165,1.0478449566452763
