2.9505798843013475,0.17340521484282823,-0.17173461400985837,-0.17807433735472472,-0.1290374159715616,-0.08539469526996621,-0.055386394278292096,-0.03654618500042454,-0.02502072182262059,-0.015911386644344022
0.17340521484282823,2.9503668259343336,0.1730611498400072,-0.17228933327216028,-0.17896514600691826,-0.13045410924567497,-0.08759343647571359,-0.05858372820484633,-0.040321839615224106,-0.025691934483310995
-0.17173461400985837,0.1730611498400072,2.949811199968415,0.1721653404936322,-0.17372789175261275,-0.18125296037980526,-0.13400488960866402,-0.09275701674571316,-0.06468195820282857,-0.04140958795189845
-0.17807433735472472,-0.17228933327216028,0.1721653404936322,2.9483669266319183,0.16984600727945937,-0.17741648617566494,-0.18697795930809735,-0.14233085474275597,-0.1025927122383554,-0.06645057698674053
-0.1290374159715616,-0.17896514600691826,-0.17372789175261275,0.16984600727945937,2.9446423120816387,0.16392234846117054,-0.18661107860997633,-0.20035221663704356,-0.1581406501380857,-0.1054911196763646
-0.08539469526996621,-0.13045410924567497,-0.18125296037980526,-0.17741648617566494,0.16392234846117054,2.9352206886328376,0.14929595906507082,-0.20789573909774195,-0.22555380136422137,-0.16297866708744796
-0.055386394278292096,-0.08759343647571359,-0.13400488960866402,-0.18697795930809735,-0.18661107860997633,0.14929595906507082,2.9125050759106514,0.11620231966283642,-0.24724124593695762,-0.2339683061769
-0.03654618500042454,-0.05858372820484633,-0.09275701674571316,-0.14233085474275597,-0.20035221663704356,-0.20789573909774195,0.11620231966283642,2.864140429982445,0.05804503720876056,-0.26315581227691054
-0.02502072182262059,-0.040321839615224106,-0.06468195820282857,-0.1025927122383554,-0.1581406501380857,-0.22555380136422137,-0.24724124593695762,0.05804503720876056,2.791379193327542,0.02330800181476446
-0.015911386644344022,-0.025691934483310995,-0.04140958795189845,-0.06645057698674053,-0.1054911196763646,-0.16297866708744796,-0.2339683061769,-0.26315581227691054,0.02330800181476446,2.7001036831630443
