2.537618193147855,-0.20369021790592898,0.012939709147716829,0.003077389767642802,-0.0038834724269814457,0.0034507806269007918,-0.0029910603491122628,0.0025972573658878213,-0.002242971576935023,0.001629493574538174
-0.20369021790592898,2.537593529148472,-0.20366121638054926,0.012905607431285444,0.0031174868525241446,-0.003930599082435155,0.003505943030221547,-0.0030530478230072367,0.0026373467931867555,-0.0019160583139541045
0.012939709147716829,-0.20366121638054926,2.5375594272795383,-0.20362111737716676,0.012858458685938698,0.0031729014220725463,-0.003995462610270374,0.003578831989351721,-0.0031001884636520233,0.0022529512982396777
0.003077389767642802,0.012905607431285444,-0.20362111737716676,2.5375122764891516,-0.20356567708082268,0.012793298936140968,0.00324917189032542,-0.004081170678151956,0.0036342730147150624,-0.0026483104080132908
-0.0038834724269814457,0.0031174868525241446,0.012858458685938698,-0.20356567708082268,2.537447089315701,-0.20348906162031954,0.012703618578718774,0.00334995841676418,-0.00414647570550472,0.003104285334581996
0.0034507806269007918,-0.003930599082435155,0.0031729014220725463,0.012793298936140968,-0.20348906162031954,2.537357041211438,-0.20338364880251567,0.012585045778575915,0.003428046714890923,-0.0035387917171171186
-0.0029910603491122628,0.003505943030221547,-0.003995462610270374,0.00324917189032542,0.012703618578718774,-0.20338364880251567,2.5372335369844787,-0.20324352267084744,0.01247841738137126,0.0028903732174172447
0.0025972573658878213,-0.0030530478230072367,0.003578831989351721,-0.004081170678151956,0.00334995841676418,0.012585045778575915,-0.20324352267084744,2.5370607789357225,-0.2029492786588613,0.011093456857013698
-0.002242971576935023,0.0026373467931867555,-0.0031001884636520233,0.0036342730147150624,-0.00414647570550472,0.003428046714890923,0.01247841738137126,-0.2029492786588613,2.534789030271301,-0.1783162229463135
0.001629493574538174,-0.0019160583139541045,0.0022529512982396777,-0.0026483104080132908,0.003104285334581996,-0.0035387917171171186,0.0028903732174172447,0.011093456857013698,-0.1783162229463135,2.243474871804551
