1.721210940285265,-0.7691991285734574,0.6091247978559977,-0.4981825190451112,0.403970789401021,-0.31913496896296567,0.24100027523227224,-0.1679565359699994,0.0993112324657873,-0.038183451235541
-0.7691991285734574,1.7008869347004036,-0.7457729606269601,0.5821231437980992,-0.46706063303058293,0.3681053370289571,-0.2778326825545405,0.19360145117052419,-0.11447137675970422,0.044011905497095244
0.6091247978559977,-0.7457729606269601,1.6738851046525391,-0.7146498987680119,0.5462509567456424,-0.4257208432399622,0.32049885821115975,-0.2231991090560964,0.13195249895701386,-0.050731054954475864
-0.4981825190451112,0.5821231437980992,-0.7146498987680119,1.6380117960933698,-0.6733026158376327,0.4986015607692911,-0.3708482771678424,0.25752661349231093,-0.15214044766913326,0.05848163216923344
0.403970789401021,-0.46706063303058293,0.5462509567456424,-0.6733026158376327,1.5903552532475915,-0.6183822992787329,0.43535582385914645,-0.2982666211353745,0.17562298509578897,-0.06744749419462759
-0.31913496896296567,0.3681053370289571,-0.4257208432399622,0.4986015607692911,-0.6183822992787329,1.5270639724793176,-0.5454963503782151,0.3517093499150642,-0.20386829207299345,0.07796022117185086
0.24100027523227224,-0.2778326825545405,0.32049885821115975,-0.3708482771678424,0.43535582385914645,-0.5454963503782151,1.4431272675418634,-0.4491588965908364,0.2429401972190739,-0.09106356430904716
-0.1679565359699994,0.19360145117052419,-0.2231991090560964,0.25752661349231093,-0.2982666211353745,0.3517093499150642,-0.4491588965908364,1.3325086002686342,-0.3239969791129368,0.11161813981198146
0.0993112324657873,-0.11447137675970422,0.13195249895701386,-0.15214044766913326,0.17562298509578897,-0.20386829207299345,0.2429401972190739,-0.3239969791129368,1.189400399239608,-0.16544788847267805
-0.038183451235541,0.044011905497095244,-0.050731054954475864,0.05848163216923344,-0.06744749419462759,0.07796022117185086,-0.09106356430904716,0.11161813981198146,-0.16544788847267805,0.966941724000129
