2.7267965175354596,0.2788119828213318,0.30439698679022625,0.18467065378713088,0.12036402878732255,0.07692326326932195,0.04832061712671385,0.028840000901303713,0.01533099972028107,-0.00011045466565785453
0.2788119828213318,2.72651340040875,0.278375567415416,0.3037242587503332,0.1836337389355796,0.11876491357469898,0.07446572263829515,0.044457849915585546,0.02363206264220242,-0.00017024149886366138
0.30439698679022625,0.278375567415416,2.7258406809278344,0.2773385800595879,0.3021258898316707,0.18116875730631693,0.11497669847092307,0.06851139799107142,0.03642999635038363,-0.00026263112383881544
0.18467065378713088,0.3037242587503332,0.2773385800595879,2.7242421799089063,0.2748747174698356,0.29832615633939275,0.1753292778983564,0.10579819893927478,0.05613651925646759,-0.00040274290533418846
0.12036402878732255,0.1836337389355796,0.3021258898316707,0.2748747174698356,2.7204444852676217,0.26901796667486,0.28932543296646795,0.16118186427484482,0.08672466444809734,-0.0006417890503426312
0.07692326326932195,0.11876491357469898,0.18116875730631693,0.29832615633939275,0.26901796667486,2.7114122940293965,0.25513712166368563,0.26750808039650004,0.1317610672811117,-0.0007792979624893018
0.04832061712671385,0.07446572263829515,0.11497669847092307,0.1753292778983564,0.28932543296646795,0.25513712166368563,2.6900806201822185,0.221602073450773,0.222352527938956,-0.003303907297854374
0.028840000901303713,0.044457849915585546,0.06851139799107142,0.10579819893927478,0.16118186427484482,0.26750808039650004,0.221602073450773,2.637429045369129,0.15003693460305362,0.01596007672578381
0.01533099972028107,0.02363206264220242,0.03642999635038363,0.05613651925646759,0.08672466444809734,0.1317610672811117,0.222352527938956,0.15003693460305362,2.54673108213373,-0.18619289635177028
-0.00011045466565785453,-0.00017024149886366138,-0.00026263112383881544,-0.00040274290533418846,-0.0006417890503426312,-0.0007792979624893018,-0.003303907297854374,0.01596007672578381,-0.18619289635177028,2.209494903783863
