1.9258011890071334,1.130941121899893,0.7332921744648402,0.45978806891694246,0.29149375597580274,0.18286396722858472,0.11347513974309309,0.06785251566291653,0.03708102699546993,0.012347502617726807
1.130941121899893,1.9253958127727733,1.1303016984068979,0.7322824847957916,0.4581979849535817,0.28897286930414734,0.17893341041221217,0.10708877661427975,0.058500198795609304,0.019481144210978577
0.7332921744648402,1.1303016984068979,1.9243872124906836,1.128709057261253,0.7297743477285946,0.4542216626551062,0.2827728972457203,0.16886012409402534,0.09233565735365037,0.0307434481689298
0.45978806891694246,0.7322824847957916,1.128709057261253,1.9218723284438806,1.124748572546089,0.7234954126161542,0.4444318190309255,0.26686538859156916,0.14556860608510874,0.04848807971128505
0.29149375597580274,0.4581979849535817,0.7297743477285946,1.124748572546089,1.9156351798917055,1.1148606408635278,0.7080769515963357,0.4193848347383837,0.23016737486937283,0.07658670661536109
0.18286396722858472,0.28897286930414734,0.4542216626551062,0.7234954126161542,1.1148606408635278,1.8999579191243356,1.0904211524879905,0.6683500835366953,0.36127519247657,0.12052826092659769
0.11347513974309309,0.17893341041221217,0.2827728972457203,0.4444318190309255,0.7080769515963357,1.0904211524879905,1.861833894392974,1.0285490615115223,0.5774697937930683,0.19140693066885633
0.06785251566291653,0.10708877661427975,0.16886012409402534,0.26686538859156916,0.4193848347383837,0.6683500835366953,1.0285490615115223,1.7610265983082851,0.8819830473966046,0.297175676387515
0.03708102699546993,0.058500198795609304,0.09233565735365037,0.14556860608510874,0.23016737486937283,0.36127519247657,0.5774697937930683,0.8819830473966046,1.5422141323884744,0.487876487380606
0.012347502617726807,0.019481144210978577,0.0307434481689298,0.04848807971128505,0.07658670661536109,0.12052826092659769,0.19140693066885633,0.297175676387515,0.487876487380606,0.7313577387858836
