3.4231866233322696,-2.859366325504936,2.4189174590466123,-2.039613598140555,1.6984005570405112,-1.3914058825637785,1.112152826904922,-0.8541980343273727,0.6176320043384232,-0.37018128243691617
-2.859366325504936,3.3682659016323675,-2.7961353319432223,2.346117200178712,-1.9558039452522273,1.6018741495292828,-1.280456446507762,0.9834509732653273,-0.7110914572319778,0.42619628753243777
2.4189174590466123,-2.7961353319432223,3.2954671760705545,-2.712319377641184,2.249625976910703,-1.8446717445727785,1.4741365162939526,-1.1322801989558402,0.8186904093238887,-0.4906886548728516
-2.039613598140555,2.346117200178712,-2.712319377641184,3.198966665420405,-2.6012253452293876,2.121675229337222,-1.6976025198866629,1.3035355768183934,-0.9425848771368504,0.5649332372583264
1.6984005570405112,-1.9558039452522273,2.249625976910703,-2.6012253452293876,3.071072172411952,-2.453924931682728,1.9523651438624727,-1.501201854317872,1.0851541199199217,-0.6504474293185053
-1.3914058825637785,1.6018741495292828,-1.8446717445727785,2.121675229337222,-2.453924931682728,2.9014213476375375,-2.258924599231667,1.7261648603854398,-1.249679317168297,0.7487171142851131
1.112152826904922,-1.280456446507762,1.4741365162939526,-1.6976025198866629,1.9523651438624727,-2.258924599231667,2.6772849548025985,-1.9989201099845892,1.4370872377848443,-0.8628267766278153
-0.8541980343273727,0.9834509732653273,-1.1322801989558402,1.3035355768183934,-1.501201854317872,1.7261648603854398,-1.9989201099845892,2.375706148491436,-1.6634435673930694,0.9891002766761225
0.6176320043384232,-0.7110914572319778,0.8186904093238887,-0.9425848771368504,1.0851541199199217,-1.249679317168297,1.4370872377848443,-1.6634435673930694,2.0034400569762627,-1.1613284297833828
-0.37018128243691617,0.42619628753243777,-0.4906886548728516,0.5649332372583264,-0.6504474293185053,0.7487171142851131,-0.8628267766278153,0.9891002766761225,-1.1613284297833828,1.3534779277998563
