2.409498380576051,0.2738554063206397,0.4317983407398183,0.05325042231257535,0.09950472242309957,0.009965453054221383,0.022930112360976723,0.0017362417758238465,0.005050866935937976,0.0001556240127131304
0.2738554063206397,2.409500101161079,0.27385543327829304,0.43180571126968686,0.05325132005346085,0.0995363788470302,0.009972657250401029,0.023066432092094174,0.001781559604642264,0.005639407832649877
0.4317983407398183,0.27385543327829304,2.409484430921583,0.27385388547742406,0.4317384458961963,0.0532375527283757,0.09924688242907961,0.009882977495594143,0.02181726906366141,0.0012649585923298176
0.05325042231257535,0.43180571126968686,0.27385388547742406,2.4095158277762962,0.273850590137664,0.43187253971505807,0.05323767453288586,0.0998210947145248,0.009944445826011627,0.024282611518755028
0.09950472242309957,0.05325132005346085,0.4317384458961963,0.273850590137664,2.4092274428523655,0.27380587014937047,0.430632908202672,0.05291460614067126,0.09447861320019862,0.00799399407056741
0.009965453054221383,0.0995363788470302,0.0532375527283757,0.43187253971505807,0.27380587014937047,2.409796895640638,0.27367481753252565,0.4330574360219151,0.05261076823221577,0.10482836606318258
0.022930112360976723,0.009972657250401029,0.09924688242907961,0.05323767453288586,0.430632908202672,0.27367481753252565,2.404474794634825,0.2725487542917274,0.41014829743025244,0.04535731411459523
0.0017362417758238465,0.023066432092094174,0.009882977495594143,0.0998210947145248,0.05291460614067126,0.4330574360219151,0.2725487542917274,2.414737276697515,0.2688161280636079,0.4536968021712514
0.005050866935937976,0.001781559604642264,0.02181726906366141,0.009944445826011627,0.09447861320019862,0.05261076823221577,0.41014829743025244,0.2688161280636079,2.316242520855636,0.24237854479159837
0.0001556240127131304,0.005639407832649877,0.0012649585923298176,0.024282611518755028,0.00799399407056741,0.10482836606318258,0.04535731411459523,0.4536968021712514,0.24237854479159837,2.499914265142448
