1.3220964470461884,0.18737049806023992,-0.0006889693765923333,-0.055044969438330725,-0.02891982858069748,0.0007250687303360394,0.008721692280056606,0.004347220324566454,8.766530357791677e-06,-0.0006089922525001218
0.18737049806023992,1.322093578719795,0.1873737311879151,-0.0006732822380995233,-0.05502760555618883,-0.028942087545674677,0.000625233340451393,0.0086169505835015,0.004499330799417036,0.0006433332948077898
-0.0006889693765923333,0.1873737311879151,1.3220822918408683,0.18734219367670085,-0.0006917923375722699,-0.05495312732576786,-0.028743656970156503,0.000729835947621493,0.008126838950765698,0.003252475731573676
-0.055044969438330725,-0.0006732822380995233,0.18734219367670085,1.3219713791824135,0.1872491546324929,-0.00048051959766662333,-0.05425139362272785,-0.028195217566300453,-0.0006797627144444513,0.003692625791081551
-0.02891982858069748,-0.05502760555618883,-0.0006917923375722699,0.1872491546324929,1.3218661164662286,0.1873770388933555,0.00011191209824661642,-0.05361545192466806,-0.02907175624530091,-0.004447336577007309
0.0007250687303360394,-0.028942087545674677,-0.05495312732576786,-0.00048051959766662333,0.1873770388933555,1.3213742200216005,0.18604719417913768,-0.0006139259899458406,-0.05037579505708837,-0.02071211785441701
0.008721692280056606,0.000625233340451393,-0.028743656970156503,-0.05425139362272785,0.00011191209824661642,0.18604719417913768,1.3169338927861527,0.18255282651925128,0.008261954383518911,-0.022314293518324806
0.004347220324566454,0.0086169505835015,0.000729835947621493,-0.028195217566300453,-0.05361545192466806,-0.0006139259899458406,0.18255282651925128,1.3130853688863966,0.1875461625374413,0.0304979652861342
8.766530357791677e-06,0.004499330799417036,0.008126838950765698,-0.0006797627144444513,-0.02907175624530091,-0.05037579505708837,0.008261954383518911,0.1875461625374413,1.291732488372277,0.131730129951962
-0.0006089922525001218,0.0006433332948077898,0.003252475731573676,0.003692625791081551,-0.004447336577007309,-0.02071211785441701,-0.022314293518324806,0.0304979652861342,0.131730129951962,1.1143712151291274
