2.940607215394232,2.1671972138169964,1.9210298479629258,1.6267856417420314,1.3811531204426093,1.1256528011122635,0.8903290252306783,0.6558324272073857,0.42891812455015643,0.20553697304962149
2.1671972138169964,2.838966941088113,2.056177460403018,1.7998965411366759,1.4943887774913345,1.2368435823951267,0.9676664869295656,0.7185763741338556,0.4670198048149418,0.2250107414210103
1.9210298479629258,2.056177460403018,2.7176907117361404,1.9238732575145465,1.6552553825754135,1.3367935153721178,1.0642073382742618,0.7801697047727897,0.512137109384124,0.24462734987418688
1.6267856417420314,1.7998965411366759,1.9238732575145465,2.5733210982876242,1.7661019437902685,1.4832491995967527,1.1485537553248304,0.8594468527521069,0.5552772241478763,0.26890837170012544
1.3811531204426093,1.4943887774913345,1.6552553825754135,1.7661019437902685,2.4007989941979724,1.578196672324847,1.2772916317880074,0.9250728927358234,0.6130285248175547,0.2904366897867306
1.1256528011122635,1.2368435823951267,1.3367935153721178,1.4832491995967527,1.578196672324847,2.195821648754766,1.3540802994185124,1.033147695820963,0.6575503600208308,0.3226118105785246
0.8903290252306783,0.9676664869295656,1.0642073382742618,1.1485537553248304,1.2772916317880074,1.3540802994185124,1.9498153430078604,1.0877652021297968,0.7384097591565324,0.34265427082221145
0.6558324272073857,0.7185763741338556,0.7801697047727897,0.8594468527521069,0.9250728927358234,1.033147695820963,1.0877652021297968,1.6586158087701415,0.7705750505550386,0.39079108550363567
0.42891812455015643,0.4670198048149418,0.512137109384124,0.5552772241478763,0.6130285248175547,0.6575503600208308,0.7384097591565324,0.7705750505550386,1.3042743607956522,0.39766200595531837
0.20553697304962149,0.2250107414210103,0.24462734987418688,0.26890837170012544,0.2904366897867306,0.3226118105785246,0.34265427082221145,0.39079108550363567,0.39766200595531837,0.885589336003539
