3.147849936091951,1.3547019290344398,1.098498686319953,0.8301002179577716,0.61060198016977,0.4239849803914578,0.26032957731235035,0.11131155058743158,-0.04137310759111963,-0.01841359618991137
1.3547019290344398,3.1179374509333844,1.3169681238645503,1.0508985000927318,0.7700537402593121,0.5348569283188125,0.3283982335805917,0.14041659521983077,-0.05219107709498886,-0.023228262069745254
1.098498686319953,1.3169681238645503,3.0703372584033626,1.256921753807797,0.9751514640774737,0.6745033701053162,0.41427678722154526,0.17713119309430037,-0.06583762494062655,-0.02930183558144831
0.8301002179577716,1.0508985000927318,1.256921753807797,2.994590368204997,1.161368893335535,0.8546172271263095,0.5223947464036938,0.22345746044216522,-0.08305298939331096,-0.03696347803003787
0.61060198016977,0.7700537402593121,0.9751514640774737,1.161368893335535,2.874052757742907,1.0093178837808352,0.6627358962432497,0.28168080580370425,-0.10475857952904175,-0.04662860282143727
0.4239849803914578,0.5348569283188125,0.6745033701053162,0.8546172271263095,1.0093178837808352,2.682249473893751,0.767271025227759,0.35908959151343833,-0.13234380928764955,-0.058817846932559495
0.26032957731235035,0.3283982335805917,0.41427678722154526,0.5223947464036938,0.6627358962432497,0.767271025227759,2.3767975311699305,0.3840838062371995,-0.1633967542230187,-0.07425026210157443
0.11131155058743158,0.14041659521983077,0.17713119309430037,0.22345746044216522,0.28168080580370425,0.35908959151343833,0.3840838062371995,1.8960850799983657,-0.2712536541456282,-0.09269066880292276
-0.04137310759111963,-0.05219107709498886,-0.06583762494062655,-0.08305298939331096,-0.10475857952904175,-0.13234380928764955,-0.1633967542230187,-0.2712536541456282,1.0003414823098329,-0.13479100048351345
-0.01841359618991137,-0.023228262069745254,-0.02930183558144831,-0.03696347803003787,-0.04662860282143727,-0.058817846932559495,-0.07425026210157443,-0.09269066880292276,-0.13479100048351345,0.30558187342296916
