2.657535452372529,1.1321294381293359,0.520239431483914,0.25019255987702427,0.12807769619740064,0.07065990807660974,0.041993463235507504,0.02632719161377564,0.016441214908812285,0.008451727648722224
1.1321294381293359,2.6574674457153398,1.1320354222121771,0.5201053396516164,0.24999208704931958,0.12775796994122768,0.0701085641313497,0.04096232493241111,0.024254455274422174,0.01203596941846614
0.520239431483914,1.1320354222121771,2.6573372353934728,1.131849174986411,0.5198257368803891,0.24954376759086794,0.12698023497611374,0.0686456926248244,0.03800795705397809,0.017954228246144607
0.25019255987702427,0.5201053396516164,1.131849174986411,2.6570696454780656,1.131444882230472,0.5191721797703234,0.24839974575073148,0.12481012307682275,0.06423293142640515,0.028551601454219127
0.12807769619740064,0.24999208704931958,0.5198257368803891,1.131444882230472,2.6564532668601157,1.1304371182824464,0.5173863849288657,0.24497378985370966,0.11778095508128761,0.04907423671877898
0.07065990807660974,0.12775796994122768,0.24954376759086794,0.5191721797703234,1.1304371182824464,2.654782535438777,1.127432865854069,0.5115466367448126,0.23286915103986763,0.09149126135738739
0.041993463235507504,0.0701085641313497,0.12698023497611374,0.24839974575073148,0.5173863849288657,1.127432865854069,2.649298896120245,1.116633353757746,0.48893806895355196,0.18343285363093625
0.02632719161377564,0.04096232493241111,0.0686456926248244,0.12481012307682275,0.24497378985370966,0.5115466367448126,1.116633353757746,2.6277924468300036,1.0712362826664368,0.38911950736755757
0.016441214908812285,0.024254455274422174,0.03800795705397809,0.06423293142640515,0.11778095508128761,0.23286915103986763,0.48893806895355196,1.0712362826664368,2.531384823043918,0.8584046994848584
0.008451727648722224,0.01203596941846614,0.017954228246144607,0.028551601454219127,0.04907423671877898,0.09149126135738739,0.18343285363093625,0.38911950736755757,0.8584046994848584,2.0602920805831313
