6.351792791879037,4.364816159348209,3.8530243966284825,2.7268402397856337,2.321720247220449,1.6059412484315332,1.2707152285600045,0.7914791004027529,0.4814588988454223,0.12883679649920793
4.364816159348209,6.299658507934413,4.30210879038504,3.7716310963280852,2.6295736826999097,2.194579784245054,1.4551637706180687,1.0719924490503496,0.5579255559476921,0.17062721873582512
3.8530243966284825,4.30210879038504,6.2168191192625795,4.204995768101902,3.6420319917672512,2.4793165543467577,1.9916492871590954,1.2229358032447366,0.7539134933893112,0.1994802697759645
2.7268402397856337,3.7716310963280852,4.204995768101902,6.089662355114952,4.054479330386613,3.4432539654599297,2.246209753742334,1.6806768672305656,0.8622517116573243,0.26699792052723964
2.321720247220449,2.6295736826999097,3.6420319917672512,4.054479330386613,5.88675938954955,3.821810484852695,3.125268317710985,1.8870099489794083,1.1817588609347858,0.3085601546255898
1.6059412484315332,2.194579784245054,2.4793165543467577,3.4432539654599297,3.821810484852695,5.575740470840849,3.461871005123154,2.638195154421468,1.330811537063945,0.41817989900540065
1.2707152285600045,1.4551637706180687,1.9916492871590954,2.246209753742334,3.125268317710985,3.461871005123154,5.0769009976777735,2.9069218516204476,1.8546110950625367,0.476736955310783
0.7914791004027529,1.0719924490503496,1.2229358032447366,1.6806768672305656,1.8870099489794083,2.638195154421468,2.9069218516204476,4.313189398872545,2.0507373612556927,0.6556597589342104
0.4814588988454223,0.5579255559476921,0.7539134933893112,0.8622517116573243,1.1817588609347858,1.330811537063945,1.8546110950625367,2.0507373612556927,3.080674890203104,0.7355617829342631
0.12883679649920793,0.17062721873582512,0.1994802697759645,0.26699792052723964,0.3085601546255898,0.41817989900540065,0.476736955310783,0.6556597589342104,0.7355617829342631,1.1953668186044963
