4.391750896760779,-3.4894155949997154,3.013201231902575,-2.5655110054895274,2.147918961935118,-1.7553968351642752,1.3833660702696973,-1.027483498273042,0.683606427608877,-0.3472056789170069
-3.4894155949997154,4.266876336571954,-3.3503006832664957,2.8582220380836985,-2.3928584104726895,1.9555775394853203,-1.5411213321391686,1.1446548917428783,-0.7615630252724104,0.38680006001844774
3.013201231902575,-3.3503006832664957,4.111897142753154,-3.1776480882463627,2.66588061577991,-2.178582900983128,1.7168666471718321,-1.2751881870672155,0.8484095790578903,-0.430909675488742
-2.5655110054895274,2.8582220380836985,-3.1776480882463627,3.9195557204455995,-2.9633725789193557,2.42716971626466,-1.9126500747633561,1.4206072173272009,-0.9451598733478156,0.4800494302811221
2.147918961935118,-2.3928584104726895,2.66588061577991,-2.9633725789193557,3.6808448211161156,-2.697439744681761,2.130910641639038,-1.5826060340087,1.052943382016349,-0.5347929459334761
-1.7553968351642752,1.9555775394853203,-2.178582900983128,2.42716971626466,-2.697439744681761,3.384585737327789,-2.367396099397471,1.7632292855389338,-1.1730148254148953,0.5957793361598671
1.3833660702696973,-1.5411213321391686,1.7168666471718321,-1.9126500747633561,2.130910641639038,-2.367396099397471,3.0169048331680437,-1.9577853846602054,1.306929433457812,-0.6637171460840445
-1.027483498273042,1.1446548917428783,-1.2751881870672155,1.4206072173272009,-1.5826060340087,1.7632292855389338,-1.9577853846602054,2.560582689622799,-1.4494498245305927,0.7395485301001719
0.683606427608877,-0.7615630252724104,0.8484095790578903,-0.9451598733478156,1.052943382016349,-1.1730148254148953,1.306929433457812,-1.4494498245305927,1.9943012883630102,-0.8175574893635634
-0.3472056789170069,0.38680006001844774,-0.430909675488742,0.4800494302811221,-0.5347929459334761,0.5957793361598671,-0.6637171460840445,0.7395485301001719,-0.8175574893635634,1.2818875745033183
