0.9766386863207244,0.4434645238462296,0.3494532677611777,0.27227250177294005,0.20888337634001014,0.1567367523178519,0.11368940065861094,0.07793295560938686,0.047933479315718716,0.022379808092870823
0.4434645238462296,0.9738017564297679,0.4397954351161732,0.34475605505826223,0.2663093769245711,0.20136628626362102,0.14731729295585066,0.10194677429070251,0.06335960080227523,0.02991793372226553
0.3494532677611777,0.4397954351161732,0.9690241845683344,0.43364544776002945,0.33691306710465646,0.2563846753019426,0.18888931448576946,0.13171926906795,0.08254113613616108,0.03931867817525857
0.27227250177294005,0.34475605505826223,0.43364544776002945,0.9610725752976693,0.4234681644519045,0.3239955798049522,0.24010371644065975,0.1684910630799727,0.10629330325284882,0.05098935226779194
0.20888337634001014,0.2663093769245711,0.33691306710465646,0.4234681644519045,0.9480082647766006,0.40684579142141253,0.3030018844317062,0.21375462876063483,0.13559756582546822,0.06542069034946663
0.1567367523178519,0.20136628626362102,0.2563846753019426,0.3239955798049522,0.40684579142141253,0.9268161087428196,0.3800352148780617,0.2693035267335095,0.17163423384181412,0.08320325626904373
0.11368940065861094,0.14731729295585066,0.18888931448576946,0.24010371644065975,0.3030018844317062,0.3800352148780617,0.8928494921587733,0.3372910263672315,0.21582128889292504,0.10504698815246821
0.07793295560938686,0.10194677429070251,0.13171926906795,0.1684910630799727,0.21375462876063483,0.2693035267335095,0.3372910263672315,0.839004649307991,0.26986060010224244,0.13180447078015062
0.047933479315718716,0.06335960080227523,0.08254113613616108,0.10629330325284882,0.13559756582546822,0.17163423384181412,0.21582128889292504,0.26986060010224244,0.7544976987136616,0.1644986331797637
0.022379808092870823,0.02991793372226553,0.03931867817525857,0.05098935226779194,0.06542069034946663,0.08320325626904373,0.10504698815246821,0.13180447078015062,0.1644986331797637,0.6230604845929839
