3.070363622075104,-1.976035296544853,1.4482095273950284,-0.902492437201114,0.43313024276891565,-0.09118505085713616,-0.10887236537650136,0.180386605179514,-0.1555708781877143,0.07751205431957466
-1.976035296544853,3.0568736781783894,-1.9653805026340354,1.4443771736424504,-0.9101338231039927,0.4568743786761338,-0.13457691324053236,-0.04477648532581905,0.09863834314293775,-0.06491552333932417
1.4482095273950284,-1.9653805026340354,3.0471281042078626,-1.9592575419712415,1.44527334638521,-0.9217375326326089,0.4824915847837535,-0.17616964260243897,0.012219966980404994,0.030618979350036102
-0.902492437201114,1.4443771736424504,-1.9592575419712415,3.038832635737612,-1.9494656446223817,1.4353751696531551,-0.9139180491737346,0.4796759292703767,-0.18177035201435024,0.029633592183302436
0.43313024276891565,-0.9101338231039927,1.44527334638521,-1.9494656446223817,3.0146467671769583,-1.9083883532849142,1.3773536120132062,-0.8427113144098197,0.40411628187252885,-0.11657365697263616
-0.09118505085713616,0.4568743786761338,-0.9217375326326089,1.4353751696531551,-1.9083883532849142,2.934416103126275,-1.7854849411973097,1.215980680738714,-0.6581234173950252,0.22528822176347807
-0.10887236537650136,-0.13457691324053236,0.4824915847837535,-0.9139180491737346,1.3773536120132062,-1.7854849411973097,2.7385208421794713,-1.5205385775010738,0.9037625408369248,-0.34320418603308633
0.180386605179514,-0.04477648532581905,-0.17616964260243897,0.4796759292703767,-0.8427113144098197,1.215980680738714,-1.5205385775010738,2.372640424112913,-1.0807083556907562,0.44869170394304025
-0.1555708781877143,0.09863834314293775,0.012219966980404994,-0.18177035201435024,0.40411628187252885,-0.6581234173950252,0.9037625408369248,-1.0807083556907562,1.8341557468100267,-0.5109463645923165
0.07751205431957466,-0.06491552333932417,0.030618979350036102,0.029633592183302436,-0.11657365697263616,0.22528822176347807,-0.34320418603308633,0.44869170394304025,-0.5109463645923165,1.2152791429782421
