5.96191971219598,4.153198307247275,3.202791085772937,2.4291953083512254,1.8318509288947924,1.3630912250358944,0.9904536160284773,0.6876124406364557,0.4332653232283717,0.20914478611454798
4.153198307247275,5.942622697850237,4.128053435324215,3.1700261935814216,2.3865011944439076,1.7762185450806887,1.2906001852167988,0.8959902655681845,0.5645640218159946,0.27252500735624
3.202791085772937,4.128053435324215,5.909857806209548,4.085359316795446,3.1143938554987627,2.3140097125641526,1.6817594811454468,1.1675102187605766,0.7356526776742122,0.35511220911758706
2.4291953083512254,3.1700261935814216,4.085359316795446,5.854225461169669,4.012867893287121,3.019934213950726,2.190925329572376,1.5213677521292266,0.9585831751000654,0.4627275918034849
1.8318509288947924,2.3865011944439076,3.1143938554987627,4.012867893287121,5.759765907495053,3.8897827730327186,2.859549780495493,1.98192776374588,1.2491264978198395,0.602949734554
1.3630912250358944,1.7762185450806887,2.3140097125641526,3.019934213950726,3.8897827730327186,5.599380364151158,3.680794519230644,2.587216379317821,1.6271850561745294,0.7857188578798635
0.9904536160284773,1.2906001852167988,1.6817594811454468,2.190925329572376,2.859549780495493,3.680794519230644,5.327060981465616,3.3259341957707647,2.1249726040004457,1.0233575274258002
0.6876124406364557,0.8959902655681845,1.1675102187605766,1.5213677521292266,1.98192776374588,2.587216379317821,3.3259341957707647,4.8646401450353,2.723592219100593,1.33802911114679
0.4332653232283717,0.5645640218159946,0.7356526776742122,0.9585831751000654,1.2491264978198395,1.6271850561745294,2.1249726040004457,2.723592219100593,4.079933029491312,1.6994224298151963
0.20914478611454798,0.27252500735624,0.35511220911758706,0.4627275918034849,0.602949734554,0.7857188578798635,1.0233575274258002,1.33802911114679,1.6994224298151963,2.733251038281163
