2.876875475734316,-0.17332432035383066,0.8078970729804011,-0.11200883803623406,0.34782327995590206,-0.06289691527996033,0.14696968020217366,-0.030633350569133445,0.05437501152958754,-0.009145408645324732
-0.17332432035383066,2.8762479178569675,-0.17278682208913204,0.8064854250856424,-0.11090725464581863,0.3446357320834514,-0.06067252565152667,0.13974237337234624,-0.026231065942875914,0.03791568528909514
0.8078970729804011,-0.17278682208913204,2.874935828916141,-0.1716739899545327,0.8035327335776834,-0.10862993776622272,0.33796542575083804,-0.05608312987776983,0.12461102370634819,-0.017173043470313024
-0.11200883803623406,0.8064854250856424,-0.1716739899545327,2.871749551991613,-0.16942306490100872,0.796311406773611,-0.1041647200148566,0.32152724040575537,-0.04746410795319496,0.08701754716907316
0.34782327995590206,-0.11090725464581863,0.8035327335776834,-0.16942306490100872,2.8650762637584446,-0.16489592659459912,0.7811660267592417,-0.09525435136612251,0.28699986434894764,-0.030459685094899734
-0.06289691527996033,0.3446357320834514,-0.10862993776622272,0.796311406773611,-0.16489592659459912,2.848645074554401,-0.1561308360757846,0.7436054682533387,-0.078933486773969,0.20071923226877086
0.14696968020217366,-0.06067252565152667,0.33796542575083804,-0.1041647200148566,0.7811660267592417,-0.1561308360757846,2.8141012841375135,-0.1394691196450435,0.664441294893535,-0.04878615878359652
-0.030633350569133445,0.13974237337234624,-0.05608312987776983,0.32152724040575537,-0.09525435136612251,0.7436054682533387,-0.1394691196450435,2.7278591634617406,-0.11012149891916329,0.4654157223730162
0.05437501152958754,-0.026231065942875914,0.12461102370634819,-0.04746410795319496,0.28699986434894764,-0.078933486773969,0.664441294893535,-0.11012149891916329,2.545439885071037,-0.061876833562398856
-0.009145408645324732,0.03791568528909514,-0.017173043470313024,0.08701754716907316,-0.030459685094899734,0.20071923226877086,-0.04878615878359652,0.4654157223730162,-0.061876833562398856,2.08393664953523
