3.1472835398656165,1.0296798953973088,0.07570790780467371,-0.2995052625208552,-0.3775419857931322,-0.3273263104078919,-0.23944195515210398,-0.15555506407246805,-0.08970303526833164,-0.04196406146543563
1.0296798953973088,3.1467852441506152,1.028658682861615,0.07387254549578141,-0.3024697700787984,-0.38183611037765947,-0.3327329526632266,-0.244756314835192,-0.1576260626853295,-0.0819827603750282
0.07570790780467371,1.028658682861615,3.1446861950987284,1.024878193471122,0.06775440511972577,-0.3113514439051338,-0.3930545837934106,-0.34383542150156104,-0.24928708138352162,-0.1421290317840002
-0.2995052625208552,0.07387254549578141,1.024878193471122,3.1378670048112753,1.0138271121694027,0.051686517984805,-0.3316927942560229,-0.4132823033328784,-0.3523498798752141,-0.22185681484113368
-0.3775419857931322,-0.3024697700787984,0.06775440511972577,1.0138271121694027,3.119935273583586,0.9877180736096405,0.01856592025376927,-0.36477017525614325,-0.42758469038808095,-0.3086677178921034
-0.3273263104078919,-0.38183611037765947,-0.3113514439051338,0.051686517984805,0.9877180736096405,3.0818593727483528,0.9393064468985407,-0.030014075949424474,-0.3863921485337732,-0.36533709891207705
-0.23944195515210398,-0.3327329526632266,-0.3930545837934106,-0.3316927942560229,0.01856592025376927,0.9393064468985407,3.020104975880567,0.8769161305674581,-0.05889853981781151,-0.3099016592986058
-0.15555506407246805,-0.244756314835192,-0.34383542150156104,-0.4132823033328784,-0.36477017525614325,-0.030014075949424474,0.8769161305674581,2.9561944340464947,0.845017995630916,0.012307850296947483
-0.08970303526833164,-0.1576260626853295,-0.24928708138352162,-0.3523498798752141,-0.42758469038808095,-0.3863921485337732,-0.05889853981781151,0.845017995630916,2.934278854601342,0.8620058424339674
-0.04196406146543563,-0.0819827603750282,-0.1421290317840002,-0.22185681484113368,-0.3086677178921034,-0.36533709891207705,-0.3099016592986058,0.012307850296947483,0.8620058424339674,2.7975353129805085
