7.9202427693967214,6.115685614979791,5.232374697867316,4.434407012363165,3.7027626134903375,3.0250259919764204,2.390971385699818,1.7913520262842746,1.2174897347276619,0.661036728291563
6.115685614979791,7.73931138569365,5.911710405600385,5.002420727462962,4.1751654764656285,3.4105030142599606,2.6955416020190666,2.0195152866633364,1.372555101053653,0.7452286836725514
5.232374697867316,5.911710405600385,7.509357437475389,5.652468983303695,4.710161610038174,3.8456830421469617,3.0390547599276,2.276776041099948,1.5473795188767707,0.8401461077488861
4.434407012363165,5.002420727462962,5.652468983303695,7.217098419922583,5.322987060365845,4.338715524581684,3.4269262846491286,2.566954305532861,1.7445082360674586,0.9471627912653073
3.7027626134903375,4.1751654764656285,4.710161610038174,5.322987060365845,6.845652784045643,4.904232604878501,3.866624833507811,2.8946981087295387,1.9668965432084213,1.0678507541447053
3.0250259919764204,3.4105030142599606,3.8456830421469617,4.338715524581684,4.904232604878501,6.373564116780254,4.3720147915930045,3.266611021340053,2.218219019563203,1.2040751101144294
2.390971385699818,2.6955416020190666,3.0390547599276,3.4269262846491286,3.866624833507811,4.3720147915930045,5.773559414904082,3.6955823504266956,2.503987432432367,1.358309379402075
1.7913520262842746,2.0195152866633364,2.276776041099948,2.566954305532861,2.8946981087295387,3.266611021340053,3.6955823504266956,5.010976836503798,2.8358826989505888,1.5348229655663905
1.2174897347276619,1.372555101053653,1.5473795188767707,1.7445082360674586,1.9668965432084213,2.218219019563203,2.503987432432367,2.8358826989505888,4.041996980821937,1.7443420694968124
0.661036728291563,0.7452286836725514,0.8401461077488861,0.9471627912653073,1.0678507541447053,1.2040751101144294,1.358309379402075,1.5348229655663905,1.7443420694968124,2.815662931788413
