1.8425920838078076,0.3718567214409869,0.6635587742310418,0.10986913970685942,0.28317613974476696,0.02607177059644146,0.11865128424016808,0.0032744794409622826,0.04165418813233854,-0.0002584020848211203
0.3718567214409869,1.8418410984375826,0.37235117698185977,0.6619620297411538,0.11067884955534324,0.2797352244405442,0.02724072257022995,0.11112679849001753,0.004476086955735002,0.02494242085673335
0.6635587742310418,0.37235117698185977,1.840261381067506,0.3731641229867565,0.6585600632604126,0.11186248977592,0.2723012172005589,0.028492594509744642,0.09462828191957913,0.004158780328819342
0.10986913970685942,0.6619620297411538,0.3731641229867565,1.836821080823754,0.3743404775328109,0.6510383691429378,0.11308129354080111,0.2555990031284475,0.028062125788047787,0.05694417637368768
0.28317613974476696,0.11067884955534324,0.6585600632604126,0.3743404775328109,1.8293856888761613,0.375575683796976,0.6345335676701442,0.11272527238179568,0.21837348904380027,0.020185560734711686
0.02607177059644146,0.2797352244405442,0.11186248977592,0.6510383691429378,0.375575683796976,1.8126865922457451,0.3751827351054633,0.5968636115494109,0.1046811008714323,0.13203690457890832
0.11865128424016808,0.02724072257022995,0.2723012172005589,0.11308129354080111,0.6345335676701442,0.3751827351054633,1.7754540597532604,0.3672216998680221,0.5115276153150714,0.07053926854625045
0.0032744794409622826,0.11112679849001753,0.028492594509744642,0.2555990031284475,0.11272527238179568,0.5968636115494109,0.3672216998680221,1.6891332760806188,0.3328926998821247,0.3106660183112459
0.04165418813233854,0.004476086955735002,0.09462828191957913,0.028062125788047787,0.21837348904380027,0.1046811008714323,0.5115276153150714,0.3328926998821247,1.4904887662115716,0.21785243023771061
-0.0002584020848211203,0.02494242085673335,0.004158780328819342,0.05694417637368768,0.020185560734711686,0.13203690457890832,0.07053926854625045,0.3106660183112459,0.21785243023771061,1.016417446261983
