2.7463030955341994,-0.361826860852027,0.11096198548439451,0.004902898600988223,0.011848173767893527,0.004505150109866061,0.0026144692172876136,0.0012730335436529486,0.000626649795823863,0.00011517357684969256
-0.361826860852027,2.7463019124519406,-0.36182913681496776,0.11095759740623445,0.004894493231005953,0.011831762688475179,0.004474877206528739,0.0025487414884559217,0.0011887867025907944,0.00022491447419149536
0.11096198548439451,-0.36182913681496776,2.7462975340612426,-0.36183757844628506,0.11094142774635637,0.004862921058722522,0.011773532136282325,0.004348392671601763,0.0023869001850001545,0.00041464755731145694
0.004902898600988223,0.11095759740623445,-0.36183757844628506,2.74628125871235,-0.3618687550119115,0.11088056333699275,0.004750611386471824,0.011529897567749647,0.004035061515375989,0.0009017134221680823
0.011848173767893527,0.004894493231005953,0.11094142774635637,-0.3618687550119115,2.746221547357,-0.3619853807036074,0.11066566382275073,0.00428263424067401,0.010937065158326272,0.0011485318322788118
0.004505150109866061,0.011831762688475179,0.004862921058722522,0.11088056333699275,-0.3619853807036074,2.7459940681668096,-0.362406270613828,0.10975933554337268,0.0030832730781395,0.005538488959134974
0.0026144692172876136,0.004474877206528739,0.011773532136282325,0.004750611386471824,0.11066566382275073,-0.362406270613828,2.7452249825881205,-0.36411934766260046,0.10778096031142048,-0.008200888821859476
0.0012730335436529486,0.0025487414884559217,0.004348392671601763,0.011529897567749647,0.00428263424067401,0.10975933554337268,-0.36411934766260046,2.7417493065537304,-0.36979893310916434,0.09112113627213494
0.000626649795823863,0.0011887867025907944,0.0023869001850001545,0.004035061515375989,0.010937065158326272,0.0030832730781395,0.10778096031142048,-0.36979893310916434,2.7414248481238426,-0.4305480174314763
0.00011517357684969256,0.00022491447419149536,0.00041464755731145694,0.0009017134221680823,0.0011485318322788118,0.005538488959134974,-0.008200888821859476,0.09112113627213494,-0.4305480174314763,2.7870593464019278
