6.401044674648043,1.6940179620505889,0.7733406465408748,0.3582028957457822,0.16592621637059846,0.07676323906381874,0.035302981204026695,0.01578092960486926,0.006066286581542239,0.00018985886592877427
1.6940179620505889,6.40103232860339,1.6939913187486422,0.7732831491351391,0.35807881384060336,0.16565844221815834,0.07618537095861772,0.034055933242797994,0.01309131058852329,0.0004097236997369315
0.7733406465408748,1.6939913187486422,6.4009748311976535,1.6938672368434438,0.7730153749808404,0.35750094555989465,0.1644113776849091,0.07349418715782968,0.028251618290909615,0.0008842015847488634
0.3582028957457822,0.7732831491351391,1.6938672368434438,6.400707057043314,1.6932893685587258,0.7717683100688422,0.35480972599597427,0.1586036858600796,0.060968222753262705,0.0019081455242755127
0.16592621637059846,0.35807881384060336,0.7730153749808404,1.6932893685587258,6.399459992122857,1.690598148177866,0.7659605410665162,0.3422764741545034,0.13157210925874419,0.0041178614513091875
0.07676323906381874,0.16565844221815834,0.35750094555989465,0.7717683100688422,1.690598148177866,6.393652221396932,1.6780647298690088,0.7389132380424823,0.28394115521093394,0.008886554830950043
0.035302981204026695,0.07618537095861772,0.1644113776849091,0.35480972599597427,0.7659605410665162,1.6780647298690088,6.366604567156088,1.6196954899432194,0.6130231177475081,0.019180453521757783
0.01578092960486926,0.034055933242797994,0.07349418715782968,0.1586036858600796,0.3422764741545034,0.7389132380424823,1.6196954899432194,6.240642879574501,1.348022725422801,0.04166431070483492
0.006066286581542239,0.01309131058852329,0.028251618290909615,0.060968222753262705,0.13157210925874419,0.28394115521093394,0.6130231177475081,1.348022725422801,5.654700839695969,0.115601892968351
0.00018985886592877427,0.0004097236997369315,0.0008842015847488634,0.0019081455242755127,0.0041178614513091875,0.008886554830950043,0.019180453521757783,0.04166431070483492,0.115601892968351,3.0513925217073807
