1.1344554557305577,0.11712255121394463,0.1911877214124677,0.06920877561154884,0.050485044031109136,0.024708401230009162,0.014758891828985298,0.007599348772491131,0.0036852755928249085,0.0009332794696330815
0.11712255121394463,1.1344345278054009,0.11708527989165768,0.19112154013989296,0.06909061571224785,0.050276199388954536,0.02433235076561832,0.014104626233566751,0.006386941207278112,0.0016871332266302631
0.1911877214124677,0.11708527989165768,1.134368117458101,0.11696746393128873,0.1909108421521402,0.0687193552378724,0.049603925312246444,0.0231749373864623,0.011918811407883097,0.0029137823450255114
0.06920877561154884,0.19112154013989296,0.11696746393128873,1.1341587564168154,0.11659419612965374,0.1902493847373276,0.06753398608914446,0.04752321320110999,0.019380816520475262,0.005471767427007705
0.050485044031109136,0.06909061571224785,0.1909108421521402,0.11659419612965374,1.1334894961950568,0.11542054232441146,0.18810554345337094,0.06390302319422812,0.04046275932588624,0.008790219725689682
0.024708401230009162,0.050276199388954536,0.0687193552378724,0.1902493847373276,0.11542054232441146,1.1313911943532076,0.11172120529053257,0.18141352972164648,0.05236018920720879,0.01873694858472065
0.014758891828985298,0.02433235076561832,0.049603925312246444,0.06753398608914446,0.18810554345337094,0.11172120529053257,1.1244333992428375,0.10057742258908535,0.1575373955519067,0.02317011237286884
0.007599348772491131,0.014104626233566751,0.0231749373864623,0.04752321320110999,0.06390302319422812,0.18141352972164648,0.10057742258908535,1.1021084422058391,0.06905836683182293,0.07456603300701699
0.0036852755928249085,0.006386941207278112,0.011918811407883097,0.019380816520475262,0.04046275932588624,0.05236018920720879,0.1575373955519067,0.06905836683182293,1.0100839604793017,0.0232720485381758
0.0009332794696330815,0.0016871332266302631,0.0029137823450255114,0.005471767427007705,0.008790219725689682,0.01873694858472065,0.02317011237286884,0.07456603300701699,0.0232720485381758,0.5945838541958773
