2.465002198969904,-0.0643057409898522,0.2952408808927095,-0.08680160099102457,0.061707822063274326,-0.02771202738741417,0.01535614141831794,-0.007539726299037534,0.0036911732632370965,-0.001336202562940979
-0.0643057409898522,2.4649966395924867,-0.06429501683986895,0.2952201826170878,-0.0867616962509237,0.061630713837527065,-0.027563722741779123,0.015068168734383339,-0.006991398926455438,0.002604469780474185
0.2952408808927095,-0.06429501683986895,2.4649759500110173,-0.06425509448270442,0.2951431764421172,-0.08661305036649142,0.06134421145362699,-0.02700981177409273,0.0140040005753195,-0.004920328881774683
-0.08680160099102457,0.2952201826170878,-0.06425509448270442,2.464898877482935,-0.06410658305036948,0.29485589521440747,-0.08606174370749922,0.06026882207589239,-0.024981355304983795,0.009906995589629534
0.061707822063274326,-0.0867616962509237,0.2951431764421172,-0.06410658305036948,2.4646121026571537,-0.06355425026313827,0.2937864499137276,-0.0840134113513892,0.056257456582483406,-0.017476915177923838
-0.02771202738741417,0.061630713837527065,-0.08661305036649142,0.29485589521440747,-0.06355425026313827,2.463538792535248,-0.06151374924014663,0.28972971967376326,-0.07666066249079044,0.04019576046655101
0.01535614141831794,-0.027563722741779123,0.06134421145362699,-0.08606174370749922,0.2937864499137276,-0.06151374924014663,2.459511558318596,-0.05410123223743965,0.27401424387279283,-0.051933348437520656
-0.007539726299037534,0.015068168734383339,-0.02700981177409273,0.06026882207589239,-0.0840134113513892,0.28972971967376326,-0.05410123223743965,2.4435709710983717,-0.029830064124722732,0.2015378437359238
0.0036911732632370965,-0.006991398926455438,0.0140040005753195,-0.024981355304983795,0.056257456582483406,-0.07666066249079044,0.27401424387279283,-0.029830064124722732,2.372812604289008,0.012027136927523673
-0.001336202562940979,0.002604469780474185,-0.004920328881774683,0.009906995589629534,-0.017476915177923838,0.04019576046655101,-0.051933348437520656,0.2015378437359238,0.012027136927523673,1.9044939428054974
