2.178506327140759,0.43397688494767667,0.16521483446668458,0.06840372468265242,0.029383933809695742,0.012808273904233239,0.0056077658989378155,0.002440124059605352,0.000996906801239968,0.00014194919065466024
0.43397688494767667,2.1785060115522112,0.43397616688420204,0.16521319687309374,0.068399967497642,0.029375179232010076,0.012787079002759941,0.005551809456343805,0.0022663225395173747,0.00032284007111702776
0.16521483446668458,0.43397616688420204,2.1785043777377258,0.4339724408949776,0.1652046484401938,0.06838005022875539,0.029326967217463164,0.012659839032772277,0.005156827209828099,0.0007354281435185302
0.06840372468265242,0.16521319687309374,0.4339724408949776,2.178495880675245,0.43395294767900583,0.1651592386085224,0.06827017747056797,0.02903725711535486,0.011761868617238406,0.001682363631711173
0.029383933809695742,0.068399967497642,0.1652046484401938,0.43395294767900583,2.1784511691358346,0.4338488391889366,0.16490761935037757,0.06760828435053887,0.026993786803717952,0.003890710344629133
0.012808273904233239,0.029375179232010076,0.06838005022875539,0.1651592386085224,0.4338488391889366,2.178209041956806,0.4332653013537716,0.16338192837659923,0.06294618980640034,0.009248232100165638
0.0056077658989378155,0.012787079002759941,0.029326967217463164,0.06827017747056797,0.16490761935037757,0.4332653013537716,2.176812379429975,0.4296683117874497,0.15267469088572472,0.023454876923226696
0.002440124059605352,0.005551809456343805,0.012659839032772277,0.02903725711535486,0.06760828435053887,0.16338192837659923,0.4296683117874497,2.167859061172014,0.40465526435549937,0.06790172416505909
0.000996906801239968,0.0022663225395173747,0.005156827209828099,0.011761868617238406,0.026993786803717952,0.06294618980640034,0.15267469088572472,0.40465526435549937,2.106927601873637,0.24168704969343402
0.00014194919065466024,0.00032284007111702776,0.0007354281435185302,0.001682363631711173,0.003890710344629133,0.009248232100165638,0.023454876923226696,0.06790172416505909,0.24168704969343402,1.9139986742701638
