2.2304665843991027,1.2144521139525568,0.15639195566255065,-0.6998871659575767,-0.9728124594960862,-0.6902594904799157,-0.18107396246744617,0.18824020001034447,0.2506047707666801,0.1066317698611132
1.2144521139525568,2.173588875349914,1.1814248940022927,0.17129267236304485,-0.6365197296925655,-0.8888683464427193,-0.6311610464697563,-0.18644071604025672,0.1090438263273993,0.12986031769535458
0.15639195566255065,1.1814248940022927,2.105081695152601,1.1108766831541323,0.13984030103220574,-0.6027641785772028,-0.7971093104269502,-0.5241506186028032,-0.12421549222773356,0.08114976167342845
-0.6998871659575767,0.17129267236304485,1.1108766831541323,1.9740173832397825,0.9847001657319259,0.09378423591992946,-0.526020126378551,-0.6188892139307376,-0.32966261223207505,-0.024798795792490565
-0.9728124594960862,-0.6365197296925655,0.13984030103220574,0.9847001657319259,1.8089972982258287,0.8704413956458182,0.1074152446264549,-0.36767848656105917,-0.38094277636392393,-0.13673084262281598
-0.6902594904799157,-0.8888683464427193,-0.6027641785772028,0.09378423591992946,0.8704413956458182,1.680552588414256,0.8006731982409295,0.14879709966415822,-0.21791540782248575,-0.18991179116511056
-0.18107396246744617,-0.6311610464697563,-0.7971093104269502,-0.526020126378551,0.1074152446264549,0.8006731982409295,1.552257008130618,0.6780104708307066,0.10507597812418944,-0.14161891471381666
0.18824020001034447,-0.18644071604025672,-0.5241506186028032,-0.6188892139307376,-0.36767848656105917,0.14879709966415822,0.6780104708307066,1.3058944193679392,0.4289557175419231,-0.0005695689710018381
0.2506047707666801,0.1090438263273993,-0.12421549222773356,-0.32966261223207505,-0.38094277636392393,-0.21791540782248575,0.10507597812418944,0.4289557175419231,0.9582392959233358,0.16821741396525625
0.1066317698611132,0.12986031769535458,0.08114976167342845,-0.024798795792490565,-0.13673084262281598,-0.18991179116511056,-0.14161891471381666,-0.0005695689710018381,0.16821741396525625,0.6657804089602676
