2.2308278445756757,-0.20770035136940582,0.4381293764170633,0.03170046862696517,0.10284283265168674,0.025154276227155884,0.027315633000144487,0.009737655124539606,0.008455657314743468,-1.0094801105946786e-05
-0.20770035136940582,2.230807762288565,-0.2077222273272928,0.43805639713653566,0.03166031382712328,0.1025461323526901,0.02521083952644235,0.025933430645584763,0.011098940865809708,0.001137814025447311
0.4381293764170633,-0.2077222273272928,2.2307939867657987,-0.20780977301174458,0.43806440270308,0.03125942665825092,0.10290310376951636,0.02311870545426338,0.029216628489648636,-0.000956273958266762
0.03170046862696517,0.43805639713653566,-0.20780977301174458,2.230535221490338,-0.2079971178875456,0.4370483761314624,0.031228554424532266,0.09834962250854469,0.026624525035279595,0.00589243466324107
0.10284283265168674,0.03166031382712328,0.43806440270308,-0.2079971178875456,2.2307212585179808,-0.20899020703925503,0.4386815938791351,0.025446373090840538,0.11033733391306688,-0.00902567202555074
0.025154276227155884,0.1025461323526901,0.03125942665825092,0.4370483761314624,-0.20899020703925503,2.2269380038888094,-0.21043665991395524,0.42279217440239425,0.03164770570081314,0.03377596986550629
0.027315633000144487,0.02521083952644235,0.10290310376951636,0.031228554424532266,0.4386815938791351,-0.21043665991395524,2.2354550908790958,-0.2237720252341781,0.4718445544670373,-0.06770616204092278
0.009737655124539606,0.025933430645584763,0.02311870545426338,0.09834962250854469,0.025446373090840538,0.42279217440239425,-0.2237720252341781,2.1745322847927637,-0.23509395794452076,0.20639059572087584
0.008455657314743468,0.011098940865809708,0.029216628489648636,0.026624525035279595,0.11033733391306688,0.03164770570081314,0.4718445544670373,-0.23509395794452076,2.4046241177100325,-0.47029215401054036
-1.0094801105946786e-05,0.001137814025447311,-0.000956273958266762,0.00589243466324107,-0.00902567202555074,0.03377596986550629,-0.06770616204092278,0.20639059572087584,-0.47029215401054036,1.396763674816018
