3.7653061366478857,-0.9077063763916249,-1.248923108004765,0.9864222321540621,0.3072917143533338,-0.6497956722948501,0.08631949548023624,0.2833168681686068,-0.13811194794230375,-0.03267204521485284
-0.9077063763916249,3.7652264152999484,-0.9096911375259795,-1.2474161727752007,0.9889101289943589,0.30290420235251886,-0.6511954226275327,0.09507379562493044,0.27978025975208076,-0.15122498315385452
-1.248923108004765,-0.9096911375259795,3.746913000222607,-0.8935683398029219,-1.22598633272967,0.9455370316798356,0.29468633431072744,-0.56851986861264,0.05279262570543925,0.1620506141791609
0.9864222321540621,-1.2474161727752007,-0.8935683398029219,3.7331457083892468,-0.9127284743244048,-1.1883575466675538,0.9536759904155029,0.22226585642338897,-0.5331532871422989,0.1570679410263133
0.3072917143533338,0.9889101289943589,-1.22598633272967,-0.9127284743244048,3.7082711545346894,-0.8615919483707462,-1.1793631804318352,0.8566799075926526,0.2730195547770179,-0.3958215936949815
-0.6497956722948501,0.30290420235251886,0.9455370316798356,-1.1883575466675538,-0.8615919483707462,3.6062716047268673,-0.8822326176711703,-0.9840323701136318,0.7589609546674077,-0.0066271703036378665
0.08631949548023624,-0.6511954226275327,0.29468633431072744,0.9536759904155029,-1.1793631804318352,-0.8822326176711703,3.604498557633533,-0.8443590347531057,-1.0069379378640204,0.7074620492016608
0.2833168681686068,0.09507379562493044,-0.56851986861264,0.22226585642338897,0.8566799075926526,-0.9840323701136318,-0.8443590347531057,3.231574430385998,-0.6550716628841173,-0.4749117642355021
-0.13811194794230375,0.27978025975208076,0.05279262570543925,-0.5331532871422989,0.2730195547770179,0.7589609546674077,-1.0069379378640204,-0.6550716628841173,3.1420349299513237,-0.9296132473114547
-0.03267204521485284,-0.15122498315385452,0.1620506141791609,0.1570679410263133,-0.3958215936949815,-0.0066271703036378665,0.7074620492016608,-0.4749117642355021,-0.9296132473114547,2.386122553410645
