2.6066861068323446,-0.6091158051851049,0.4813544086897836,-0.30423087788616404,0.19919506515511443,-0.1288686685538172,0.08245445892786875,-0.0511195594261441,0.029593140169708692,-0.01000679995559585
-0.6091158051851049,2.606362264546635,-0.6086202223221233,0.4805959910008021,-0.30307037022291533,0.1974180936349829,-0.12615797539405835,0.07823247598052976,-0.04528683416125293,0.015313716860856197
0.4813544086897836,-0.6086202223221233,2.6056038633590606,-0.6074595993080449,0.47882004099398146,-0.3003510322037773,0.1932698613568633,-0.11969698203288752,0.06930654233758168,-0.023434619960690788
-0.30423087788616404,0.4805959910008021,-0.6074595993080449,2.603827698183139,-0.6047417653990974,0.4746584887546288,-0.29400276296530026,0.18338226030889848,-0.10603703179682453,0.03586577977835239
0.19919506515511443,-0.30307037022291533,0.47882004099398146,-0.6047417653990974,2.5996689516283022,-0.5983738834064716,0.4649445725381314,-0.27887295332726847,0.16248110190051454,-0.05485948243294995
-0.1288686685538172,0.1974180936349829,-0.3003510322037773,0.4746584887546288,-0.5983738834064716,2.5899184508577147,-0.5834998130937503,0.4417786612409152,-0.2468615470206872,0.08418195891250653
0.08245445892786875,-0.12615797539405835,0.1932698613568633,-0.29400276296530026,0.4649445725381314,-0.5834998130937503,2.5672295816479496,-0.5481537092727606,0.39301062700972944,-0.1268744352951693
-0.0511195594261441,0.07823247598052976,-0.11969698203288752,0.18338226030889848,-0.27887295332726847,0.4417786612409152,-0.5481537092727606,2.512241185877299,-0.4716491847445912,0.21078717823998838
0.029593140169708692,-0.04528683416125293,0.06930654233758168,-0.10603703179682453,0.16248110190051454,-0.2468615470206872,0.39301062700972944,-0.4716491847445912,2.4111277663891233,-0.18089258909325248
-0.01000679995559585,0.015313716860856197,-0.023434619960690788,0.03586577977835239,-0.05485948243294995,0.08418195891250653,-0.1268744352951693,0.21078717823998838,-0.18089258909325248,2.067530335865527
