0.3886169548153788,-0.052113307062112424,-0.11355199057599678,0.06039805933723583,0.02199991073088546,-0.030801229631511738,0.002495420375225426,0.010394483219817834,-0.00407115805720133,-0.0016836067889138351
-0.052113307062112424,0.38859171896168776,-0.05211868289239428,-0.11348125135257557,0.06034640110013135,0.02186356020588715,-0.03054007152260507,0.002608243280608254,0.009609337472828666,-0.00363628617555396
-0.11355199057599678,-0.05211868289239428,0.38850055577868303,-0.05202005373575762,-0.11333528978103685,0.05995394422233155,0.021847576131468968,-0.029502733751906825,0.0016869696133315207,0.007761856198121207
0.06039805933723583,-0.11348125135257557,-0.05202005373575762,0.38822469960200173,-0.052020954419840754,-0.11261574276925754,0.05928836473576611,0.02059071097192178,-0.026601947779886895,0.0022689033224126375
0.02199991073088546,0.06034640110013135,-0.11333528978103685,-0.052020954419840754,0.38784524989939495,-0.05166638012622973,-0.11195626787324518,0.05775239934181904,0.020298300372501177,-0.022328737109457625
-0.030801229631511738,0.02186356020588715,0.05995394422233155,-0.11261574276925754,-0.05166638012622973,0.3856414176365024,-0.05054445438754057,-0.10725587901462108,0.050466174226718515,0.014815493285571262
0.002495420375225426,-0.03054007152260507,0.021847576131468968,0.05928836473576611,-0.11195626787324518,-0.05054445438754057,0.38288179521491456,-0.05090585560822365,-0.09973053216982468,0.04442229052671175
0.010394483219817834,0.002608243280608254,-0.029502733751906825,0.02059071097192178,0.05775239934181904,-0.10725587901462108,-0.05090585560822365,0.37097095683319387,-0.03890792210214625,-0.07983543030082299
-0.00407115805720133,0.009609337472828666,0.0016869696133315207,-0.026601947779886895,0.020298300372501177,0.050466174226718515,-0.09973053216982468,-0.03890792210214625,0.340227355626568,-0.04162910213270728
-0.0016836067889138351,-0.00363628617555396,0.007761856198121207,0.0022689033224126375,-0.022328737109457625,0.014815493285571262,0.04442229052671175,-0.07983543030082299,-0.04162910213270728,0.2909189593369507
