0.11403057064636866,0.0032675654804174116,0.001407290626522466,0.0003235209522017859,-0.00018664816300292223,-0.0003363577918803416,-0.00029516614032543847,-0.00017908683952900132,-6.21943860911926e-05,4.4507808140234305e-06
0.0032675654804174116,0.11402969807068594,0.0032662273156934523,0.0014055677407654717,0.0003218247980471871,-0.0001873321481406301,-0.0003341989348577555,-0.0002873010412220015,-0.00016174022595917317,-3.148215959130881e-05
0.001407290626522466,0.0032662273156934523,0.11402341950531836,0.0032514432650235987,0.0013783600958827858,0.0002796051155707529,-0.0002424740411132876,-0.00038996594309971127,-0.0003134461493068399,-0.00010126548456103431
0.0003235209522017859,0.0014055677407654717,0.0032514432650235987,0.11398513563392092,0.003177402972057452,0.0012587312133833634,0.00011594053816214837,-0.0004218080860639496,-0.000507252393383766,-0.00021438045147521018
-0.00018664816300292223,0.0003218247980471871,0.0013783600958827858,0.003177402972057452,0.11383857711538634,0.002936372925663224,0.0009226099128952212,-0.00026367733545161617,-0.0006951907404682125,-0.0003696813346490793
-0.0003363577918803416,-0.0001873321481406301,0.0002796051155707529,0.0012587312133833634,0.002936372925663224,0.1134369817749785,0.0023686563418345618,0.00026803031195382046,-0.0007639128204389824,-0.0005408248211542915
-0.00029516614032543847,-0.0003341989348577555,-0.0002424740411132876,0.00011594053816214837,0.0009226099128952212,0.0023686563418345618,0.11262321510229917,0.001411096352150117,-0.0005044081288895839,-0.0006549154783324594
-0.00017908683952900132,-0.0002873010412220015,-0.00038996594309971127,-0.0004218080860639496,-0.00026367733545161617,0.00026803031195382046,0.001411096352150117,0.11146374504038001,0.0004082003572024594,-0.000566582377028561
-6.21943860911926e-05,-0.00016174022595917317,-0.0003134461493068399,-0.000507252393383766,-0.0006951907404682125,-0.0007639128204389824,-0.0005044081288895839,0.0004082003572024594,0.11046058058444876,-3.542376674502716e-05
4.4507808140234305e-06,-3.148215959130881e-05,-0.00010126548456103431,-0.00021438045147521018,-0.0003696813346490793,-0.0005408248211542915,-0.0006549154783324594,-0.000566582377028561,-3.542376674502716e-05,0.10933726836595435
