5.846004932258831,-3.3692024979278488,0.8588702229175496,0.8745519613249275,-1.3501143805092535,0.9321530490761185,-0.26154445940652005,-0.18724003544596107,0.2735638439219349,-0.1291478348441981
-3.3692024979278488,5.8341579294061905,-3.361357672589659,0.8657916063119334,0.8460378017448902,-1.3068909138538667,0.9007328736266436,-0.2812694056279422,-0.08882937678943159,0.11651060786913323
0.8588702229175496,-3.361357672589659,5.828400531466954,-3.3648293935956497,0.8835424990674433,0.817546148146693,-1.284202726328976,0.9098302792238792,-0.3421670788526132,0.014238928568539477
0.8745519613249275,0.8657916063119334,-3.3648293935956497,5.822161536925702,-3.345937527972297,0.8580332959333394,0.8321846942770463,-1.2648492877391038,0.8439064063416588,-0.24857703297857875
-1.3501143805092535,0.8460378017448902,0.8835424990674433,-3.345937527972297,5.7512603771541535,-3.241643260527889,0.7861910636237358,0.7767453729764917,-1.0194138020541006,0.46403393456260117
0.9321530490761185,-1.3068909138538667,0.817546148146693,0.8580332959333394,-3.241643260527889,5.59353071645077,-3.1274424095406976,0.8590725940615072,0.4167110231890389,-0.44619479964025166
-0.26154445940652005,0.9007328736266436,-1.284202726328976,0.8321846942770463,0.7861910636237358,-3.1274424095406976,5.503902170158074,-3.16649570388596,1.1057972883816727,0.003287703204535428
-0.18724003544596107,-0.2812694056279422,0.9098302792238792,-1.2648492877391038,0.7767453729764917,0.8590725940615072,-3.16649570388596,5.443136868179145,-2.972581524955268,0.8377643379695674
0.2735638439219349,-0.08882937678943159,-0.3421670788526132,0.8439064063416588,-1.0194138020541006,0.4167110231890389,1.1057972883816727,-2.972581524955268,4.593293240384652,-1.6609272648807405
-0.1291478348441981,0.11651060786913323,0.014238928568539477,-0.24857703297857875,0.46403393456260117,-0.44619479964025166,0.003287703204535428,0.8377643379695674,-1.6609272648807405,2.509738025496044
