0.4630133619168062,0.06748115249974598,0.03192376984168363,0.00967663192761444,0.0052755325234019,0.0012980428962659969,0.0009092007603514428,0.00014838182576987043,0.00015996201214691022,6.603752715251969e-06
0.06748115249974598,0.463013306830372,0.06748122828018926,0.031923547891953896,0.00967686311747205,0.005274591562967121,0.00129858201788666,0.0009049337513385614,0.00014833343365755133,0.00013904183130269564
0.03192376984168363,0.06748122828018926,0.4630130430119276,0.06748143309749925,0.031922385346046675,0.009677133555097353,0.0052690705128835575,0.0012964283443974876,0.0008765481600358544,0.00011991013693301292
0.00967663192761444,0.031923547891953896,0.06748143309749925,0.4630120854397751,0.067481832645372,0.03191794909655144,0.009676295259159886,0.005246824243244114,0.0012783117273075682,0.0007562272281383198
0.0052755325234019,0.00967686311747205,0.031922385346046675,0.067481832645372,0.46300664571452266,0.0674803622733745,0.031890392044109137,0.009651739039661923,0.005096447461210426,0.0010633732121544275
0.0012980428962659969,0.005274591562967121,0.009677133555097353,0.03191794909655144,0.0674803622733745,0.46298400130856276,0.06745890046468873,0.03176601489212961,0.009468326438205525,0.0043720137243319175
0.0009092007603514428,0.00129858201788666,0.0052690705128835575,0.009676295259159886,0.031890392044109137,0.06745890046468873,0.46283557365482664,0.0672603387714056,0.03091429657441878,0.00795975570124689
0.00014838182576987043,0.0009049337513385614,0.0012964283443974876,0.005246824243244114,0.009651739039661923,0.03176601489212961,0.0672603387714056,0.46210159770608505,0.06582593238982978,0.0264175080226867
0.00015996201214691022,0.00014833343365755133,0.0008765481600358544,0.0012783117273075682,0.005096447461210426,0.009468326438205525,0.03091429657441878,0.06582593238982978,0.4570283860264379,0.05560806011799399
6.603752715251969e-06,0.00013904183130269564,0.00011991013693301292,0.0007562272281383198,0.0010633732121544275,0.0043720137243319175,0.00795975570124689,0.0264175080226867,0.05560806011799399,0.4285776689030012
