1.1311257002517354,0.12633535575819746,0.10468310774032831,0.08363148204811101,0.06420895614866859,0.047042298095051824,0.032454350812128135,0.02054942619162444,0.011285111773521364,0.004530300771809733
0.12633535575819746,1.1302757943244237,0.1251356589949493,0.10307293710727544,0.08155674624620686,0.06162978823538085,0.04394302356862243,0.028856030667084046,0.01652510765086495,0.006977751851717558
0.10468310774032831,0.1251356589949493,1.1285593681132267,0.12280813580710444,0.10004789668206823,0.07776671186775448,0.057040718783810174,0.03857269609266836,0.022796562098133882,0.00996962936473332
0.08363148204811101,0.10307293710727544,0.12280813580710444,1.1253788062439043,0.11864810805981135,0.09480622396809735,0.07138535069738261,0.049531135636420205,0.030047125910657578,0.013505234513976234
0.06420895614866859,0.08155674624620686,0.10004789668206823,0.11864810805981135,1.1199095038844866,0.11172520446841781,0.08634145518645076,0.061379976603412434,0.03811734147393522,0.017537543023702147
0.047042298095051824,0.06162978823538085,0.07776671186775448,0.09480622396809735,0.11172520446841781,1.111111563971482,0.10092719942896632,0.07352959937080361,0.046704472214591175,0.021955704564480684
0.032454350812128135,0.04394302356862243,0.057040718783810174,0.07138535069738261,0.08634145518645076,0.10092719942896632,1.0978120607645978,0.08509155727189913,0.055321683375960995,0.026564827892982316
0.02054942619162444,0.028856030667084046,0.03857269609266836,0.049531135636420205,0.061379976603412434,0.07352959937080361,0.08509155727189913,1.0788903975215738,0.06325387220511924,0.031063503472034674
0.011285111773521364,0.01652510765086495,0.022796562098133882,0.030047125910657578,0.03811734147393522,0.046704472214591175,0.055321683375960995,0.06325387220511924,1.0535875383197757,0.03501991621773483
0.004530300771809733,0.006977751851717558,0.00996962936473332,0.013505234513976234,0.017537543023702147,0.021955704564480684,0.026564827892982316,0.031063503472034674,0.03501991621773483,1.021923122979684
