1.0191594632234269,0.2556764940386679,-0.02938763656099225,-0.13527248941707454,-0.12192139660211629,-0.06467118199375099,-0.013817139006559459,0.011799031251932988,0.014669431590570707,0.006186594183267435
0.2556764940386679,1.0189430578472727,0.2552458207594086,-0.02989775371548411,-0.13545745488754374,-0.12113731540652611,-0.06235028189592985,-0.010149225881204293,0.01499449615243774,0.013495327732485872
-0.02938763656099225,0.2552458207594086,1.0178836284182273,0.2537464811748713,-0.030937747549607653,-0.13434050760130922,-0.1159638907370624,-0.052657384074835556,0.0006032400926952908,0.017414448742238187
-0.13527248941707454,-0.02989775371548411,0.2537464811748713,1.0155227237983517,0.2517028019391574,-0.030150608227086234,-0.12754271030505537,-0.10159117717575275,-0.03461329632169388,0.009216937092072398
-0.12192139660211629,-0.13545745488754374,-0.030937747549607653,0.2517028019391574,1.0131335181077672,0.250900358250502,-0.026325431818248132,-0.1164603630522623,-0.08427200551865154,-0.019821930350244682
-0.06467118199375099,-0.12113731540652611,-0.13434050760130922,-0.030150608227086234,0.250900358250502,1.0093206558609218,0.24370668882509383,-0.034369530259459186,-0.11840963540350691,-0.06959280819058182
-0.013817139006559459,-0.06235028189592985,-0.1159638907370624,-0.12754271030505537,-0.026325431818248132,0.24370668882509383,0.9829096500891158,0.19780975925020455,-0.08068044472532625,-0.11885404175612274
0.011799031251932988,-0.010149225881204293,-0.052657384074835556,-0.10159117717575275,-0.1164603630522623,-0.034369530259459186,0.19780975925020455,0.8924325170299929,0.09168605694079243,-0.11704232340183884
0.014669431590570707,0.01499449615243774,0.0006032400926952908,-0.03461329632169388,-0.08427200551865154,-0.11840963540350691,-0.08068044472532625,0.09168605694079243,0.7498657760042294,0.005749344594013284
0.006186594183267435,0.013495327732485872,0.017414448742238187,0.009216937092072398,-0.019821930350244682,-0.06959280819058182,-0.11885404175612274,-0.11704232340183884,0.005749344594013284,0.6316776425322994
