5.036958959084819,-3.895540426400948,3.462019851539716,-3.033980950326023,2.6061086232137356,-2.178260484610652,1.7504295216113457,-1.3226116555349858,0.8947796132795763,-0.46601639986458976
-3.895540426400948,4.619921086306709,-3.4773326268232125,3.0426388431370803,-2.613423441855103,2.1843713137794216,-1.7553400480598937,1.3263220112388427,-0.8972897609625778,0.46732372735418404
3.462019851539716,-3.4773326268232125,4.200540077904367,-3.0567751183638414,2.620901534144289,-2.1905030221736967,1.7602644479254106,-1.3300427782561863,0.8998069504927958,-0.46863472232432
-3.033980950326023,3.0426388431370803,-3.0567751183638414,3.7788027689228603,-2.6338546991249014,2.196794685206657,-1.7652063986962672,1.3337740810282457,-0.9023312041174356,0.46994939513642087
2.6061086232137356,-2.613423441855103,2.620901534144289,-2.6338546991249014,3.354695920417587,-2.208558092599926,1.7703049664375137,-1.337519587669228,0.9048626368845153,-0.47126775889511074
-2.178260484610652,2.1843713137794216,-2.1905030221736967,2.196794685206657,-2.208558092599926,2.928206218213667,-1.7808719310831107,1.341418354436842,-0.9074049073705942,0.4725899304392228
1.7504295216113457,-1.7553400480598937,1.7602644479254106,-1.7652063986962672,1.7703049664375137,-1.7808719310831107,2.4993202408870108,-1.3507821358847414,0.9100970577573755,-0.4739199888474317
-1.3226116555349858,1.3263220112388427,-1.3300427782561863,1.3337740810282457,-1.337519587669228,1.341418354436842,-1.3507821358847414,2.0680232608786606,-0.9182506561106585,0.475413395266738
0.8947796132795763,-0.8972897609625778,0.8998069504927958,-0.9023312041174356,0.9048626368845153,-0.9074049073705942,0.9100970577573755,-0.9182506561106585,1.634271258547909,-0.48300938232252
-0.46601639986458976,0.46732372735418404,-0.46863472232432,0.46994939513642087,-0.47126775889511074,0.4725899304392228,-0.4739199888474317,0.475413395266738,-0.48300938232252,1.2230947005110098
