2.688129977235703,-1.9318782547234892,1.648763024192394,-1.3921483777489958,1.1543211659588504,-0.9320224347962854,0.7222610459380914,-0.5222156902296924,0.3292209829052484,-0.14250426037443342
-1.9318782547234892,2.6203575378062913,-1.8557764217628667,1.5633080954820657,-1.2961908356411536,1.0465702144387499,-0.8110286415272172,0.5863972370188935,-0.3696830224664529,0.1600183719296054
1.648763024192394,-1.8557764217628667,2.5349026090959472,-1.7598188796538983,1.4555571438816164,-1.175197036643088,0.9107059970347836,-0.6584668482848208,0.4151179426495871,-0.17968500933042486
-1.3921483777489958,1.5633080954820657,-1.7598188796538983,2.4271516574942518,-1.6388250805656304,1.3196929200445702,-1.0226347847122037,0.7393939975958908,-0.4661369224411367,0.20176872311002608
1.1543211659588504,-1.2961908356411536,1.4555571438816164,-1.6388250805656304,2.291287433557488,-1.4862628214127893,1.1483804055452667,-0.830268134270543,0.5234262677491653,-0.22656657782261094
-0.9320224347962854,1.0465702144387499,-1.175197036643088,1.3196929200445702,-1.4862628214127893,2.1199749110743666,-1.2938955927497602,0.9323714377189196,-0.5877574583962147,0.2544121574545129
0.7222610459380914,-0.8110286415272172,0.9107059970347836,-1.0226347847122037,1.1483804055452667,-1.2938955927497602,1.9039653040287479,-1.0513386219544338,0.6600556351774207,-0.28568072118343185
-0.5222156902296924,0.5863972370188935,-0.6584668482848208,0.7393939975958908,-0.830268134270543,0.9323714377189196,-1.0513386219544338,1.6315983228084727,-0.7455553117444023,0.3208419142740635
0.3292209829052484,-0.3696830224664529,0.4151179426495871,-0.4661369224411367,0.5234262677491653,-0.5877574583962147,0.6600556351774207,-0.7455553117444023,1.2882870139905487,-0.36386451806053144
-0.14250426037443342,0.1600183719296054,-0.17968500933042486,0.20176872311002608,-0.22656657782261094,0.2544121574545129,-0.28568072118343185,0.3208419142740635,-0.36386451806053144,0.8035784101066556
