0.5496415794141686,0.06189416565994108,0.10420155781573068,0.002112873086461596,0.022320711091836407,-0.002016144214690105,0.0053939977627395245,-0.0011642206731748575,0.0029104246525296145,-0.0004487853688062752
0.06189416565994108,0.5496501911335558,0.06186936101226055,0.10422913592353557,0.0020115569702904026,0.022398111975697015,-0.0024475562417597884,0.005537876791055054,-0.003093837417453614,0.002615376661648943
0.10420155781573068,0.06186936101226055,0.5497281036378078,0.061793152523695494,0.10455256982348268,0.0018193483732723236,0.02380269418668304,-0.0026386123570274894,0.011958645252980838,-0.000777390511608535
0.002112873086461596,0.10422913592353557,0.061793152523695494,0.5498180286206644,0.061484465825282546,0.10481576747023345,0.0005185911816376076,0.024374868928665243,-0.008387612509891701,0.011745354713772659
0.022320711091836407,0.0020115569702904026,0.10455256982348268,0.061484465825282546,0.5511645096324602,0.06072406825333717,0.1106829987220964,-8.233697817679642e-05,0.051294093775438816,0.002252343998050635
-0.002016144214690105,0.022398111975697015,0.0018193483732723236,0.10481576747023345,0.06072406825333717,0.5520062246701882,0.0576163296708412,0.11303765145060563,-0.013325069069933101,0.05561199243424078
0.0053939977627395245,-0.0024475562417597884,0.02380269418668304,0.0005185911816376076,0.1106829987220964,0.0576163296708412,0.5776750111087462,0.056003072222059976,0.23131433453926453,0.038189145794022585
-0.0011642206731748575,0.005537876791055054,-0.0026386123570274894,0.024374868928665243,-8.233697817679642e-05,0.11303765145060563,0.056003072222059976,0.5877938836383169,0.05356638627281134,0.27704186333891645
0.0029104246525296145,-0.003093837417453614,0.011958645252980838,-0.008387612509891701,0.051294093775438816,-0.013325069069933101,0.23131433453926453,0.05356638627281134,1.1352819380668322,0.3153583063554645
-0.0004487853688062752,0.002615376661648943,-0.000777390511608535,0.011745354713772659,0.002252343998050635,0.05561199243424078,0.038189145794022585,0.27704186333891645,0.3153583063554645,1.4780050258280157
