10.232328815727131,5.674559118362288,4.890305586357415,4.0692316988556145,3.323948249725494,2.63625136943062,1.9944033775188854,1.3871681458865102,0.8056105893250427,0.20036155582879206
5.674559118362288,10.045549476272269,5.461473520691044,4.647208720775789,3.791896742654445,3.0075529325104453,2.2752975399863473,1.5825388234193727,0.9190738885521887,0.22858075205290362
4.890305586357415,5.461473520691044,9.802452610915356,5.1841385593101315,4.330813529156988,3.4309398752304427,2.595761870911559,1.8054254174804374,1.048517529194002,0.2607743779330429
4.0692316988556145,4.647208720775789,5.1841385593101315,9.48605741309482,4.82318183483786,3.9190190013244854,2.96115159557543,2.0597123140511204,1.1961918315061155,0.29750221335934923
3.323948249725494,3.791896742654445,4.330813529156988,4.82318183483786,9.074263056419246,4.353389609968642,3.383065106362449,2.3496040956610096,1.3646734486259449,0.339402481154793
2.63625136943062,3.0075529325104453,3.4309398752304427,3.9190190013244854,4.353389609968642,8.538304437829625,3.7419509909671493,2.685386142254111,1.5566746649671919,0.38721290186068935
1.9944033775188854,2.2752975399863473,2.595761870911559,2.96115159557543,3.383065106362449,3.7419509909671493,7.840755837462464,2.9460166402409467,1.7807876353741272,0.44154263206957767
1.3871681458865102,1.5825388234193727,1.8054254174804374,2.0597123140511204,2.3496040956610096,2.685386142254111,2.9460166402409467,6.932559522602851,1.9138150692416227,0.5087102232057872
0.8056105893250427,0.9190738885521887,1.048517529194002,1.1961918315061155,1.3646734486259449,1.5566746649671919,1.7807876353741272,1.9138150692416227,5.759775227840808,0.4598829711032909
0.20036155582879206,0.22858075205290362,0.2607743779330429,0.29750221335934923,0.339402481154793,0.38721290186068935,0.44154263206957767,0.5087102232057872,0.4598829711032909,4.166229546296172
