0.2500674109981201,-0.006218152115893686,-0.006175397876106966,-0.0033111088019598727,-0.0017286317834934108,-0.0009031250179815684,-0.00047594194675390874,-0.000258939128563309,-0.0001616488233073735,-0.0003045211152666574
-0.006218152115893686,0.2500669923876364,-0.006218956088123086,-0.006176941964264878,-0.0033140743482379022,-0.0017343276866873159,-0.0009140753585879482,-0.0004973114394986691,-0.0003104584460581994,-0.0005848551953867557
-0.006175397876106966,-0.006218956088123086,0.25006544829982463,-0.00622192162302305,-0.006182637514055792,-0.0033250137493477157,-0.0017553586213963075,-0.0009551170414619976,-0.0005962580783770235,-0.0011232574033678928
-0.0033111088019598727,-0.006176941964264878,-0.00622192162302305,0.25005975277060927,-0.006232860347848786,-0.006203647443367088,-0.0033654052156630474,-0.0018341822098571488,-0.0011451513692078321,-0.002157298188608117
-0.0017286317834934108,-0.0033140743482379022,-0.006182637514055792,-0.006232860347848786,0.2500387440642563,-0.006273211617514981,-0.006281222523057783,-0.0035167922829365153,-0.002199158084938233,-0.0041432418809949755
-0.0009031250179815684,-0.0017343276866873159,-0.0033250137493477157,-0.006203647443367088,-0.006273211617514981,0.2499612416741787,-0.00642220949560456,-0.006571990131685278,-0.004217785432323073,-0.007957155208372636
-0.00047594194675390874,-0.0009140753585879482,-0.0017553586213963075,-0.0033654052156630474,-0.006281222523057783,-0.00642220949560456,0.24967479455597014,-0.006981195162300041,-0.007919231846964768,-0.015274703778512866
-0.000258939128563309,-0.0004973114394986691,-0.0009551170414619976,-0.0018341822098571488,-0.0035167922829365153,-0.006571990131685278,-0.006981195162300041,0.2485843520814197,-0.00959754075006463,-0.029101052050630967
-0.0001616488233073735,-0.0003104584460581994,-0.0005962580783770235,-0.0011451513692078321,-0.002199158084938233,-0.004217785432323073,-0.007919231846964768,-0.00959754075006463,0.24266604218444138,-0.04861365084137809
-0.0003045211152666574,-0.0005848551953867557,-0.0011232574033678928,-0.002157298188608117,-0.0041432418809949755,-0.007957155208372636,-0.015274703778512866,-0.029101052050630967,-0.04861365084137809,0.21926494112849965
