0.9724581061797656,0.3277203753649048,0.18914221034215248,0.13559640586795751,0.10207843954366244,0.07593578732586784,0.05393658991030925,0.03462738266735753,0.01683243239916738,-0.001274011511542842
0.3277203753649048,0.9696323839897426,0.32419473757904127,0.18474325829491706,0.1301076264065274,0.09522875531583135,0.0673816736006744,0.043219370217384916,0.02100436006878259,-0.0015889919480760908
0.18914221034215248,0.32419473757904127,0.9652334654289917,0.31870618971112896,0.177894938946964,0.12156131432326914,0.08455583911724508,0.05400987942939063,0.02622211981053671,-0.001979274953299393
0.13559640586795751,0.18474325829491706,0.31870618971112896,0.9583853829087849,0.31016151553557425,0.1672316756406013,0.10824469600297253,0.06787191800980794,0.03280301683330727,-0.002450835568206457
0.10207843954366244,0.1301076264065274,0.177894938946964,0.31016151553557425,0.9477237945283603,0.29685648105264584,0.15061602305245114,0.08742805569053763,0.04141493343283144,-0.0029519492976791714
0.07593578732586784,0.09522875531583135,0.12156131432326914,0.1672316756406013,0.29685648105264584,0.9311199875830564,0.27612176555678053,0.12464185653846496,0.05443287355801259,-0.003082630491166848
0.05393658991030925,0.0673816736006744,0.08455583911724508,0.10824469600297253,0.15061602305245114,0.27612176555678053,0.9052295974625474,0.24370598344142455,0.08355894528870794,-0.0004423796767912137
0.03462738266735753,0.043219370217384916,0.05400987942939063,0.06787191800980794,0.08742805569053763,0.12464185653846496,0.24370598344142455,0.8647391812082206,0.19292844313357368,0.01874189471855166
0.01683243239916738,0.02100436006878259,0.02622211981053671,0.03280301683330727,0.04141493343283144,0.05443287355801259,0.08355894528870794,0.19292844313357368,0.8041124556811875,0.1327481573830165
-0.001274011511542842,-0.0015889919480760908,-0.001979274953299393,-0.002450835568206457,-0.0029519492976791714,-0.003082630491166848,-0.0004423796767912137,0.01874189471855166,0.1327481573830165,0.8463119266481426
