9.439096416144743,-3.311850809430903,-2.288457271034913,3.5875287329372636,-1.5361000357668104,-0.7420587164504382,1.3615896237495262,-0.6204304065331241,-0.19882381355802586,0.3379790086420296
-3.311850809430903,9.42009977370909,-3.29887246345822,-2.272393038354389,3.541104808810716,-1.499280064747951,-0.7100576602370978,1.2491837408154318,-0.5187496304743835,-0.1391545497460241
-2.288457271034913,-3.29887246345822,9.395626521806147,-3.2876566463977768,-2.2438713769091487,3.4801704381929444,-1.4644637285937536,-0.6488413538680899,1.0988777784490824,-0.4162649783096243
3.5875287329372636,-2.272393038354389,-3.2876566463977768,9.350489267352309,-3.243856327822015,-2.224133541388831,3.372517786378257,-1.3472585425569126,-0.6198829453862543,0.8447336889190387
-1.5361000357668104,3.541104808810716,-2.2438713769091487,-3.243856327822015,9.23638466180414,-3.1612000904125113,-2.134326848906476,3.094631689912923,-1.1153196551887707,-0.4447390941355447
-0.7420587164504382,-1.499280064747951,3.4801704381929444,-2.224133541388831,-3.1612000904125113,9.082992023797908,-3.093284107388963,-1.9521725831848946,2.7122216175238973,-0.9025602314361947
1.3615896237495262,-0.7100576602370978,-1.4644637285937536,3.372517786378257,-2.134326848906476,-3.093284107388963,8.823239269011445,-2.8473521266752257,-1.8298746494979108,2.0914553171903294
-0.6204304065331241,1.2491837408154318,-0.6488413538680899,-1.3472585425569126,3.094631689912923,-1.9521725831848946,-2.8473521266752257,8.142567003800371,-2.3263851665236137,-1.3338108065009462
-0.19882381355802586,-0.5187496304743835,1.0988777784490824,-0.6198829453862543,-1.1153196551887707,2.7122216175238973,-1.8298746494979108,-2.3263851665236137,7.179588309801363,-1.9037644399857387
0.3379790086420296,-0.1391545497460241,-0.4162649783096243,0.8447336889190387,-0.4447390941355447,-0.9025602314361947,2.0914553171903294,-1.3338108065009462,-1.9037644399857387,5.677292969684872
