1.6390881875965728,0.26402140113588046,-0.419132547578726,-0.24744293590532085,0.10901311625410168,0.14204295920280202,-0.0031518944061561588,-0.05822288899601279,-0.015575912641728723,0.008051617950825247
0.26402140113588046,1.6386046909463854,0.26379136382472645,-0.41820994569599945,-0.2462865532159462,0.10775133999012809,0.13857678249075095,-0.0027363855458849996,-0.05017354150791811,-0.010910702292407131
-0.419132547578726,0.26379136382472645,1.6371387425200643,0.263287345992253,-0.4152781663973041,-0.243120069445979,0.10338848958354206,0.12845443064720946,-4.846595082482999e-06,-0.02561153506747206
-0.24744293590532085,-0.41820994569599945,0.263287345992253,1.634722738990075,0.26273631903370687,-0.41025196422910126,-0.23839239795114847,0.09542164485794036,0.11233138168578999,0.0066243780241641275
0.10901311625410168,-0.2462865532159462,-0.4152781663973041,0.26273631903370687,1.627775661351507,0.2591407662011749,-0.39719743295651666,-0.2212673719133949,0.07809800053294123,0.06194721861953226
0.14204295920280202,0.10775133999012809,-0.243120069445979,-0.41025196422910126,0.2591407662011749,1.614022928020477,0.2576307247804128,-0.3674558121403141,-0.1972116188958696,0.02823112363140977
-0.0031518944061561588,0.13857678249075095,0.10338848958354206,-0.23839239795114847,-0.39719743295651666,0.2576307247804128,1.5837451183108975,0.23996397633395744,-0.3119471330838182,-0.1190702571895012
-0.05822288899601279,-0.0027363855458849996,0.12845443064720946,0.09542164485794036,-0.2212673719133949,-0.3674558121403141,0.23996397633395744,1.5048748484554109,0.2246918243899419,-0.14597902084950645
-0.015575912641728723,-0.05017354150791811,-4.846595082482999e-06,0.11233138168578999,0.07809800053294123,-0.1972116188958696,-0.3119471330838182,0.2246918243899419,1.369978694692856,0.1651119647402143
0.008051617950825247,-0.010910702292407131,-0.02561153506747206,0.0066243780241641275,0.06194721861953226,0.02823112363140977,-0.1190702571895012,-0.14597902084950645,0.1651119647402143,0.9569717561187844
