2.369419342856202,-1.2027451209084692,0.9788205266292381,-0.711484835511812,0.5414002130815416,-0.39677785895215467,0.2887413333478084,-0.19886044018990723,0.1298673601734725,-0.05682666912048405
-1.2027451209084692,2.364683768188212,-1.1965238059022554,0.970586007320906,-0.700754790369398,0.5269553065387373,-0.3786195727497934,0.26244937097404014,-0.17078108872196174,0.0748802540311807
0.9788205266292381,-1.1965238059022554,2.3565106395504625,-1.1857056958046386,0.9564898745007299,-0.6817770912857961,0.5031025478736814,-0.3440721009365306,0.22557905915424104,-0.09849140153093712
-0.711484835511812,0.970586007320906,-1.1857056958046386,2.3421920622407693,-1.1670470934798514,0.931373360415667,-0.6501987005778671,0.4573939643969481,-0.295219162598204,0.13003700633005644
0.5414002130815416,-0.700754790369398,0.9564898745007299,-1.1670470934798514,2.317881559076368,-1.1343124796040178,0.8902438999002711,-0.5905875195857258,0.3938767259016203,-0.1703380383195337
-0.39677785895215467,0.5269553065387373,-0.6817770912857961,0.931373360415667,-1.1343124796040178,2.2738315784544216,-1.0788907865244615,0.8101345528663036,-0.5046880805127709,0.2268293153546303
0.2887413333478084,-0.3786195727497934,0.5031025478736814,-0.6501987005778671,0.8902438999002711,-1.0788907865244615,2.204304516938076,-0.9778110522827949,0.7032074029199581,-0.29182030940281234
-0.19886044018990723,0.26244937097404014,-0.3440721009365306,0.4573939643969481,-0.5905875195857258,0.8101345528663036,-0.9778110522827949,2.0590332492692456,-0.8199479419374576,0.4032825924799138
0.1298673601734725,-0.17078108872196174,0.22557905915424104,-0.295219162598204,0.3938767259016203,-0.5046880805127709,0.7032074029199581,-0.8199479419374576,1.898045472938465,-0.4788798694635818
-0.05682666912048405,0.0748802540311807,-0.09849140153093712,0.13003700633005644,-0.1703380383195337,0.2268293153546303,-0.29182030940281234,0.4032825924799138,-0.4788798694635818,1.3005527842275815
