1.1394172840172028,-0.6994873975177749,0.60261548994312,-0.4835585135154181,0.38729765864911486,-0.3019456360760229,0.22640766954597313,-0.15796593115169316,0.0946989810175331,-0.033526056141572676
-0.6994873975177749,1.1264453936227274,-0.6839924667617858,0.5841067393782091,-0.4614500014254328,0.3608878502624312,-0.27040552110524596,0.18869749077346482,-0.11311678118752355,0.04004704463878277
0.60261548994312,-0.6839924667617858,1.1079366896572997,-0.661883753271004,0.5576981084995425,-0.4299034702071951,0.3232131612970744,-0.22536070655490692,0.1351250645542395,-0.047835507486985396
-0.4835585135154181,0.5841067393782091,-0.661883753271004,1.081527751715477,-0.6303385491654248,0.5200156604496977,-0.38490093494958966,0.2694068781459224,-0.16136874726548459,0.057143608325345464
0.38729765864911486,-0.4614500014254328,0.5576981084995425,-0.6303385491654248,1.0438473270310256,-0.5853272690168341,0.46626050509659733,-0.32063038001605826,0.19296640139816604,-0.06823581420862329
-0.3019456360760229,0.3608878502624312,-0.4299034702071951,0.5200156604496977,-0.5853272690168341,0.990078838891385,-0.521114337765705,0.389483126264886,-0.22933322821044994,0.08163072074714235
0.22640766954597313,-0.27040552110524596,0.3232131612970744,-0.38490093494958966,0.46626050509659733,-0.521114337765705,0.9133893152723287,-0.42943747982319436,0.2803674319715459,-0.0968296640353351
-0.15796593115169316,0.18869749077346482,-0.22536070655490692,0.2694068781459224,-0.32063038001605826,0.389483126264886,-0.42943747982319436,0.8036947068587319,-0.2994359555106906,0.119405085957075
0.0946989810175331,-0.11311678118752355,0.1351250645542395,-0.16136874726548459,0.19296640139816604,-0.22933322821044994,0.2803674319715459,-0.2994359555106906,0.6465470640190036,-0.12198725073495681
-0.033526056141572676,0.04004704463878277,-0.047835507486985396,0.057143608325345464,-0.06823581420862329,0.08163072074714235,-0.0968296640353351,0.119405085957075,-0.12198725073495681,0.35282501874835664
