7.156669943849501,5.838658688192398,5.0106154950846875,4.227695895005354,3.4998682015998566,2.8224577335397125,2.1872608594089025,1.586005807654595,1.0125627303517826,0.4680727492803882
5.838658688192398,6.967119910506378,5.624346060678435,4.768311155500028,3.953764145622644,3.190251683910705,2.4727548867348936,1.7931428200672506,1.1448353036784593,0.5292230603569925
5.0106154950846875,5.624346060678435,6.724809732481677,5.350387365899911,4.458593282371847,3.603699685057889,2.7948640533191074,2.027149680532405,1.294338150579565,0.5983521202052311
4.227695895005354,4.768311155500028,5.350387365899911,6.4150688571986505,5.000216746470385,4.062806333899752,3.156669801092077,2.291057476761781,1.463194756907626,0.6764758916941395
3.4998682015998566,3.953764145622644,4.458593282371847,5.000216746470385,6.019191285353923,4.55276862019531,3.5574265337324027,2.5871019640381694,1.653488816832414,0.7646772952658677
2.8224577335397125,3.190251683910705,3.603699685057889,4.062806333899752,4.55276862019531,5.513454449260038,3.981553001492291,2.913659722785976,1.8664708722310883,0.8639515256431872
2.1872608594089025,2.4727548867348936,2.7948640533191074,3.156669801092077,3.5574265337324027,3.981553001492291,4.8682809961954305,3.2544300165816162,2.0997030955370195,0.9746251104616733
1.586005807654595,1.7931428200672506,2.027149680532405,2.291057476761781,2.5871019640381694,2.913659722785976,3.2544300165816162,4.048782511946683,2.337007640282451,1.0942841846087044
1.0125627303517826,1.1448353036784593,1.294338150579565,1.463194756907626,1.653488816832414,1.8664708722310883,2.0997030955370195,2.337007640282451,3.0215299173762027,1.2105019029653021
0.4680727492803882,0.5292230603569925,0.5983521202052311,0.6764758916941395,0.7646772952658677,0.8639515256431872,0.9746251104616733,1.0942841846087044,1.2105019029653021,1.7836407801948202
