6.927143141220229,0.44479753113965953,2.7183951684013605,-0.5872644889409016,1.3842630047613973,-0.6159227082323139,0.742692418314967,-0.3779752169888969,0.3469001729210117,-0.05429900896926003
0.44479753113965953,6.881387104624485,0.49534084474884604,2.6556829386190475,-0.5226857956275428,1.295107584525191,-0.5395715465535955,0.6053966920628832,-0.3094630032756015,0.10199204135048182
2.7183951684013605,0.49534084474884604,6.825394880898164,0.5645047236530848,2.5839312862461337,-0.4247194758334617,1.2095308525673358,-0.3898537346618716,0.5257625558969634,-0.0457555130207808
-0.5872644889409016,2.6556829386190475,0.5645047236530848,6.7393680183935505,0.6527308010638571,2.4613839859194684,-0.32091842674757454,1.0200308166985275,-0.2986501035120588,0.1854403541678371
1.3842630047613973,-0.5226857956275428,2.5839312862461337,0.6527308010638571,6.647145337212507,0.7772229039370344,2.350419985250009,-0.13217449099693646,0.9130951315141006,0.029331651668212756
-0.6159227082323139,1.295107584525191,-0.4247194758334617,2.4613839859194684,0.7772229039370344,6.471763193633546,0.9220131381286463,2.0766513543747367,-0.011396171778669806,0.4139417533334857
0.742692418314967,-0.5395715465535955,1.2095308525673358,-0.32091842674757454,2.350419985250009,0.9220131381286463,6.334837077283568,1.136161659783227,1.931898751548204,0.34474898305431634
-0.3779752169888969,0.6053966920628832,-0.3898537346618716,1.0200308166985275,-0.13217449099693646,2.0766513543747367,1.136161659783227,5.89939193139641,1.2939618654134555,1.1145590522219302
0.3469001729210117,-0.3094630032756015,0.5257625558969634,-0.2986501035120588,0.9130951315141006,-0.011396171778669806,1.931898751548204,1.2939618654134555,5.6995661303216405,1.4928296490565311
-0.05429900896926003,0.10199204135048182,-0.0457555130207808,0.1854403541678371,0.029331651668212756,0.4139417533334857,0.34474898305431634,1.1145590522219302,1.4928296490565311,4.098994617261216
