0.49291641752394166,0.09919894420087179,0.14464531736407063,0.072145500896271,0.06082819809301444,0.037832300354777845,0.027198455550687915,0.01726536175508609,0.010737752605113778,0.0049620345291601494
0.09919894420087179,0.49273041916634364,0.09893300907089857,0.1442634302032657,0.07160149882798786,0.060041685989858026,0.03672591123379571,0.02556165737751557,0.015060191358173039,0.007213693361233972
0.14464531736407063,0.09893300907089857,0.4923501543007841,0.09838704422501024,0.14348542999862285,0.07047738612576347,0.05845853187112303,0.03438878942876043,0.022400179755623507,0.010043806228469928
0.072145500896271,0.1442634302032657,0.09838704422501024,0.4915660169169881,0.09727035675431203,0.1418700751776665,0.06820731302448876,0.05509411759295814,0.029871579423601403,0.015137793597285044
0.06082819809301444,0.07160149882798786,0.14348542999862285,0.09727035675431203,0.4899738791818651,0.094972193836304,0.13862747687532537,0.06343645627522526,0.04859944533863283,0.019681075951454928
0.037832300354777845,0.060041685989858026,0.07047738612576347,0.1418700751776665,0.094972193836304,0.48664345012517785,0.09030760149123161,0.13167197206325304,0.05420550410215448,0.03345493141426347
0.027198455550687915,0.03672591123379571,0.05845853187112303,0.06820731302448876,0.13862747687532537,0.09030760149123161,0.480020211018818,0.08067464870330138,0.11827079799922273,0.033977599969611014
0.01726536175508609,0.02556165737751557,0.03438878942876043,0.05509411759295814,0.06343645627522526,0.13167197206325304,0.08067464870330138,0.46536206836770677,0.06196752187692643,0.0854520382432017
0.010737752605113778,0.015060191358173039,0.022400179755623507,0.029871579423601403,0.04859944533863283,0.05420550410215448,0.11827079799922273,0.06196752187692643,0.4372984488556072,0.025151569264491934
0.0049620345291601494,0.007213693361233972,0.010043806228469928,0.015137793597285044,0.019681075951454928,0.03345493141426347,0.033977599969611014,0.0854520382432017,0.025151569264491934,0.3576871196131848
