1.1819346053246433,0.027500983428004496,0.028214692535834248,0.01733558616895205,0.010906128437005076,0.006826780579757843,0.004235478567631709,0.002566733277401179,0.0014575945629498916,0.0006529286473722004
0.027500983428004496,1.1819246954658338,0.027485244821419893,0.028189696847940607,0.017295888602164675,0.010843081644484508,0.006726652267332113,0.004076427281431342,0.0023149176306338287,0.0010369660481911814
0.028214692535834248,0.027485244821419893,1.1818996997780058,0.02744554725300586,0.02812665009843254,0.01719575915703719,0.010684060194479945,0.0064740507249393545,0.0036764995453973217,0.0016468852408006805
0.01733558616895205,0.028189696847940607,0.02744554725300586,1.1818366530257487,0.02734541787592657,0.02796762684907938,0.016943204999130584,0.010282884316292245,0.005838894827299689,0.002615545955916786
0.010906128437005076,0.017295888602164675,0.02812665009843254,0.02734541787592657,1.1816776298914022,0.027092860871349336,0.027566526243317555,0.01630606685901652,0.009274144448895363,0.004153916553266664
0.006826780579757843,0.010843081644484508,0.01719575915703719,0.02796762684907938,0.027092860871349336,1.1812765244745422,0.02645584181644416,0.026554637492987962,0.014704012038338106,0.006598009935103089
0.004235478567631709,0.006726652267332113,0.010684060194479945,0.016943204999130584,0.027566526243317555,0.02645584181644416,1.1802648369876212,0.024848805285963897,0.02401023068171584,0.010456243183835456
0.002566733277401179,0.004076427281431342,0.0064740507249393545,0.010282884316292245,0.01630606685901652,0.026554637492987962,0.024848805285963897,1.1777120106933237,0.020809437061412348,0.017200660155949267
0.0014575945629498916,0.0023149176306338287,0.0036764995453973217,0.005838894827299689,0.009274144448895363,0.014704012038338106,0.02401023068171584,0.020809437061412348,1.1712546536918622,0.01166364376520096
0.0006529286473722004,0.0010369660481911814,0.0016468852408006805,0.002615545955916786,0.004153916553266664,0.006598009935103089,0.010456243183835456,0.017200660155949267,0.01166364376520096,1.1127672444220695
