3.535901263828575,0.10655101061246798,1.361690073633028,-0.21945716739017576,0.7314641812262148,-0.24265557099025975,0.3910918108879994,-0.1687186797729847,0.17293095704119266,-0.07041679570575059
0.10655101061246798,3.5221537152645146,0.1231216161968602,1.3424626904406343,-0.19596823335679298,0.7047041803297474,-0.20915206396370117,0.3541892792109021,-0.12039903799762622,0.12293081690452608
1.361690073633028,0.1231216161968602,3.5006308072500554,0.14564675833580282,1.3109257971396695,-0.16630605158808828,0.6570903955288863,-0.17264610678089876,0.2788275842369472,-0.08250803708140712
-0.21945716739017576,1.3424626904406343,0.14564675833580282,3.473466151693852,0.17714465421156447,1.2724104586169047,-0.12248360315202383,0.6021301986137748,-0.1122538298236806,0.1995021686965909
0.7314641812262148,-0.19596823335679298,1.3109257971396695,0.17714465421156447,3.4266231040942983,0.2174706566801048,1.2001206428480233,-0.07602689287185575,0.4839464797324608,-0.07338896065991471
-0.24265557099025975,0.7047041803297474,-0.16630605158808828,1.2724104586169047,0.2174706566801048,3.370194900277038,0.2705869738984225,1.114944283733168,-0.010619243584635878,0.34917471551889484
0.3910918108879994,-0.20915206396370117,0.6570903955288863,-0.12248360315202383,1.2001206428480233,0.2705869738984225,3.254807263200393,0.3233102102181352,0.9173040970836722,0.006821000829080123
-0.1687186797729847,0.3541892792109021,-0.17264610678089876,0.6021301986137748,-0.07602689287185575,1.114944283733168,0.3233102102181352,3.114709860907771,0.36491018865587876,0.6679295650738853
0.17293095704119266,-0.12039903799762622,0.2788275842369472,-0.1122538298236806,0.4839464797324608,-0.010619243584635878,0.9173040970836722,0.36491018865587876,2.7557348003890754,0.29342664112463
-0.07041679570575059,0.12293081690452608,-0.08250803708140712,0.1995021686965909,-0.07338896065991471,0.34917471551889484,0.006821000829080123,0.6679295650738853,0.29342664112463,2.250743526067603
