0.6456904626135982,0.05239402706217917,0.022322445847702634,0.01295405503061659,0.007889864185236493,0.004790829844780948,0.0028324766659790397,0.001545256521875739,0.000634342299292809,9.436323035264678e-06
0.05239402706217917,0.6456719451134894,0.05236405511253869,0.022273934072636364,0.012875535850432392,0.007762784286072038,0.004585256430650253,0.0025011677755338146,0.0010267347302732135,1.5273723307987514e-05
0.022322445847702634,0.05236405511253869,0.6456234332863008,0.05228553520052579,0.02214684494610913,0.012669847592513007,0.0074300484424604,0.0040490083745624225,0.0016619016951008908,2.4725771173604695e-05
0.01295405503061659,0.022273934072636364,0.05228553520052579,0.6454963431118033,0.0520798322284465,0.021813923576992255,0.012131290485352043,0.006562092018580356,0.002690594854970644,4.0071574745757365e-05
0.007889864185236493,0.012875535850432392,0.02214684494610913,0.0520798322284465,0.6451634006721771,0.051540979278148304,0.020942236974302673,0.010726451147531181,0.0043634133887653125,6.54932342484176e-05
0.004790829844780948,0.007762784286072038,0.012669847592513007,0.021813923576992255,0.051540979278148304,0.644291290425488,0.050130191713424775,0.018668559309001423,0.007167911274483247,0.00011388626971965883
0.0028324766659790397,0.004585256430650253,0.0074300484424604,0.012131290485352043,0.020942236974302673,0.050130191713424775,0.6420090949670809,0.046452056694049663,0.012911100369240851,0.0002822264787919662
0.001545256521875739,0.0025011677755338146,0.0040490083745624225,0.006562092018580356,0.010726451147531181,0.018668559309001423,0.046452056694049663,0.6360803771413434,0.03716178995166165,0.0016728372209855575
0.000634342299292809,0.0010267347302732135,0.0016619016951008908,0.002690594854970644,0.0043634133887653125,0.007167911274483247,0.012911100369240851,0.03716178995166165,0.6213987800612497,0.01781323143061507
9.436323035264678e-06,1.5273723307987514e-05,2.4725771173604695e-05,4.0071574745757365e-05,6.54932342484176e-05,0.00011388626971965883,0.0002822264787919662,0.0016728372209855575,0.01781323143061507,0.5756896091978411
