0.4237616305678613,0.15047904907679843,0.05226671337971187,-0.0006419876327482036,-0.01893912977427569,-0.018681621267990795,-0.012082189463979535,-0.00562759068495559,-0.001414689727152806,0.0008559376689401398
0.15047904907679843,0.42378511498021443,0.15050984053459543,0.052287100438180155,-0.0006720982062072502,-0.01908309757280298,-0.019004944831779252,-0.012589885288865281,-0.006146533750099769,-0.0014381286603643113
0.05226671337971187,0.15050984053459543,0.42383047910887706,0.15055076929356284,0.052273721448194685,-0.000827248620059556,-0.01948609597904903,-0.01970725668345051,-0.013434400167769088,-0.006539157180457583
-0.0006419876327482036,0.052287100438180155,0.15055076929356284,0.4238885600979907,0.15059886406302903,0.052244340662284644,-0.0010484131759927427,-0.02003106910667819,-0.020624502479469998,-0.01448403331153605
-0.01893912977427569,-0.0006720982062072502,0.052273721448194685,0.15059886406302903,0.42406362797531927,0.15095918870654665,0.05276829624136649,-0.0005890853615163896,-0.02022370632903222,-0.022486545358668678
-0.018681621267990795,-0.01908309757280298,-0.000827248620059556,0.052244340662284644,0.15095918870654665,0.42517251593791094,0.15308217065322482,0.055633888925308864,0.0014872808949046544,-0.022516670240597357
-0.012082189463979535,-0.019004944831779252,-0.01948609597904903,-0.0010484131759927427,0.05276829624136649,0.15308217065322482,0.42971161378377865,0.15991829009888137,0.062090591947606286,0.0002930223171731031
-0.00562759068495559,-0.012589885288865281,-0.01970725668345051,-0.02003106910667819,-0.0005890853615163896,0.055633888925308864,0.15991829009888137,0.44095625402060656,0.17234179616580836,0.06525412636033404
-0.001414689727152806,-0.006146533750099769,-0.013434400167769088,-0.020624502479469998,-0.02022370632903222,0.0014872808949046544,0.062090591947606286,0.17234179616580836,0.45781818823026776,0.18475626525201555
0.0008559376689401398,-0.0014381286603643113,-0.006539157180457583,-0.01448403331153605,-0.022486545358668678,-0.022516670240597357,0.0002930223171731031,0.06525412636033404,0.18475626525201555,0.4840762516538891
