22.69841149768425,-16.46501028392587,4.572662172604348,6.445112019314612,-11.817221169724968,10.626423215440918,-5.500129894774457,0.4257372990604777,1.847062649208925,-1.2647426163944349
-16.46501028392587,21.630619828361052,-15.709456102550071,4.49324919233241,5.793560849584329,-10.722747959241183,9.593103497113383,-5.016223497431373,0.7333148956963522,0.8724754801920191
4.572662172604348,-15.709456102550071,19.77354554663552,-13.59714730973416,3.1140083940299164,5.77123686183099,-9.273263564173444,7.362383303449685,-3.0347887765756276,-0.059173864100167894
6.445112019314612,4.49324919233241,-13.59714730973416,16.570843650523067,-10.784403043835091,2.0260458308717446,4.577559767011026,-6.301373623128999,3.966199862622778,-0.8029520707574898
-11.817221169724968,5.793560849584329,3.1140083940299164,-10.784403043835091,13.612440203880803,-9.069968978253462,2.3951138438595105,2.2451378796069053,-3.053563536071087,1.3091066996289056
10.626423215440918,-10.722747959241183,5.77123686183099,2.0260458308717446,-9.069968978253462,12.062877157061148,-8.419354915691638,2.973042707504855,0.6792131008413669,-1.2117244874553617
-5.500129894774457,9.593103497113383,-9.273263564173444,4.577559767011026,2.3951138438595105,-8.419354915691638,10.67274320933293,-6.925388587144626,2.076213516740449,0.5411220101784334
0.4257372990604777,-5.016223497431373,7.362383303449685,-6.301373623128999,2.2451378796069053,2.973042707504855,-6.925388587144626,7.75714589235025,-3.9247533112287987,0.4016215039220872
1.847062649208925,0.7333148956963522,-3.0347887765756276,3.966199862622778,-3.053563536071087,0.6792131008413669,2.076213516740449,-3.9247533112287987,4.011774063012463,-1.1794938258499799
-1.2647426163944349,0.8724754801920191,-0.059173864100167894,-0.8029520707574898,1.3091066996289056,-1.2117244874553617,0.5411220101784334,0.4016215039220872,-1.1794938258499799,1.4612548023109395
