0.9121906688380265,0.022018999529682393,0.11642019781938906,0.039060528624388545,0.029837264437857114,0.015078011789939567,0.009074406802952363,0.004864074793750502,0.0024629869551217143,0.0008048095849954574
0.022018999529682393,0.912177695058186,0.021996406173626543,0.11638088862331192,0.03899200075037191,0.029718305978723783,0.014869621242343034,0.008716425216777393,0.004222857673993122,0.0014138423359001159
0.11642019781938906,0.021996406173626543,0.9121383469347583,0.021927955916445037,0.11626152229214831,0.03878492813315734,0.029355044527679244,0.014247501010142372,0.007594872882744779,0.002413971379726837
0.039060528624388545,0.11638088862331192,0.021927955916445037,0.9120192337162334,0.021720378620601256,0.11590091289844162,0.03815423848045017,0.028267822825145637,0.012314443316477986,0.004379865137181074
0.029837264437857114,0.03899200075037191,0.11626152229214831,0.021720378620601256,0.9116569785386014,0.021092970479158743,0.11479644704185687,0.03627690070099506,0.024829591135743366,0.006963109261072658
0.015078011789939567,0.029718305978723783,0.03878492813315734,0.11590091289844162,0.021092970479158743,0.9105632138652595,0.019194295722949513,0.11147033994519825,0.030563265736545896,0.014595000938579596
0.009074406802952363,0.014869621242343034,0.029355044527679244,0.03815423848045017,0.11479644704185687,0.019194295722949513,0.9071675257494672,0.013619397620966232,0.10050669546908093,0.016174570516518872
0.004864074793750502,0.008716425216777393,0.014247501010142372,0.028267822825145637,0.03627690070099506,0.11147033994519825,0.013619397620966232,0.8966563095809313,-0.0016713896446532372,0.06264901639668685
0.0024629869551217143,0.004222857673993122,0.007594872882744779,0.012314443316477986,0.024829591135743366,0.030563265736545896,0.10050669546908093,-0.0016713896446532372,0.8558568602377088,-0.01974524696405826
0.0008048095849954574,0.0014138423359001159,0.002413971379726837,0.004379865137181074,0.006963109261072658,0.014595000938579596,0.016174570516518872,0.06264901639668685,-0.01974524696405826,0.6457366924593199
