2.9170579134520116,-0.4530822634662178,-0.608926439029033,0.6559917039199088,-0.18447595782399995,-0.17466597952121032,0.20734209216220487,-0.06705358520185242,-0.03421183833522109,0.032778509519887186
-0.4530822634662178,2.9158516185236,-0.45013553465567496,-0.6108685077393086,0.6527777238090668,-0.1755537949607844,-0.18146195835939366,0.19899721322560393,-0.040225492217199996,-0.057402003529421305
-0.608926439029033,-0.45013553465567496,2.908516056028171,-0.4451835643265272,-0.6030454006822024,0.6305908880671587,-0.15830092755456376,-0.16124547263959782,0.13235549409411188,0.01844972655703442
0.6559917039199088,-0.6108685077393086,-0.4451835643265272,2.9050746658319713,-0.4503155317463279,-0.5880879491237254,0.6186630398497821,-0.1714808731389604,-0.11637882301212418,0.09195248537423004
-0.18447595782399995,0.6527777238090668,-0.6030454006822024,-0.4503155317463279,2.8965058274892677,-0.42662370095365193,-0.6060619496458102,0.5963951426012871,-0.10022712924778969,-0.17775237549449585
-0.17466597952121032,-0.1755537949607844,0.6305908880671587,-0.5880879491237254,-0.42662370095365193,2.8293963614361344,-0.37449867362386013,-0.5448207543602273,0.3948087802019047,0.07707778788773134
0.20734209216220487,-0.18146195835939366,-0.15830092755456376,0.6186630398497821,-0.6060619496458102,-0.37449867362386013,2.7880164471845212,-0.420712854658306,-0.3884273893204371,0.25454330797417446
-0.06705358520185242,0.19899721322560393,-0.16124547263959782,-0.1714808731389604,0.5963951426012871,-0.5448207543602273,-0.420712854658306,2.730082095801426,-0.2364781828341024,-0.5463676579756412
-0.03421183833522109,-0.040225492217199996,0.13235549409411188,-0.11637882301212418,-0.10022712924778969,0.3948087802019047,-0.3884273893204371,-0.2364781828341024,2.124511020636583,0.29559852797245256
0.032778509519887186,-0.057402003529421305,0.01844972655703442,0.09195248537423004,-0.17775237549449585,0.07707778788773134,0.25454330797417446,-0.5463676579756412,0.29559852797245256,1.6487907490513953
