0.1637403720086044,-0.008697995192885749,0.01988022666868222,0.0037491129958155574,0.009279047997112993,0.0044035787035183,0.004679177876899705,0.00236035326059344,0.0016474676136071745,-0.000493943487402391
-0.008697995192885749,0.16302267191622272,-0.009470401630939526,0.01902902584913796,0.0028527326793634997,0.008250023722643251,0.0034040839335531476,0.0033519429585839337,0.001423776981507604,-0.0004131615713856324
0.01988022666868222,-0.009470401630939526,0.1621905459095581,-0.010385650677654262,0.01806159639324988,0.0017498424228150245,0.007163693064571245,0.0019965032961831893,0.0022994107241262832,-0.0007029758199247502
0.0037491129958155574,0.01902902584913796,-0.010385650677654262,0.16118018650923271,-0.01144607480114598,0.01683663988568606,0.0005749645921305062,0.005568979547799809,0.0009297971153106638,-0.00023448419673051063
0.009279047997112993,0.0028527326793634997,0.01806159639324988,-0.01144607480114598,0.16005184851850673,-0.012716527290627822,0.015553918945398145,-0.0010154646063385711,0.004255322669200843,-0.0013501728165662625
0.0044035787035183,0.008250023722643251,0.0017498424228150245,0.01683663988568606,-0.012716527290627822,0.15855167708024345,-0.014091855307361876,0.013538088784271696,-0.0021167388315873944,0.0008078534370936847
0.004679177876899705,0.0034040839335531476,0.007163693064571245,0.0005749645921305062,0.015553918945398145,-0.014091855307361876,0.15702524295434178,-0.01567723817569695,0.011670937020780522,-0.0038378364733746852
0.00236035326059344,0.0033519429585839337,0.0019965032961831893,0.005568979547799809,-0.0010154646063385711,0.013538088784271696,-0.01567723817569695,0.15405665209770647,-0.016308796576367877,0.005614534991882803
0.0016474676136071745,0.001423776981507604,0.0022994107241262832,0.0009297971153106638,0.004255322669200843,-0.0021167388315873944,0.011670937020780522,-0.016308796576367877,0.15047915874110515,-0.014191345130452778
-0.000493943487402391,-0.0004131615713856324,-0.0007029758199247502,-0.00023448419673051063,-0.0013501728165662625,0.0008078534370936847,-0.0038378364733746852,0.005614534991882803,-0.014191345130452778,0.13475399149251108
