0.38743549542550637,0.002485926954068267,0.021453125887717108,0.01885194740492646,0.01842630667908633,0.018093929758691056,0.01809528704304901,0.01766855078571914,0.02537883951434304,-0.05709208051558136
0.002485926954068267,0.3886665485214209,0.0038735142322107335,0.023017102581926067,0.02061529679779448,0.020408003815730574,0.02039496331020671,0.019915235448507145,0.028605788179261626,-0.06435142042577688
0.021453125887717108,0.0038735142322107335,0.39023057403814443,0.005636357907688346,0.0250046701297901,0.02284897604387025,0.023001624447044358,0.022446328333326254,0.03224317520168672,-0.07253388049030007
0.01885194740492646,0.023017102581926067,0.005636357907688346,0.3922175095382968,0.007876584082406986,0.027522293447012066,0.025772298092537824,0.02531373925183292,0.03634160495661351,-0.08175579032891087
0.01842630667908633,0.02061529679779448,0.0250046701297901,0.007876584082406986,0.39474331523434536,0.010715150741071997,0.03081825615153578,0.02837937198791935,0.0409778869160599,-0.09216133756161057
0.018093929758691056,0.020408003815730574,0.02284897604387025,0.027522293447012066,0.010715150741071997,0.3979333502976143,0.014419453050927485,0.033745681454182205,0.046011522247020126,-0.10376296896758588
0.01809528704304901,0.02039496331020671,0.023001624447044358,0.025772298092537824,0.03081825615153578,0.014419453050927485,0.4022320962662321,0.017847076689445997,0.0538921994823552,-0.11829838493468851
0.01766855078571914,0.019915235448507145,0.022446328333326254,0.02531373925183292,0.02837937198791935,0.033745681454182205,0.017847076689445997,0.40462573745655606,0.0374264799313718,-0.11792912806420591
0.02537883951434304,0.028605788179261626,0.03224317520168672,0.03634160495661351,0.0409778869160599,0.046011522247020126,0.0538921994823552,0.0374264799313718,0.4626300399325696,-0.30992694085220723
-0.05709208051558136,-0.06435142042577688,-0.07253388049030007,-0.08175579032891087,-0.09216133756161057,-0.10376296896758588,-0.11829838493468851,-0.11792912806420591,-0.30992694085220723,1.8362460678706105
