4.360550441231378,-3.3608524012465884,2.5876847894682404,-1.9785904344841307,1.500420566920222,-1.123276564743262,0.8223325967674895,-0.5774107340324963,0.37209094350924005,-0.19298927795833262
-3.3608524012465884,4.3451514431752525,-3.3408739160551733,2.561765654888395,-1.9449664377983658,1.4568083205580589,-1.0667307434841813,0.7490852566526144,-0.4827390934053938,0.2503827544528309
2.5876847894682404,-3.3408739160551733,4.319231583472115,-3.3072467256041724,2.518142264813627,-1.8883844090826816,1.3834464281996777,-0.9717005199627242,0.626259481403485,-0.3248366946202561
-1.9785904344841307,2.561765654888395,-3.3072467256041724,4.275605270348519,-3.2506518224824186,2.444735450968969,-1.7932082294671856,1.2601588807192428,-0.8123526355357017,0.4214057500322598
1.500420566920222,-1.9449664377983658,2.518142264813627,-3.2506518224824186,4.202186673384311,-3.15542374477191,2.321266820217561,-1.6332719805598686,1.053443696555141,-0.5466070643678373
-1.123276564743262,1.4568083205580589,-1.8883844090826816,2.444735450968969,-3.15542374477191,4.078670543629484,-2.995278289144575,2.113821670200937,-1.3651546498299867,0.7087691985970632
0.8223325967674895,-1.0667307434841813,1.3834464281996777,-1.7932082294671856,2.321266820217561,-2.995278289144575,3.8710339200971777,-2.7263176239591664,1.7662046025455875,-0.9183035398016783
-0.5774107340324963,0.7490852566526144,-0.9717005199627242,1.2601588807192428,-1.6332719805598686,2.113821670200937,-2.7263176239591664,3.5226450024119513,-2.2760669433825584,1.1874931518502696
0.37209094350924005,-0.4827390934053938,0.626259481403485,-0.8123526355357017,1.053443696555141,-1.3651546498299867,1.7662046025455875,-2.2760669433825584,2.940822142462478,-1.528468702221477
-0.19298927795833262,0.2503827544528309,-0.3248366946202561,0.4214057500322598,-0.5466070643678373,0.7087691985970632,-0.9183035398016783,1.1874931518502696,-1.528468702221477,1.980914426256034
