0.27098368843521314,0.11213182093848306,0.06927491846420061,0.043107146066625315,0.026849469465999917,0.016713241289526448,0.01038182438750203,0.0064115828020934905,0.0038837917296253577,0.0020834471068402137
0.11213182093848306,0.2709782613509604,0.11212311448428972,0.06926095072860178,0.043084734701763466,0.026813482544368893,0.016655197938156938,0.0102858109319428,0.0062305834861454065,0.00334237523125908
0.06927491846420061,0.11212311448428972,0.2709642939347407,0.11210070660475986,0.0692249970724432,0.04302700232351558,0.026720365924053288,0.016501167453771944,0.009995441546235918,0.0053620160267146355
0.043107146066625315,0.06926095072860178,0.11210070660475986,0.2709283450479721,0.11204302627408999,0.06913237721606999,0.04287761570024438,0.026473255905813724,0.016035334184115766,0.008602051667641322
0.026849469465999917,0.043084734701763466,0.0692249970724432,0.11204302627408999,0.27083579641442457,0.11189441689395244,0.06889268553270989,0.0424811306942944,0.025725872001425103,0.013800092422383722
0.016713241289526448,0.026813482544368893,0.04302700232351558,0.06913237721606999,0.11189441689395244,0.27059716832430764,0.11150953870837807,0.06825608199639807,0.04128148874083198,0.022140978413970027
0.01038182438750203,0.016655197938156938,0.026720365924053288,0.04287761570024438,0.06889268553270989,0.11150953870837807,0.2699764477661682,0.11048322511691375,0.06632550708700549,0.035539707413413564
0.0064115828020934905,0.0102858109319428,0.016501167453771944,0.026473255905813724,0.0424811306942944,0.06825608199639807,0.11048322511691375,0.2682830584512083,0.10732981167154323,0.057200742553463635
0.0038837917296253577,0.0062305834861454065,0.009995441546235918,0.016035334184115766,0.025725872001425103,0.04128148874083198,0.06632550708700549,0.10732981167154323,0.2627002622812796,0.09349659534482571
0.0020834471068402137,0.00334237523125908,0.0053620160267146355,0.008602051667641322,0.013800092422383722,0.022140978413970027,0.035539707413413564,0.057200742553463635,0.09349659534482571,0.24800364653356027
