1.099269951796156,0.15157494399380544,0.00782143111569147,0.00010304126454145412,-1.1655005036270984e-05,-8.883531287177976e-07,-2.4126573550356165e-08,6.221993673058571e-10,8.834794384273204e-11,2.9656427381170923e-12
0.15157494399380544,1.099269951796156,0.15157494399380544,0.007821431115691474,0.00010304126454155173,-1.1655005035061628e-05,-8.883531418373361e-07,-2.4127446487234545e-08,6.060071476719151e-10,6.980435185222843e-11
0.00782143111569147,0.15157494399380544,1.099269951796156,0.15157494399380544,0.00782143111569207,0.0001030412645491725,-1.1655005109676072e-05,-8.883584389665502e-07,-2.422794040679835e-08,4.369437534661876e-10
0.00010304126454145412,0.007821431115691474,0.15157494399380544,1.099269951796155,0.15157494399377686,0.007821431115343374,0.00010304126853565338,-1.1654748264831304e-05,-8.83650728281625e-07,-2.020091509358365e-08
-1.1655005036270984e-05,0.00010304126454155173,0.00782143111569207,0.15157494399377686,1.099269951795165,0.1515749439815519,0.007821431249505503,0.00010305013170236577,-1.1490772092128272e-05,-7.061872920082072e-07
-8.883531287177976e-07,-1.1655005035061628e-05,0.0001030412645491725,0.007821431115343374,0.1515749439815519,1.0992699516422437,0.15157494558828777,0.007821540311413074,0.0001050876274523777,-8.80768415915521e-06
-2.4126573550356165e-08,-8.883531418373361e-07,-1.1655005109676072e-05,0.00010304126853565338,0.007821431249505503,0.15157494558828777,1.0992699322021187,0.15157373501793567,0.007799643110936125,9.347159770059903e-05
6.221993673058571e-10,-2.4127446487234545e-08,-8.883584389665502e-07,-1.1654748264831304e-05,0.00010305013170236577,0.007821540311413074,0.15157373501793567,1.099190515939619,0.15010824536583545,0.006305049369077811
8.834794384273204e-11,6.060071476719151e-10,-2.422794040679835e-08,-8.83650728281625e-07,-1.1490772092128272e-05,0.0001050876274523777,0.007799643110936125,0.15010824536583545,1.071949695234681,0.11752980244416499
2.9656427381170923e-12,6.980435185222843e-11,4.369437534661876e-10,-2.020091509358365e-08,-7.061872920082072e-07,-8.80768415915521e-06,9.347159770059903e-05,0.006305049369077811,0.11752980244416499,0.9174828313277803
