4.076584564332045,-1.2614144851159852,1.1576607656616962,-0.8958514308721698,0.7048249775807846,-0.544759497102348,0.4116859991169556,-0.29873129832835066,0.19962278462252478,-0.11604777509027717
-1.2614144851159852,4.0660892934246124,-1.2483312156568769,1.1413513644483824,-0.8755201153468504,0.679482065485907,-0.5131528118524687,0.3724007338368778,-0.2488463319359042,0.1446637321521036
1.1576607656616962,-1.2483312156568769,4.0497798583229505,-1.2280001262856917,1.116006608529752,-0.8439279677068352,0.6400815791348549,-0.46418030515072856,0.3102147877335793,-0.18033500518796
-0.8958514308721698,1.1413513644483824,-1.2280001262856917,4.024435436986836,-1.1964057458068575,1.0766243264059423,-0.7948119299582209,0.5790332203718104,-0.3866601870084452,0.22481026340437982
0.7048249775807846,-0.8755201153468504,1.116006608529752,-1.1964057458068575,3.9850498515016626,-1.1473117530640036,1.0153962357737614,-0.7187089059331571,0.4823972003989451,-0.28018979232158875
-0.544759497102348,0.679482065485907,-0.8439279677068352,1.0766243264059423,-1.1473117530640036,3.9238543752345074,-1.070991076839938,0.9205347236859629,-0.5982474216472696,0.3497220798398586
0.4116859991169556,-0.5131528118524687,0.6400815791348549,-0.7948119299582209,1.0153962357737614,-1.070991076839938,3.828670858773288,-0.9526784910503885,0.7703397372884149,-0.43246461452429696
-0.29873129832835066,0.3724007338368778,-0.46418030515072856,0.5790332203718104,-0.7187089059331571,0.9205347236859629,-0.9526784910503885,3.6816550486810224,-0.7656794280442295,0.566779847898485
0.19962278462252478,-0.2488463319359042,0.3102147877335793,-0.3866601870084452,0.4823972003989451,-0.5982474216472696,0.7703397372884149,-0.7656794280442295,3.44670688380689,-0.48735018968144084
-0.11604777509027717,0.1446637321521036,-0.18033500518796,0.22481026340437982,-0.28018979232158875,0.3497220798398586,-0.43246461452429696,0.566779847898485,-0.48735018968144084,3.294375116605792
