3.267838753620805,-2.5739937041609364,1.9780473881290064,-1.4927065221168903,1.1110812377189314,-0.8108100976812779,0.5708381356319568,-0.373937556508138,0.2074845835343209,-0.0687632245216049
-2.5739937041609364,3.2520729877764993,-2.5532923858058805,1.9508663687581111,-1.4570221651375563,1.0642552981717122,-0.7494693317036301,0.49099017993930155,-0.2724390914806227,0.09029072804482276
1.9780473881290064,-2.5532923858058805,3.2248910172980905,-2.5176022111924747,1.9040108436345038,-1.3955371279744886,0.9837114908375069,-0.6446245457654168,0.3577169883609992,-0.11855653114697239
-1.4927065221168903,1.9508663687581111,-2.5176022111924747,3.1780294930606954,-2.4560804792832593,1.8232804251794084,-1.2897823510572217,0.8460492127293607,-0.46963505522325166,0.1556650130995548
1.1110812377189314,-1.4570221651375563,1.9040108436345038,-2.4560804792832593,3.0972612351755475,-2.350094250133338,1.6844410968092376,-1.1090530894058759,0.6163130596688323,-0.2043596130275875
-0.8108100976812779,1.0642552981717122,-1.3955371279744886,1.8232804251794084,-2.350094250133338,2.9581832344752095,-2.16790510275925,1.4472806953291855,-0.8075740219610525,0.2681477306505825
0.5708381356319568,-0.7494693317036301,0.9837114908375069,-1.2897823510572217,1.6844410968092376,-2.16790510275925,2.719517406483481,-1.857217801291261,1.052286894857224,-0.35117880709477867
-0.373937556508138,0.49099017993930155,-0.6446245457654168,0.8460492127293607,-1.1090530894058759,1.4472806953291855,-1.857217801291261,2.3150281233115693,-1.3427416198777244,0.4567107706345092
0.2074845835343209,-0.2724390914806227,0.3577169883609992,-0.46963505522325166,0.6163130596688323,-0.8075740219610525,1.052286894857224,-1.3427416198777244,1.6595592105630175,-0.5784987595146552
-0.0687632245216049,0.09029072804482276,-0.11855653114697239,0.1556650130995548,-0.2043596130275875,0.2681477306505825,-0.35117880709477867,0.4567107706345092,-0.5784987595146552,0.7415175034606943
