14.35075652485814,-3.671264354898369,-9.289347429309473,7.696873947751657,2.9783468233727874,-6.973633267641381,1.3352428925429423,3.649293472848136,-2.1237924756710123,-0.7432917606152092
-3.671264354898369,13.678603154240065,-3.6723712685000685,-8.544315352437913,7.223773652122857,2.454515431976424,-6.116234522237708,1.3694573472877547,2.678046902256302,-1.5433348373151188
-9.289347429309473,-3.6723712685000685,12.755717820028664,-3.083588821707105,-7.897182566258129,6.15977105923097,2.4152945427535357,-4.913012193102546,0.6468559196505834,1.8056714072832531
7.696873947751657,-8.544315352437913,-3.083588821707105,11.555836792624826,-2.971686612222956,-6.639704352261958,5.235277237860978,1.6113724850825673,-3.3774302746470592,0.5594698223225976
2.9783468233727874,7.223773652122857,-7.897182566258129,-2.971686612222956,10.767973909453783,-2.5940101948173577,-6.007691309194312,4.414674674246495,1.4339337712379019,-2.3557469663465564
-6.973633267641381,2.454515431976424,6.15977105923097,-6.639704352261958,-2.5940101948173577,9.13502273135819,-1.972619046588294,-4.595008144790959,2.8271728653360886,0.8802465572977913
1.3352428925429423,-6.116234522237708,2.4152945427535357,5.235277237860978,-6.007691309194312,-1.972619046588294,8.039536021184283,-1.9632898090822894,-3.3878305491847236,2.048290003556527
3.649293472848136,1.3694573472877547,-4.913012193102546,1.6113724850825673,4.414674674246495,-4.595008144790959,-1.9632898090822894,6.469223331974441,-0.9738782810483222,-2.278812686817794
-2.1237924756710123,2.678046902256302,0.6468559196505834,-3.3774302746470592,1.4339337712379019,2.8271728653360886,-3.3878305491847236,-0.9738782810483222,4.502511611412733,-0.8174194096129332
-0.7432917606152092,-1.5433348373151188,1.8056714072832531,0.5594698223225976,-2.3557469663465564,0.8802465572977913,2.048290003556527,-2.278812686817794,-0.8174194096129332,3.1748006156141657
