2.3124278296753022,0.6305584940571376,0.24699644393707137,0.0962308885863306,0.03751295907310262,0.014621960147549781,0.005697999709594698,0.002216722683391552,0.0008530530682716072,0.000299218772069299
0.6305584940571376,2.312427790314181,0.6305583930804828,0.2469961848924287,0.09623022403706517,0.03751125420841518,0.014617587384786721,0.00568676034939823,0.002188414484504284,0.0007676130877304795
0.24699644393707137,0.6305583930804828,2.3124275312696057,0.6305577285297541,0.24699448006389435,0.09622585039297651,0.03750003636329817,0.01458875403416283,0.005614138758220869,0.001969227543827633
0.0962308885863306,0.2469961848924287,0.6305577285297541,2.3124258264368773,0.6305533549772815,0.24698325995493164,0.09619707222949724,0.037426067533590686,0.014402451222739285,0.005051838596882087
0.03751295907310262,0.09623022403706517,0.24699448006389435,0.6305533549772815,2.312414606590548,0.6305245710769656,0.24690943288347916,0.09600731369076648,0.03694812921068782,0.012959931527049613
0.014621960147549781,0.03751125420841518,0.09622585039297651,0.24698325995493164,0.6305245710769656,2.312340763073416,0.6303351717694039,0.2464226178941702,0.09478118589766094,0.03324750320258326
0.005697999709594698,0.014617587384786721,0.03750003636329817,0.09619707222949724,0.24690943288347916,0.6303351717694039,2.3118549778852455,0.629086549517335,0.24327783398860098,0.08528761545381798
0.002216722683391552,0.00568676034939823,0.01458875403416283,0.037426067533590686,0.09600731369076648,0.2464226178941702,0.629086549517335,2.3086457095433057,0.6210015447211756,0.21892356727892065
0.0008530530682716072,0.002188414484504284,0.005614138758220869,0.014402451222739285,0.03694812921068782,0.09478118589766094,0.24327783398860098,0.6210015447211756,2.288329351103828,0.5585123089618389
0.000299218772069299,0.0007676130877304795,0.001969227543827633,0.005051838596882087,0.012959931527049613,0.03324750320258326,0.08528761545381798,0.21892356727892065,0.5585123089618389,2.128289119661949
