2.57729739914189,0.04817689202913872,-1.4180117450052885,-0.09687597459096647,1.0089808006276704,0.10801011401062655,-0.6441943372660394,-0.0866148681232239,0.3105776654719539,0.03492251147583815
0.04817689202913872,2.501116182888995,0.04960908429240851,-1.3243688193840946,-0.0933446995020906,0.8941726679708364,0.09718725481641585,-0.503804067852366,-0.06539161842265404,0.13935623143037024
-1.4180117450052885,0.04960908429240851,2.4357962019722423,0.044159977494193245,-1.2444538769564435,-0.08213769474436457,0.7966581971870057,0.0779144233405625,-0.38513039089510515,-0.03501737694717909
-0.09687597459096647,-1.3243688193840946,0.044159977494193245,2.3204807354939883,0.04433771972689448,-1.102819061909341,-0.0743545328369352,0.6231489949999138,0.05855337336128189,-0.17312871325007767
1.0089808006276704,-0.0933446995020906,-1.2444538769564435,0.04433771972689448,2.2223431823095847,0.038575284868469784,-0.9826168953301411,-0.060486744928096095,0.47630605780368085,0.033225958021488436
0.10801011401062655,0.8941726679708364,-0.08213769474436457,-1.102819061909341,0.038575284868469784,2.0480687410205207,0.03580703828934539,-0.7687380020478396,-0.04500413892610532,0.2145052076323453
-0.6441943372660394,0.09718725481641585,0.7966581971870057,-0.0743545328369352,-0.9826168953301411,0.03580703828934539,1.9002859748664354,0.03085808647452845,-0.5875180746090236,-0.028688319739729802
-0.0866148681232239,-0.503804067852366,0.0779144233405625,0.6231489949999138,-0.060486744928096095,-0.7687380020478396,0.03085808647452845,1.6373308730791776,0.022080873116183734,-0.2650654318239477
0.3105776654719539,-0.06539161842265404,-0.38513039089510515,0.05855337336128189,0.47630605780368085,-0.04500413892610532,-0.5875180746090236,0.022080873116183734,1.414269631712302,0.02025908849368116
0.03492251147583815,0.13935623143037024,-0.03501737694717909,-0.17312871325007767,0.033225958021488436,0.2145052076323453,-0.028688319739729802,-0.2650654318239477,0.02025908849368116,1.0181462655966054
