0.6547239610942123,0.2855378143647595,0.014131235697727194,-0.146725220258829,-0.18475616149897162,-0.14145461540603452,-0.06837148818020838,0.0007826325141668806,0.05532533134642501,0.09583261590852145
0.2855378143647595,0.6635393419136532,0.29253948704766813,0.01287441614188981,-0.16174058808771452,-0.21339504527224593,-0.17367406583040956,-0.0837637756583316,0.026342896314349423,0.135204097778782
0.014131235697727194,0.29253948704766813,0.6668813618086675,0.2869789555163029,-0.004491326967303182,-0.18757042202184093,-0.23566623522598298,-0.1736010066728449,-0.04407113733682207,0.1078179851899736
-0.146725220258829,0.01287441614188981,0.2869789555163029,0.6576808451208866,0.2779361566530224,-0.006747087596669615,-0.17615261688076403,-0.20818706876937976,-0.13737837746229867,-0.018389568166196704
-0.18475616149897162,-0.16174058808771452,-0.004491326967303182,0.2779361566530224,0.6699224208794166,0.3191592950227367,0.056269416943129126,-0.11978742330397855,-0.20419048430724085,-0.22923796954355588
-0.14145461540603452,-0.21339504527224593,-0.18757042202184093,-0.006747087596669615,0.3191592950227367,0.7586789051205339,0.428443773340455,0.12336244453285232,-0.17588394939523977,-0.43864381631492305
-0.06837148818020838,-0.17367406583040956,-0.23566623522598298,-0.17615261688076403,0.056269416943129126,0.428443773340455,0.8714731937762179,0.46630528744319555,0.000936668613706932,-0.49480430330042313
0.0007826325141668806,-0.0837637756583316,-0.1736010066728449,-0.20818706876937976,-0.11978742330397855,0.12336244453285232,0.46630528744319555,0.8301898774570742,0.31420716782019875,-0.23846616525116565
0.05532533134642501,0.026342896314349423,-0.04407113733682207,-0.13737837746229867,-0.20419048430724085,-0.17588394939523977,0.000936668613706932,0.31420716782019875,0.7348552508225228,0.38825678410215436
0.09583261590852145,0.135204097778782,0.1078179851899736,-0.018389568166196704,-0.22923796954355588,-0.43864381631492305,-0.49480430330042313,-0.23846616525116565,0.38825678410215436,1.3121542351962259
