0.22003107174233283,0.0407545250285514,0.008651509543843052,0.002372267431572539,0.00026442167794742734,0.00024295552183988212,-6.060684967530224e-05,6.737633535140389e-05,2.2717770429816036e-05,0.0001994635750993568
0.0407545250285514,0.22003217429257438,0.04075288897814404,0.00865385537966553,0.002368546418749713,0.0002687087210238915,0.00023141821254308158,-6.666450464758885e-05,-2.5142714693302224e-05,-0.0002878574241512393
0.008651509543843052,0.04075288897814404,0.22003460251122442,0.040749409564987654,0.008659384734971041,0.002362217776582372,0.0002859755998500993,0.0002410504618721122,7.346136584557261e-05,0.0004482074240874233
0.002372267431572539,0.00865385537966553,0.040749409564987654,0.2200395980805866,0.04074151551763017,0.008668602256611844,0.002338101326345734,0.0002749740006644179,5.2528104845210526e-05,-0.0005506910101765138
0.00026442167794742734,0.002368546418749713,0.008659384734971041,0.04074151551763017,0.2200522741802065,0.04072754185213054,0.008709755139675684,0.0023682481017599805,0.0006300271379805634,0.0012891043124960834
0.00024295552183988212,0.0002687087210238915,0.002362217776582372,0.008668602256611844,0.04072754185213054,0.22007101777770077,0.040691970126757473,0.008726881911437242,0.0021879937322941577,0.00021237498243078073
-6.060684967530224e-05,0.00023141821254308158,0.0002859755998500993,0.002338101326345734,0.008709755139675684,0.040691970126757473,0.2202333418191998,0.04093752794375921,0.010498767905084229,0.008975359406565766
6.737633535140389e-05,-6.666450464758885e-05,0.0002410504618721122,0.0002749740006644179,0.0023682481017599805,0.008726881911437242,0.04093752794375921,0.2210644460519221,0.04496591378781392,0.027697600171560678
2.2717770429816036e-05,-2.5142714693302224e-05,7.346136584557261e-05,5.2528104845210526e-05,0.0006300271379805634,0.0021879937322941577,0.010498767905084229,0.04496591378781392,0.2443589185689971,0.13938161614880756
0.0001994635750993568,-0.0002878574241512393,0.0004482074240874233,-0.0005506910101765138,0.0012891043124960834,0.00021237498243078073,0.008975359406565766,0.027697600171560678,0.13938161614880756,0.632683743592716
