11.197809603224766,8.778303255501845,4.906364480508124,0.7998802527239995,-2.417609073244358,-4.071773003752599,-4.077587198834603,-2.8914944657059625,-1.3020061272261094,-0.13072002504741487
8.778303255501845,10.33549171331717,8.139526998540898,4.638723708499137,0.9664113470799034,-1.8532616085496225,-3.2374396145991584,-3.1636242696074497,-2.1073577736296287,-0.8282528647904766
4.906364480508124,8.139526998540898,9.573837243186137,7.42930145649482,4.1431801444135505,0.800226541845072,-1.6505204400715008,-2.710721187936174,-2.4324396175767853,-1.3386680434854537
0.7998802527239995,4.638723708499137,7.42930145649482,8.582150528267885,6.382580743548253,3.2814616095325397,0.32211402694463453,-1.6336232797848456,-2.200559328111306,-1.54399383648945
-2.417609073244358,0.9664113470799034,4.1431801444135505,6.382580743548253,7.222150210808955,5.020136759026363,2.2293106985478417,-0.17688639212395207,-1.4625439363113124,-1.395782878720217
-4.071773003752599,-1.8532616085496225,0.800226541845072,3.2814616095325397,5.020136759026363,5.669569666900095,3.632992947605783,1.3267338246160154,-0.3856222292443468,-0.9265328810357064
-4.077587198834603,-3.2374396145991584,-1.6505204400715008,0.32211402694463453,2.2293106985478417,3.632992947605783,4.264406051359964,2.532285364058499,0.7844606528761728,-0.2425757371135963
-2.8914944657059625,-3.1636242696074497,-2.710721187936174,-1.6336232797848456,-0.17688639212395207,1.3267338246160154,2.532285364058499,3.2173797310815924,1.7795152535155754,0.5000125635011192
-1.3020061272261094,-2.1073577736296287,-2.4324396175767853,-2.200559328111306,-1.4625439363113124,-0.3856222292443468,0.7844606528761728,1.7795152535155754,2.4260027479114847,1.1310245565762242
-0.13072002504741487,-0.8282528647904766,-1.3386680434854537,-1.54399383648945,-1.395782878720217,-0.9265328810357064,-0.2425757371135963,0.5000125635011192,1.1310245565762242,1.5607604428893032
