1.0192538887936475,-0.007100557220185792,0.017587039706475894,0.011500806976385426,0.008207682772862497,0.005813081936011768,0.0041026806180709955,0.0028733705595415217,0.0019741845772338965,0.0014586676239078502
-0.007100557220185792,1.0192457061022568,-0.007112061807109043,0.01757086464860726,0.011478065357725564,0.00817570963035659,0.005768110537922221,0.004039866907802102,0.002775636396336439,0.0020508372687053074
0.017587039706475894,-0.007112061807109043,1.0192295310427375,-0.007134803390575047,0.01753889070309772,0.011433112202387553,0.008112481367959452,0.0056797965889295535,0.0039024559858296085,0.002883407462565977
0.011500806976385426,0.01757086464860726,-0.007134803390575047,1.0191975571499725,-0.007179757670320707,0.017475688095842084,0.011344215416217933,0.007988314960752002,0.005486601485346303,0.004053978928082345
0.008207682772862497,0.011478065357725564,0.01753889070309772,-0.007179757670320707,1.0191343528575751,-0.007268618532820529,0.017350702033210673,0.01116964136188223,0.007716689257976014,0.0056996268244872885
0.005813081936011768,0.00817570963035659,0.011433112202387553,0.017475688095842084,-0.007268618532820529,1.019009420633495,-0.007444340311513736,0.017105263479469054,0.01078774330081601,0.008016440718276965
0.0041026806180709955,0.005768110537922221,0.008112481367959452,0.011344215416217933,0.017350702033210673,-0.007444340311513736,1.0187622619933363,-0.007789569758035758,0.016568362421528527,0.011203615192971042
0.0028733705595415217,0.004039866907802102,0.0056797965889295535,0.007988314960752002,0.01116964136188223,0.017105263479469054,-0.007789569758035758,1.0182803159299374,-0.008545222443014545,0.017279602124049408
0.0019741845772338965,0.002775636396336439,0.0039024559858296085,0.005486601485346303,0.007716689257976014,0.01078774330081601,0.016568362421528527,-0.008545222443014545,1.01723579999397,-0.01042067294677119
0.0014586676239078502,0.0020508372687053074,0.002883407462565977,0.004053978928082345,0.0056996268244872885,0.008016440718276965,0.011203615192971042,0.017279602124049408,-0.01042067294677119,1.0799398272643126
