4.70118204672152,-0.23702897760624875,1.7704856574357923,-0.525321350209397,0.8222537988747769,-0.38934575868252475,0.3949912672790924,-0.20445441895283178,0.1597794444200912,-0.02570517164896803
-0.23702897760624875,4.691650521093728,-0.22536537260132922,1.7540676107875406,-0.5065813538743804,0.7931235501988786,-0.36096798969475896,0.3402388903978232,-0.16818063286809803,0.04612651528873361
1.7704856574357923,-0.22536537260132922,4.677271955055543,-0.2053415242719181,1.7308295834265175,-0.47129403583508506,0.7574089176191824,-0.29548576214186184,0.2924301347086455,-0.035041484819827384
-0.525321350209397,1.7540676107875406,-0.2053415242719181,4.648949890549367,-0.17325460499893813,1.6804267641171067,-0.42303599951050663,0.6621426873595709,-0.23515770170247471,0.0929260302826467
0.8222537988747769,-0.5065813538743804,1.7308295834265175,-0.17325460499893813,4.611220608593397,-0.11701858343295107,1.621775388914332,-0.31977130727978514,0.5809410381470957,-0.028854866697583723
-0.38934575868252475,0.7931235501988786,-0.47129403583508506,1.6804267641171067,-0.11701858343295107,4.520976515937291,-0.03364149057954443,1.449299872103143,-0.2205013265405621,0.21348279037412113
0.3949912672790924,-0.36096798969475896,0.7574089176191824,-0.42303599951050663,1.621775388914332,-0.03364149057954443,4.427255633152179,0.11520449174710962,1.3093700111965236,0.062457613694899564
-0.20445441895283178,0.3402388903978232,-0.29548576214186184,0.6621426873595709,-0.31977130727978514,1.449299872103143,0.11520449174710962,4.091005452863629,0.2745798919701721,0.5714890165012503
0.1597794444200912,-0.16818063286809803,0.2924301347086455,-0.23515770170247471,0.5809410381470957,-0.2205013265405621,1.3093700111965236,0.2745798919701721,3.842513664008123,0.5154469900049292
-0.02570517164896803,0.04612651528873361,-0.035041484819827384,0.0929260302826467,-0.028854866697583723,0.21348279037412113,0.062457613694899564,0.5714890165012503,0.5154469900049292,2.1547424419884806
