2.520960850536771,-0.4377219745394696,-0.7480750586842637,0.4551971566178863,0.10595772417335637,-0.21116522579774674,0.040940662334346914,0.059182695469363486,-0.031153588085347163,-0.005011893429491435
-0.4377219745394696,2.5204799577673067,-0.43751758613311176,-0.7470136558859996,0.45356876060189133,0.104822069430181,-0.20569718319226454,0.0383359119994345,0.04740172366784659,-0.012190887012413533
-0.7480750586842637,-0.43751758613311176,2.519602682150385,-0.43715832768957885,-0.7450634327729493,0.45061978335009045,0.10269128831690397,-0.1957187021229994,0.03373680369646137,0.025744825733893983
0.4551971566178863,-0.7470136558859996,-0.43715832768957885,2.5164291596414503,-0.4348541202175763,-0.7390385275011296,0.43835286863525547,0.09934483631075991,-0.1598674024569214,0.005824166705408104
0.10595772417335637,0.45356876060189133,-0.7450634327729493,-0.4348541202175763,2.508912484735165,-0.4332373593216333,-0.7208302636335212,0.4154116690579028,0.07474285268359249,-0.07401246537014916
-0.21116522579774674,0.104822069430181,0.45061978335009045,-0.7390385275011296,-0.4332373593216333,2.491331619467785,-0.41948530355011426,-0.6884651503836919,0.34588353268372224,0.060489484628533347
0.040940662334346914,-0.20569718319226454,0.10269128831690397,0.43835286863525547,-0.7208302636335212,-0.41948530355011426,2.42910941370503,-0.39203659994019935,-0.5521598126037601,0.1335904137103897
0.059182695469363486,0.0383359119994345,-0.1957187021229994,0.09934483631075991,0.4154116690579028,-0.6884651503836919,-0.39203659994019935,2.31542931919788,-0.3480290063197651,-0.29683330102371214
-0.031153588085347163,0.04740172366784659,0.03373680369646137,-0.1598674024569214,0.07474285268359249,0.34588353268372224,-0.5521598126037601,-0.3480290063197651,1.9100677278891578,-0.04873488152107573
-0.005011893429491435,-0.012190887012413533,0.025744825733893983,0.005824166705408104,-0.07401246537014916,0.060489484628533347,0.1335904137103897,-0.29683330102371214,-0.04873488152107573,0.9284085817184119
