2.99346694215336,0.2534810565673048,-0.6283663505262687,-0.16362189682108258,0.13797697614130505,0.0639192954254251,-0.025761572856390733,-0.020128410146629076,0.003112420191268181,0.0034985597443724613
0.2534810565673048,2.9934526191449873,0.2534776915312541,-0.6283133087869527,-0.1635772674365948,0.13779977115161052,0.06364186616363818,-0.025246239480793964,-0.01875413069720995,0.0019528708341076386
-0.6283663505262687,0.2534776915312541,2.993388145126764,0.2534520987215637,-0.6280807867838192,-0.1633399529892951,0.13704784807697415,0.06228039826272192,-0.02316966809761823,-0.012280266934223464
-0.16362189682108258,-0.6283133087869527,0.2534520987215637,2.993168978474578,0.2534195041019788,-0.627257865443441,-0.1627229296762842,0.13425353768283255,0.0582390250240411,-0.014844280688822627
0.13797697614130505,-0.1635772674365948,-0.6280807867838192,0.2534195041019788,2.9922557697366234,0.2529990932356815,-0.6239990356371179,-0.15915968839615358,0.12385699293319419,0.038330683406179476
0.0639192954254251,0.13779977115161052,-0.1633399529892951,-0.627257865443441,0.2529990932356815,2.9888415347816277,0.2525748075726829,-0.6111294685491974,-0.14983860429170975,0.07996083311154632
-0.025761572856390733,0.06364186616363818,0.13704784807697415,-0.1627229296762842,-0.6239990356371179,0.2525748075726829,2.9760622211407974,0.24656926041770277,-0.5655989932507436,-0.09954843453039007
-0.020128410146629076,-0.025246239480793964,0.06228039826272192,0.13425353768283255,-0.15915968839615358,-0.6111294685491974,0.24656926041770277,2.9230075476106334,0.23794932646997635,-0.366826641706659
0.003112420191268181,-0.01875413069720995,-0.02316966809761823,0.0582390250240411,0.12385699293319419,-0.14983860429170975,-0.5655989932507436,0.23794932646997635,2.7428537513690054,0.16342937551910028
0.0034985597443724613,0.0019528708341076386,-0.012280266934223464,-0.014844280688822627,0.038330683406179476,0.07996083311154632,-0.09954843453039007,-0.366826641706659,0.16342937551910028,1.9343139211519202
