2.236718437632169,-0.15264378958577143,-0.5652544708872318,0.3092611249004266,0.018434554529758382,-0.09806485151880431,0.04052012585423033,0.009538777876832029,-0.015984464699952343,0.003757412917400116
-0.15264378958577143,2.2368209326048536,-0.1528405623719203,-0.5652897290373458,0.3099987579187342,0.017360016108206377,-0.0988726660167773,0.045546194121278555,0.004179787698700832,-0.024672251726487633
-0.5652544708872318,-0.1528405623719203,2.2370389481067936,-0.15251374638919554,-0.5665737347519029,0.3109513168862161,0.02025504986483118,-0.10686245620961551,0.04849478910584726,0.0270258996777666
0.3092611249004266,-0.5652897290373458,-0.15251374638919554,2.236630766550065,-0.15298179900642797,-0.5644030420943265,0.309048925028506,0.015834494958527137,-0.093113690869687,0.041480248795327405
0.018434554529758382,0.3099987579187342,-0.5665737347519029,-0.15298179900642797,2.2418300725245617,-0.15979668742543968,-0.571328379586223,0.34384800680281985,-0.016662678246266983,-0.16073811207762673
-0.09806485151880431,0.017360016108206377,0.3109513168862161,-0.5644030420943265,-0.15979668742543968,2.2453777261478773,-0.1419850938037395,-0.6124871292352263,0.3490159013910539,0.11728243542244142
0.04052012585423033,-0.0988726660167773,0.02025504986483118,0.309048925028506,-0.571328379586223,-0.1419850938037395,2.240434739761405,-0.19556019274927086,-0.5084938792254252,0.36559941566831533
0.009538777876832029,0.045546194121278555,-0.10686245620961551,0.015834494958527137,0.34384800680281985,-0.6124871292352263,-0.19556019274927086,2.469662652367508,-0.382110847473746,-0.9985770581996811
-0.015984464699952343,0.004179787698700832,0.04849478910584726,-0.093113690869687,-0.016662678246266983,0.3490159013910539,-0.5084938792254252,-0.382110847473746,2.4126428497445103,0.3554719008085372
0.003757412917400116,-0.024672251726487633,0.0270258996777666,0.041480248795327405,-0.16073811207762673,0.11728243542244142,0.36559941566831533,-0.9985770581996811,0.3554719008085372,2.9109778653335057
