2.4280717747512477,0.014259575885990815,-1.3207051021572174,0.19263876476610808,0.8204831519024156,-0.2340459883425313,-0.4489592932392417,0.16864093861089854,0.18299427305092378,-0.026965002043968886
0.014259575885990815,2.4227520075938793,0.0075468219576745686,-1.3114187277664855,0.20016621541595153,0.8052614899404558,-0.24135228031160413,-0.4251964641074752,0.17361133652485344,0.1474164457596715
-1.3207051021572174,0.0075468219576745686,2.366333008680183,0.030580553969598183,-1.2351688138842734,0.14882224253545595,0.7069806763028981,-0.1438203154445096,-0.30591861829035893,0.004251206443349727
0.19263876476610808,-1.3114187277664855,0.030580553969598183,2.347451908386353,0.001687230067826485,-1.2010132172145738,0.18259459328919178,0.6495585822750366,-0.17916590006139987,-0.21443902813400767
0.8204831519024156,0.20016621541595153,-1.2351688138842734,0.001687230067826485,2.2438728053956183,0.06796457849292267,-1.0666882836745306,0.05493514682155318,0.485204537571493,0.044451924978752416
-0.2340459883425313,0.8052614899404558,0.14882224253545595,-1.2010132172145738,0.06796457849292267,2.17877962429805,-0.012632759675911685,-0.9534228844817452,0.1448970643047999,0.2999833526275352
-0.4489592932392417,-0.24135228031160413,0.7069806763028981,0.18259459328919178,-1.0666882836745306,-0.012632759675911685,2.003319055788716,0.14546766561223923,-0.7366949148187937,-0.1351545928206481
0.16864093861089854,-0.4251964641074752,-0.1438203154445096,0.6495585822750366,0.05493514682155318,-0.9534228844817452,0.14546766561223923,1.802017376655649,-0.035930182457294596,-0.40243246629495916
0.18299427305092378,0.17361133652485344,-0.30591861829035893,-0.17916590006139987,0.485204537571493,0.1448970643047999,-0.7366949148187937,-0.035930182457294596,1.5310388464642863,0.29065544531190596
-0.026965002043968886,0.1474164457596715,0.004251206443349727,-0.21443902813400767,0.044451924978752416,0.2999833526275352,-0.1351545928206481,-0.40243246629495916,0.29065544531190596,0.9700062777693985
