0.3371251311673653,0.17778811240842496,0.15184798590399723,0.1274825448910249,0.10482572529220206,0.0836017224691313,0.0635229753682979,0.04432219811731875,0.025838218716907987,0.00920015010291801
0.17778811240842496,0.3303279265372158,0.17014758103812622,0.14325949679226685,0.1178284886173343,0.09397394294864449,0.07140423245868913,0.0498212363018408,0.02904395723648749,0.01034160944863027
0.15184798590399723,0.17014758103812622,0.32173943718063824,0.16049352116319182,0.13240766521983116,0.1056303295311947,0.08026311472812081,0.056002523541306505,0.03264742955451147,0.01162468920075898
0.1274825448910249,0.14325949679226685,0.16049352116319182,0.31088760186952613,0.1482953070881209,0.11869608530252844,0.09021840421103589,0.06295052180279662,0.03669796928729866,0.013066959543184348
0.10482572529220206,0.1178284886173343,0.13240766521983116,0.1482953070881209,0.2971759648647744,0.1328825421184681,0.1013720143978223,0.07075785133671855,0.04125086632477144,0.014688162915625694
0.0836017224691313,0.09397394294864449,0.1056303295311947,0.11869608530252844,0.1328825421184681,0.2798510222674112,0.11340916827717505,0.07949709674711766,0.0463660353603351,0.016510386997086436
0.0635229753682979,0.07140423245868913,0.08026311472812081,0.09021840421103589,0.1013720143978223,0.11340916827717505,0.2579627943689791,0.08882158347657272,0.052080464400664654,0.018557044442817142
0.04432219811731875,0.0498212363018408,0.056002523541306505,0.06295052180279662,0.07075785133671855,0.07949709674711766,0.08882158347657272,0.23034292216139823,0.05802331471373086,0.020835225367058167
0.025838218716907987,0.02904395723648749,0.03264742955451147,0.03669796928729866,0.04125086632477144,0.0463660353603351,0.052080464400664654,0.05802331471373086,0.19599432682690812,0.02309171423675825
0.00920015010291801,0.01034160944863027,0.01162468920075898,0.013066959543184348,0.014688162915625694,0.016510386997086436,0.018557044442817142,0.020835225367058167,0.02309171423675825,0.15931279231596174
