3.340896026802077,1.4197547198876712,1.0215460173692175,0.617662956710856,0.42083832878480254,0.2626261776984759,0.17246216196203074,0.10698774518143214,0.06434325659099618,0.03485822458755332
1.4197547198876712,3.340508483491532,1.4191412747616428,1.0206386931797673,0.6161846394437968,0.4187419158907129,0.2590040753559577,0.16775472630325164,0.09782941250199306,0.05445036845568457
1.0215460173692175,1.4191412747616428,3.339538023995279,1.4177046897451655,1.0183008234592021,0.6128635080608387,0.41301760018701666,0.2515374416486106,0.1532989316039334,0.08209130042989307
0.617662956710856,1.0206386931797673,1.4177046897451655,3.3374140262073033,1.4142421896489585,1.0133944468886193,0.6043773300757477,0.4020065040475271,0.23006867034885004,0.13018944910373334
0.42083832878480254,0.6161846394437968,1.0183008234592021,1.4142421896489585,3.3317831548038654,1.4062349006000485,0.9996125679336474,0.5863622824701247,0.367228046207122,0.19203084569484047
0.2626261776984759,0.4187419158907129,0.6128635080608387,1.0133944468886193,1.4062349006000485,3.320455514497604,1.3865976085251526,0.9742201843129084,0.5366249096789405,0.3140871679364255
0.17246216196203074,0.2590040753559577,0.41301760018701666,0.6043773300757477,0.9996125679336474,1.3865976085251526,3.286749355440966,1.342355616644358,0.8892838189456389,0.44289709046402337
0.10698774518143214,0.16775472630325164,0.2515374416486106,0.4020065040475271,0.5863622824701247,0.9742201843129084,1.342355616644358,3.22997604668389,1.2300121005216802,0.7712219946716015
0.06434325659099618,0.09782941250199306,0.1532989316039334,0.23006867034885004,0.367228046207122,0.5366249096789405,0.8892838189456389,1.2300121005216802,3.0165113860277084,0.9905460241898878
0.03485822458755332,0.05445036845568457,0.08209130042989307,0.13018944910373334,0.19203084569484047,0.3140871679364255,0.44289709046402337,0.7712219946716015,0.9905460241898878,2.7748613016030337
