0.22349735755989641,-0.08560937195713189,0.06694642624962097,-0.05092768940815724,0.03804661007900245,-0.028035547491883247,0.0203453235837467,-0.014331729129515186,0.009277444822698919,-0.004292629552108826
-0.08560937195713189,0.2235399903587422,-0.08565640344070012,0.06698826004443917,-0.05094061778169204,0.03797784333844396,-0.0277737754608941,0.019663306670207447,-0.012774993589620644,0.005949373115579129
0.06694642624962097,-0.08565640344070012,0.2235890970104813,-0.0856933727424997,0.06697957741971447,-0.05081338005502084,0.037580392661842404,-0.026799110030790822,0.017500834578082217,-0.008224633447926417
-0.05092768940815724,0.06698826004443917,-0.0856933727424997,0.22359979921013717,-0.08563021288473621,0.06674227289285514,-0.05019729776366884,0.036176393696263444,-0.023800179674982165,0.011329835111837157
0.03804661007900245,-0.05094061778169204,0.06697957741971447,-0.08563021288473621,0.22341416233195516,-0.08518492155613466,0.0657651220038663,-0.048154122655925745,0.03202700259046079,-0.015529891405995828
-0.028035547491883247,0.03797784333844396,-0.05081338005502084,0.06674227289285514,-0.08518492155613466,0.22257472462867411,-0.08359696684592431,0.06275343717936949,-0.04243127177450276,0.021136967634537398
0.0203453235837467,-0.0277737754608941,0.037580392661842404,-0.05019729776366884,0.0657651220038663,-0.08359696684592431,0.21993009582478773,-0.07908744486078882,0.05489580567917405,-0.028476856802625093
-0.014331729129515186,0.019663306670207447,-0.026799110030790822,0.036176393696263444,-0.048154122655925745,0.06275343717936949,-0.07908744486078882,0.21305080290251355,-0.06836699527918204,0.037794455336422
0.009277444822698919,-0.012774993589620644,0.017500834578082217,-0.023800179674982165,0.03202700259046079,-0.04243127177450276,0.05489580567917405,-0.06836699527918204,0.19855708278322765,-0.04903092765308992
-0.004292629552108826,0.005949373115579129,-0.008224633447926417,0.011329835111837157,-0.015529891405995828,0.021136967634537398,-0.028476856802625093,0.037794455336422,-0.04903092765308992,0.18022173766273794
