0.4595122013150679,0.20664532449201478,0.11572191496806158,0.06490128526667027,0.036384798339735874,0.02037436207297028,0.011366907061003701,0.006266429919620583,0.003320099284820097,0.0014883660282558721
0.20664532449201478,0.45950612463867013,0.20663449099363485,0.11570260100768837,0.06486685233908283,0.0363234113175756,0.020264921347261006,0.01117179094917857,0.005919072839948354,0.0026534588811936233
0.11572191496806158,0.20663449099363485,0.459486810678297,0.20660005806604148,0.115641213986097,0.06475741155902681,0.03612830039722101,0.019917068352797662,0.010552522764804739,0.0047305863614992595
0.06490128526667027,0.11570260100768837,0.20660005806604148,0.45942542365669475,0.2064906172869994,0.11544610296885238,0.06440956781991575,0.03550814809598018,0.018813037064473848,0.008433689130095295
0.036384798339735874,0.06486685233908283,0.115641213986097,0.2064906172869994,0.45923031264129216,0.20614277337521403,0.1148259671681624,0.0633039603282802,0.03353988117037544,0.015035580566356463
0.02037436207297028,0.0363234113175756,0.06475741155902681,0.11544610296885238,0.20614277337521403,0.4586101765269039,0.2050371952903221,0.11285489016876368,0.05979493411849596,0.026805431863282304
0.011366907061003701,0.020264921347261006,0.03612830039722101,0.06440956781991575,0.1148259671681624,0.2050371952903221,0.4566391529508973,0.20152316105866025,0.10659900153537111,0.04778876300597151
0.006266429919620583,0.01117179094917857,0.019917068352797662,0.03550814809598018,0.0633039603282802,0.11285489016876368,0.20152316105866025,0.45037416621674087,0.19036986517268661,0.08519394391031712
0.003320099284820097,0.005919072839948354,0.010552522764804739,0.018813037064473848,0.03353988117037544,0.05979493411849596,0.10659900153537111,0.19036986517268661,0.4305185316852337,0.15225252348555152
0.0014883660282558721,0.0026534588811936233,0.0047305863614992595,0.008433689130095295,0.015035580566356463,0.026805431863282304,0.04778876300597151,0.08519394391031712,0.15225252348555152,0.3583986252276751
