15.713818456774309,-6.9036492028579035,-5.896561139415625,10.053802532785495,-4.107519612923674,-3.4956069345807577,5.2772911114434,-1.890175175376429,-1.0859549829377229,0.898956035165699
-6.9036492028579035,15.490661026633552,-6.793532498493727,-5.747811081860192,9.762503046654528,-3.9728806445565716,-3.2916692187207657,4.897450072522266,-1.7265418126105503,-0.8072299517819431
-5.896561139415625,-6.793532498493727,14.495418845170477,-5.857403471016695,-5.561898525916267,8.44341338690502,-2.779936985651447,-2.99397775122282,3.1512766593595662,-0.209053805139263
10.053802532785495,-5.747811081860192,-5.857403471016695,13.313107658953909,-5.708478946016077,-4.3076312518015305,6.919552098890265,-2.645047493423413,-1.3161551929849837,1.1897543884432649
-4.107519612923674,9.762503046654528,-5.561898525916267,-5.708478946016077,12.930968544317459,-5.476583688753246,-4.099398232036203,6.4187831923567895,-2.356803690873058,-1.0264982933734572
-3.4956069345807577,-3.9728806445565716,8.44341338690502,-4.3076312518015305,-5.476583688753246,11.18204661447105,-3.877453916984928,-3.723434991986495,4.102827514451443,-0.32159040472758793
5.2772911114434,-3.2916692187207657,-2.779936985651447,6.919552098890265,-4.099398232036203,-3.877453916984928,9.21723709591957,-3.6819142107529093,-1.5833085666237956,1.572745432512555
-1.890175175376429,4.897450072522266,-2.99397775122282,-2.645047493423413,6.4187831923567895,-3.723434991986495,-3.6819142107529093,8.557780836990261,-3.2082280015262845,-1.3028278607834638
-1.0859549829377229,-1.7265418126105503,3.1512766593595662,-1.3161551929849837,-2.356803690873058,4.102827514451443,-1.5833085666237956,-3.2082280015262845,5.489938568125732,-0.48316724330563504
0.898956035165699,-0.8072299517819431,-0.209053805139263,1.1897543884432649,-1.0264982933734572,-0.32159040472758793,1.572745432512555,-1.3028278607834638,-0.48316724330563504,2.23067027090207
