6.8546642245681175,0.4210221604634346,-1.7784190893113492,0.17105162951966507,0.420155725156816,-0.10804704163188968,-0.0879147045467439,0.03878629820312354,0.01383216666764003,-0.002305669100785321
0.4210221604634346,6.854717104222732,0.4209848431807181,-1.778606323209917,0.171316057977239,0.4207367218774213,-0.10945881747504055,-0.08935131906420095,0.04529213705386073,0.015516787286436323
-1.7784190893113492,0.4209848431807181,6.854373772960396,0.4213459675548284,-1.7774642846219242,0.16917209219728868,0.41752189581727034,-0.09893886494459214,-0.08307971455459812,-0.0004402728955926137
0.17105162951966507,-1.778606323209917,0.4213459675548284,6.854894870525442,0.4195866492787173,-1.7784473374948484,0.17677946018834315,0.4167199375985174,-0.12870349815294213,-0.061451628316073356
0.420155725156816,0.171316057977239,-1.7774642846219242,0.4195866492787173,6.8514417711080124,0.4287241098270335,-1.7703715062851313,0.13542883231828307,0.41021003886131524,0.03981812937025918
-0.10804704163188968,0.4207367218774213,0.16917209219728868,-1.7784473374948484,0.4287241098270335,6.8496919832870224,0.3934600500756265,-1.7415663714036194,0.2578624337307961,0.21978325326075782
-0.0879147045467439,-0.10945881747504055,0.41752189581727034,0.17677946018834315,-1.7703715062851313,0.3934600500756265,6.8394117051623,0.5401054622620592,-1.7915131862254843,-0.2945395872604283
0.03878629820312354,-0.08935131906420095,-0.09893886494459214,0.4167199375985174,0.13542883231828307,-1.7415663714036194,0.5401054622620592,6.633986695522031,0.08401580803061261,-0.6918224635827193
0.01383216666764003,0.04529213705386073,-0.08307971455459812,-0.12870349815294213,0.41021003886131524,0.2578624337307961,-1.7915131862254843,0.08401580803061261,7.115199392612556,1.6002071641726128
-0.002305669100785321,0.015516787286436323,-0.0004402728955926137,-0.061451628316073356,0.03981812937025918,0.21978325326075782,-0.2945395872604283,-0.6918224635827193,1.6002071641726128,1.801511992305931
