3.1023599034896407,2.305644748473806,1.757800778339468,1.300527454074167,0.9364402981192562,0.6551459599796706,0.4416437348448036,0.2807025665297656,0.1590169590266479,0.06627894209606738
2.305644748473806,3.0971702084226647,2.298085945746934,1.7469442507878,1.2851699493783562,0.9150835273827623,0.6260295493716672,0.40288906841391803,0.23066700485392458,0.0970254710227832
1.757800778339468,2.298085945746934,3.0861585366337656,2.282266666786185,1.7245610692579199,1.254034372205147,0.8726214421382021,0.5694885940713331,0.32985136542630933,0.1401100954370571
1.300527454074167,1.7469442507878,2.282266666786185,3.0634273321731103,2.250095227528063,1.6797965169744968,1.192963978504209,0.7912671765493935,0.4643386440397964,0.19937670968544655
0.9364402981192562,1.2851699493783562,1.7245610692579199,2.250095227528063,3.0178820872741774,2.1867011654453345,1.593277307194525,1.0776534936369637,0.6421366265123258,0.2791306225010437
0.6551459599796706,0.9150835273827623,1.254034372205147,1.6797965169744968,2.1867011654453345,2.92961161082176,2.066178177072872,1.432560641896058,0.8696531391383727,0.38356352937371146
0.4416437348448036,0.6260295493716672,0.8726214421382021,1.192963978504209,1.593277307194525,2.066178177072872,2.764966465994876,1.846485021224129,1.1479973187487884,0.5154939103727099
0.2807025665297656,0.40288906841391803,0.5694885940713331,0.7912671765493935,1.0776534936369637,1.432560641896058,1.846485021224129,2.4715906920381365,1.466096245892739,0.6739078407150116
0.1590169590266479,0.23066700485392458,0.32985136542630933,0.4643386440397964,0.6421366265123258,0.8696531391383727,1.1479973187487884,1.466096245892739,1.977732932482826,0.849464979494083
0.06627894209606738,0.0970254710227832,0.1401100954370571,0.19937670968544655,0.2791306225010437,0.38356352937371146,0.5154939103727099,0.6739078407150116,0.849464979494083,1.205867716462712
