8.41080835326556,4.069678501918531,-0.5229984980430136,-3.234847446314591,-3.1404894886510446,-1.3034290001823996,0.49111830660174854,1.1016859006927204,0.6223605269693897,-0.010132838343543229
4.069678501918531,8.319814463030148,4.031940354987589,-0.4530430468968327,-3.0656659120792935,-2.9647645200817756,-1.2606554106266112,0.3067290699726736,0.737844808548247,0.2935923009120393
-0.5229984980430136,4.031940354987589,8.231396347997233,3.941807835334977,-0.47260524201008763,-2.967197083141794,-2.775212613778744,-1.092860205609592,0.3070253923175148,0.4953862993356584
-3.234847446314591,-0.4530430468968327,3.941807835334977,7.982531657028626,3.664826636837813,-0.5658014932517096,-2.7187630587460045,-2.2335024719056467,-0.5655846438688739,0.38604410845351417
-3.1404894886510446,-3.0656659120792935,-0.47260524201008763,3.664826636837813,7.5573378643157545,3.369662190625362,-0.4334706423025376,-2.074733906160014,-1.3705932170668869,-0.08515721678160285
-1.3034290001823996,-2.9647645200817756,-2.967197083141794,-0.5658014932517096,3.369662190625362,7.208983290835512,3.226637739122752,-0.16328462673336908,-1.4252638135143951,-0.6983699574903756
0.49111830660174854,-1.2606554106266112,-2.775212613778744,-2.7187630587460045,-0.4334706423025376,3.226637739122752,6.783204883791944,2.7365656711442945,-0.34924067949418647,-1.0201852893779555
1.1016859006927204,0.3067290699726736,-1.092860205609592,-2.2335024719056467,-2.074733906160014,-0.16328462673336908,2.7365656711442945,5.589590905647526,1.4917485222363274,-0.65926663989113
0.6223605269693897,0.737844808548247,0.3070253923175148,-0.5655846438688739,-1.3705932170668869,-1.4252638135143951,-0.34924067949418647,1.4917485222363274,3.820618968132182,0.3976290338429154
-0.010132838343543229,0.2935923009120393,0.4953862993356584,0.38604410845351417,-0.08515721678160285,-0.6983699574903756,-1.0201852893779555,-0.65926663989113,0.3976290338429154,2.478028543454638
